47.158316705482974,51.95803955059366
47.12628465171741,51.95518664910592
47.0948456757935,51.925288927720985
47.09129701991265,51.88175203529996
47.09857282739872,51.8842147174699
47.126248449660096,51.94936886542497
47.12662662614865,51.94074749627442
47.088829227299186,51.91319324393053
47.126192760308435,51.9480806020183
47.09527119938675,51.870782757664585
47.09929858962907,51.883838283961076
47.11163602688645,51.89115163668892
47.08155318238932,51.90824928560338
47.101249464738025,51.93639928130331
47.119878700309236,51.896220255161154
47.08377529260592,51.90360504801411
47.077845352894414,51.87753878014598
47.1176834651663,51.90307064356042
47.1088232306945,51.942195342766226
47.09529814871232,51.87837093710261
47.048284014467384,51.860006909420726
47.118581701247955,51.90251546421272
47.08383230253729,51.901666876441155
47.09466573131656,51.92000231248026
47.104815876245375,51.925775032648374
47.107550396366115,51.897725402155736
47.09269689608319,51.88413067047416
47.13445845786889,51.94149007806065
47.13050813303416,51.937582782752635
47.14666169922905,51.98779570062208
47.09088477206243,51.917302178849134
47.095971749978304,51.92244336562456
47.13337768027727,51.91788605501944
47.07904370251939,51.88126967500649
47.106732027415944,51.892053988673396
47.1026229086418,51.92744382999931
47.097792184566146,51.877735170625265
47.11265229522566,51.91240108676447
47.15496958081483,51.94100930192346
47.094437876920914,51.88358206112098
47.11015366885479,51.963244698002605
47.09223020058453,51.93463847076384
47.10004788974618,51.93134781651266
47.10452865911908,51.909564023963114
47.08080893243945,51.879698097631845
47.155056624481084,51.94174347676457
47.08507491529372,51.90457063238868
47.09605194506667,51.87220154294414
47.11451872407203,51.89105867384929
47.125509172251476,51.90775979507023
47.09537015469357,51.9260556334026
47.10310168934067,51.89359707978194
47.12050560278924,51.935278526563415
47.12198386546895,51.90466230216118
47.10349908539198,51.93432191294987
47.0922405322198,51.90573000667209
47.12767207947074,51.93963063401395
47.10581384162323,51.925035809053206
47.11255618996799,51.93586488345494
47.10492853630905,51.95670789482211
47.10109110107493,51.88527413818582
47.10965336396473,51.885992255212585
47.10113315730774,51.92437603686428
47.10540318822588,51.893988507006135
47.124581093884856,51.90749947843493
47.08424537724854,51.8681748558589
47.081122310547514,51.88021350287256
47.126688496414516,51.955344985688505
47.12228955717556,51.96358002774151
47.11559044940892,51.888544836916516
47.084093260005844,51.865899853912495
47.08520945340289,51.90591882833153
47.097129535235396,51.88310385859944
47.08477344227515,51.90562641456738
47.09362186135946,51.87856930862918
47.109220672197125,51.92372091309729
47.11783069559867,51.89433503473358
47.12630224897274,51.92692502195563
47.11992505626837,51.94970204744687
47.106364892007996,51.9068170962857
47.15509599371107,51.938578948732
47.088828028673205,51.91319376476381
47.12130810871717,51.94001084859254
47.10169610349416,51.892274558546056
47.114913104123644,51.936391185731786
47.114966451070494,51.93443530720177
47.10638738834388,51.89821133286832
47.12501463807713,51.92462295567651
47.05519295728956,51.86179591127793
47.11841239968346,51.90184470363284
47.08278393709009,51.880821583005854
47.08250194659063,51.89329270048866
47.11809809859808,51.89714221209173
47.05831508153162,51.85757914249407
47.11161427422822,51.90006108761196
47.14737324164313,51.982351537399396
47.074958658409,51.88279100557879
47.11536896232375,51.93979492523976
47.132744045946474,51.93489921655389
47.11036820169409,51.91005349378564
47.10332531178444,51.915988832131866
47.09924143827622,51.933850080514475
47.095783346181555,51.870910205518896
47.13362658500645,51.910842153118146
47.11995453902046,51.91420707130438
47.12038888472944,51.91076477075161
47.123944277485855,51.94518746093966
47.12617020494296,51.95538321621627
47.16309721352219,51.95267428541629
47.13103074342451,51.922173930616374
47.12091234085516,51.93737422230546
47.09567688738496,51.94417587074029
47.09712421716319,51.87063892294184
47.09764813415344,51.90166439354812
47.09772090123279,51.924063618724865
47.12293937197226,51.927836954846256
47.09895430747298,51.92291606705982
47.122580422467124,51.930324884287735
47.08241146396228,51.90038137968288
47.09917989923792,51.87770113143898
47.07768092811229,51.866964542428065
47.07956160162746,51.87847231783203
47.15268741711415,51.93919543395381
47.11363161145056,51.89448726115545
47.09188911292042,51.91816518620538
47.114935599344825,51.934902398197586
47.106592122607076,51.92285650368625
47.094246620482174,51.92645321135889
47.094435099045334,51.883589405858615
47.117733533132935,51.964864328370055
47.1147671766573,51.899794258082416
47.09827694182266,51.92318640548165
47.09749491490953,51.875505423990525
47.11796513627379,51.92522414191653
47.09740905398597,51.883649574366814
47.10151629956621,51.93400457819834
47.107898111222205,51.92622939547562
47.09624234867452,51.919853175782244
47.12936611114335,51.938445375246644
47.07793113473048,51.882618339293586
47.10332863942549,51.91598176851876
47.15467549389742,51.94197591731379
47.083097836639425,51.91225793676782
47.09758022235155,51.88684539241618
47.097180924142684,51.89913158397841
47.12805765802742,51.94419887635068
47.12078269803865,51.93652990875886
47.094920966356895,51.87680605575454
47.12772259926628,51.94015393956814
47.096282644265486,51.903742458021824
47.089835274162844,51.91074458496125
47.158435364338,51.93283984740499
47.09120714708116,51.88393713756332
47.129085324658305,51.94793509037032
47.10327360082982,51.88855390370866
47.13337909138354,51.912817620032136
47.12003766209826,51.93528525633551
47.11111437390551,51.912592033211794
47.11755863115575,51.91290239141317
47.078458161585004,51.86683775175964
47.111635479019455,51.891148965064275
47.10536926480617,51.92941001848258
47.1053287426149,51.925233999985565
47.128176710783386,51.939636895288935
47.107084085289706,51.921495231564286
47.12595212204211,51.945008169043454
47.11748331797831,51.901877535954526
47.116863828144,51.90487136796566
47.116780852685444,51.90561311699336
47.076842258765275,51.875780028977985
47.12360457570221,51.906784437074634
47.11939286026635,51.910632436318004
47.08082852654997,51.866244242195634
47.08868341633099,51.90948373063111
47.115340790188014,51.9272826146994
47.120562689169915,51.937039308717985
47.111581706102996,51.89562646981425
47.10069761461312,51.92520236339957
47.098489150907405,51.890044119873636
47.08277877891399,51.88081740860792
47.10482308168051,51.92771345974353
47.107072633671535,51.92963595115112
47.0983553368691,51.882712682472096
47.07749348577994,51.88856235621036
47.09274127365972,51.88213117696976
47.1219398974841,51.91271418780209
47.11637357438384,51.94972495342525
47.12585162609409,51.95208520488171
47.11326340604499,51.92180463326702
47.12701989300675,51.93336182691937
47.12937927831048,51.94366716158484
47.08292906121798,51.90139262813569
47.153308883993645,51.942375022041325
47.10967474101606,51.93883560781527
47.10795507245621,51.8867922894614
47.13131174678747,51.921631582691305
47.12626099747224,51.93306914677823
47.094614238784544,51.87718270945988
47.16312689037362,51.952691001843114
47.13385196826858,51.91281202723605
47.08350137787032,51.89286595976756
47.10882066089977,51.93908091770327
47.09271825172393,51.904430207530325
47.1322326067639,51.90541948462496
47.087958423429086,51.9059693181517
47.126021243855234,51.93986413817761
47.123986736074166,51.92285198272051
47.08254900510263,51.89880596256765
47.07733546591402,51.88003532673535
47.10909590388924,51.917014318912855
47.07696744119009,51.88361800553156
47.11761292491268,51.8996854595616
47.133617863977626,51.91125556592203
47.147323708206436,51.98434667830156
47.10845041120494,51.92584470479956
47.10957774682565,51.9529222538198
47.0885002474535,51.90873653120218
47.10975865914916,51.92921374317311
47.086066429240724,51.86943167582418
47.12508112747792,51.94102572897782
47.11069688127679,51.938702131627664
47.09927256020266,51.885399164515654
47.126689113586636,51.99582132091511
47.07496039348181,51.88279042485595
47.10626956151596,51.921426362338465
47.063027351510044,51.86931313077276
47.10079464755795,51.93107043935555
47.11294012034693,51.91200114564319
47.1167800837595,51.917713326513166
47.1545262516641,51.936791909666
47.12620798446204,51.92764990928821
47.09409981605006,51.8707846066598
47.126189343578396,51.95539015588568
47.15327640362389,51.93720525210576
47.10753675140621,51.9064229650031
47.0688962289852,51.87693585324908
47.12968876294488,51.94792168902732
47.11690644475487,51.93390483846201
47.120842044504855,51.91370532440186
47.10898171208818,51.906516121617685
47.11519342374839,51.92352823067478
47.099199925051416,51.881255810249016
47.10410115599104,51.921526168504904
47.10942727886183,51.95263482436983
47.11800465514725,51.89908854703704
47.104791916104105,51.903521292654894
47.09810434140213,51.87722926421088
47.11985210221573,51.927925766246396
47.115442667023125,51.94824599594214
47.12581822019269,51.948643074225586
47.10680561950817,51.941101131825185
47.09598409301815,51.88053076326389
47.132014959424794,51.93469220596092
47.053423997628435,51.86220335533204
47.099176884579556,51.877707095853246
47.0792764167667,51.865374765062825
47.10251236745515,51.92484017346734
47.12474522164176,51.92837860045635
47.104985646984964,51.88617187987674
47.09578449865806,51.8709144269924
47.096694032599125,51.8977167812565
47.12595141224507,51.94501399043489
47.12806348466646,51.94796842986924
47.0933243594622,51.91738694272604
47.12913564806602,51.95071930303062
47.0949631578071,51.9048386247803
47.06640736610903,51.88458795601539
47.10804709091162,51.888511392568425
47.130210010249996,51.94625365477926
47.08492539108682,51.899046539350785
47.10995678908313,51.94300853733767
47.122056028249915,51.92140258376446
47.073794135004206,51.89060537635497
47.11840794737069,51.96646722620121
47.10828877904893,51.91494465005209
47.11932454668839,51.90516032692418
47.13086147630821,51.95851290539828
47.141081646252424,51.96900112831622
47.10394575435209,51.890070689712964
47.11853796310617,51.9342982683779
47.12328010901347,51.96270299309396
47.09317395785782,51.87719811928202
47.12118360141717,51.90535954597986
47.1149669693437,51.92960978223171
47.10611510858838,51.9228562830352
47.07696174635827,51.886926242739776
47.107597309238976,51.886865724725624
47.127732895703375,51.94868945254646
47.10845088183329,51.925847526468466
47.0964528121965,51.869464282946716
47.078896013670835,51.877298363074246
47.100395303096626,51.9219541910636
47.09373122839253,51.90216753128201
47.10027305337417,51.93542512276371
47.07239075775037,51.88031874355479
47.109245705422026,51.94305973490929
47.068834754798175,51.89233366142167
47.116801919739714,51.931693170222374
47.113349452534756,51.955578556405044
47.124771823479875,51.935532171003054
47.13001658249997,51.93653585874841
47.12991953587599,51.93627036869219
47.118851349958796,51.91409661079
47.11572421689529,51.88806376365591
47.11075050131202,51.89348326108626
47.131499921442895,51.92439515138915
47.10809290291049,51.928281825852046
47.126713626919404,51.95550884197404
47.08224843929946,51.910524811262185
47.12502312400311,51.9275435059218
47.09286865536773,51.92134158869277
47.112590114275044,51.937107714582105
47.088168204204365,51.900908032542674
47.077699584538166,51.867408231314116
47.07602241420735,51.91900093477113
47.11600910303524,51.91710717725995
47.10157951421036,51.93200295299682
47.107655536923275,51.92237020133108
47.09006427108258,51.914466456668364
47.08944474734256,51.911721547304836
47.10113160143462,51.92438207225229
47.075565133981556,51.89169816721645
47.15441956194297,51.936064842004
47.09336853521756,51.9223220274988
47.1027589849686,51.9240102197148
47.12875959280829,51.93816019162684
47.12645428865103,51.95540885369547
47.08463951095779,51.93272362438882
47.11933446904389,51.91005244264066
47.097844267257315,51.883343366757195
47.133033884162344,51.918375323203804
47.09608234637898,51.86628558074421
47.15368957918298,51.9393078798214
47.128222275330835,51.94220632093039
47.095072125492415,51.866063871104444
47.134172821655866,51.90952555586396
47.10090581193555,51.932898905138366
47.11623077260342,51.941021622056795
47.08625901584541,51.909469485259606
47.08910686644808,51.90841792912372
47.09496920280142,51.867157484432376
47.09529836384814,51.878375153490985
47.10270782912898,51.91588209329237
47.09528551080631,51.876551991668705
47.07365885808061,51.882824815984556
47.10548206561082,51.925874773471996
47.12056059883491,51.92449835909861
47.10242659069718,51.929294973070306
47.103498703373035,51.934320620024685
47.1581777369889,51.93289396527341
47.10876611054737,51.92385643385871
47.094124892437,51.86671593437649
47.096117048685045,51.868034129791404
47.127662648724964,51.94129279918804
47.12281324914446,51.90615513375395
47.133386344549436,51.91568997437829
47.07728988857894,51.88061918546475
47.10615238706022,51.93029782298706
47.09734450248988,51.87664028951894
47.122110669281874,51.96409397780165
47.09528762643549,51.907239530972134
47.08173799206375,51.88104205839532
47.15420789771985,51.940899584358995
47.07591728608913,51.86263282287613
47.08648886127793,51.86824992656795
47.11826906087471,51.93575634628086
47.135390109454505,51.90968545298083
47.1045256066812,51.90956471336776
47.098239626954886,51.92708711960557
47.10675208016922,51.90407584106386
47.106295881351144,51.897281844647054
47.09463317683171,51.926054566578294
47.084235337022704,51.89762296018124
47.12725388509167,51.95950633722915
47.138352766549986,51.91763648412495
47.06390689543074,51.86272987568507
47.094521570393404,51.87803898976718
47.10129095394961,51.92471334542057
47.12638173996073,51.947006714850986
47.07957107462141,51.8762128701042
47.09752512660608,51.87817102688984
47.12186966435023,51.9120808531589
47.07748741232674,51.89290347826442
47.056640635186696,51.85911403430566
47.099095937280474,51.92741496225118
47.10399861719015,51.91087710435658
47.09090725505632,51.88089344949281
47.10754443825954,51.92561429644986
47.08277596958825,51.88155608510699
47.09841649758469,51.876712455569624
47.10310532108672,51.882817723521185
47.076875308557526,51.88168203523237
47.0974976003228,51.875501680567105
47.077061712270414,51.88115880007688
47.10808735542701,51.89762880679366
47.122634929231644,51.92297091980553
47.132292805261194,51.93444351216979
47.125828513006496,51.95521765816785
47.11085477336742,51.939085991586936
47.09226837288457,51.92104380537711
47.078239648718196,51.88238652138043
47.129025418970166,51.94050884004356
47.10481173565906,51.93069467141472
47.10954758512959,51.89226228938177
47.12026333211453,51.91353036507796
47.12997706022308,51.90814022112924
47.09784515334606,51.88334695940109
47.09100122165147,51.9083348401862
47.11684341817202,51.893600491025055
47.105838958260726,51.90531537120862
47.13048646517679,51.92178544263274
47.15568166099527,51.93666181206192
47.1177687584621,51.901297480338876
47.1538656229358,51.95011330629227
47.09833847043599,51.88140064480099
47.09562230363457,51.908541433852534
47.10578467444467,51.88514020255148
47.12383486155084,51.926770356153625
47.09177944323316,51.88087429460952
47.111445630282965,51.891794122777426
47.08654782780422,51.90859646391397
47.104118600317115,51.907250816380014
47.13640168418877,51.90620416946855
47.126177937348835,51.95543363303185
47.08398389187551,51.933978214332384
47.1225331762821,51.90675895927317
47.071883254690135,51.88322132293382
47.10730095811918,51.8858860908233
47.10882343856495,51.93627394653398
47.10498552675364,51.886166593635664
47.09177703166873,51.88087927656618
47.07143867520818,51.88872099020233
47.09336458694865,51.87022777093482
47.12775088779996,51.95526002090887
47.08477269379203,51.90562207855035
47.0593448995263,51.85901052065536
47.13304833201196,51.91705880063455
47.10230412499689,51.92720141601953
47.08370157922714,51.88790548368349
47.12707988076292,51.94020459638627
47.15128268079829,51.98928906890332
47.12180775944692,51.920776715339436
47.077650308706055,51.88298638902741
47.10049702583317,51.929560685753884
47.11559666987139,51.93984145546544
47.085593982502964,51.910078973047284
47.0958380590892,51.876013344876895
47.09927172021531,51.88540044646463
47.083473144165524,51.867046824305575
47.12203897662399,51.91221024089722
47.10809213847675,51.928282579433706
47.067287351946646,51.858594207303454
47.11830008742058,51.95056013352272
47.09567416786168,51.9441763277515
47.071647969958015,51.88918403813401
47.11862318888166,51.92516965799341
47.095058957223905,51.8843281041678
47.12916610837006,51.94950932773285
47.10992008021461,51.905309783521545
47.11940529479523,51.9133406785413
47.120835379584996,51.89783994220966
47.057624782868345,51.913319769287625
47.06996513066356,51.87765390806698
47.09094621311363,51.86583076192956
47.11617711267411,51.9049784157684
47.10451521549799,51.91147432475946
47.15822200702584,51.95518242252601
47.11350259404452,51.972140796965
47.102147813948456,51.934291148202846
47.08155716772151,51.90825269317135
47.114282985788705,51.90685940294453
47.12708885990968,51.955716324230465
47.12581386349238,51.948641920619636
47.152527063952604,51.942748152406644
47.098236933446564,51.883496387859644
47.10547938137247,51.92739609437495
47.121153195194225,51.93729485161962
47.099093527823555,51.927409308734994
47.122294471228365,51.963583362528205
47.12834279158586,51.95817681786656
47.08570406737352,51.90701182170723
47.13029674472326,51.94552326264581
47.07762575232985,51.884265089035345
47.104011360459225,51.91015818447315
47.10426787837588,51.928458077928994
47.10079072148467,51.93106905416739
47.1055221495952,51.88904158620787
47.104002270509035,51.9108824134725
47.10319728152934,51.91283550159309
47.10681191132966,51.93885379746508
47.06184479087242,51.893821106612144
47.11975651601026,51.90929792048781
47.08462327211834,51.8975202592759
47.09580925097275,51.92509053298388
47.10126849162695,51.928016956992465
47.07592305499438,51.88181407897458
47.15143422170419,51.99459107887315
47.08211509992508,51.898669547038295
47.09288827230975,51.92013822602928
47.12124397552168,51.96333321497608
47.11424300427309,51.95126006207388
47.07684207692083,51.87577737200188
47.08270829182558,51.932223502800376
47.077757295953255,51.87878742250506
47.1232685112194,51.94894663842998
47.087865037558345,51.90385663023365
47.10096263600934,51.92875207286642
47.131292860111856,51.9488020232237
47.106293998962336,51.88420325549533
47.11821383624542,51.91654922389081
47.10925515120506,51.93132761589663
47.13459082225074,51.91868272015407
47.11901702616762,51.942394056196505
47.07314667226967,51.89091528476739
47.10196620799022,51.92494525811088
47.090109037999774,51.909410574877654
47.07144938667526,51.889517735605615
47.100100687375026,51.88222480329778
47.07760242776679,51.879289348335455
47.103694217340674,51.924131210421194
47.151508413446194,51.989996425437944
47.110553081197885,51.94330193065991
47.12041372305467,51.89920154372767
47.08950488553208,51.90706940876307
47.079706171631,51.86750509593213
47.09306957837657,51.881827383437816
47.09738886686013,51.90067217870408
47.108766159511546,51.925267959756724
47.09777809926886,51.871635699015066
47.09425343616195,51.91881375552945
47.09724676774161,51.90097535361353
47.11567070216139,51.90865955667028
47.106709887072874,51.954652751888005
47.09841271375374,51.876710708738806
47.134880141610374,51.91748150310872
47.10808638946111,51.897632142297155
47.09825568588347,51.898169421028456
47.103753790653606,51.90558446166193
47.15309449040736,51.94121708969387
47.09895525765362,51.92292037374511
47.12107232871593,51.93753333085066
47.11196546697154,51.95309539986563
47.10247093619046,51.91307828475667
47.122459156878854,51.91033172328377
47.08673384835517,51.908968770221364
47.10351337124076,51.932120242946446
47.0927446849176,51.88213003156267
47.09734498113244,51.87664429194429
47.10158151710267,51.93200522590142
47.103102626374266,51.89360146345595
47.108326064046636,51.929219969752104
47.11151267513857,51.88785289325191
47.093174137325974,51.877195396294745
47.08980034895896,51.91598242585022
47.11249483867589,51.888374948408526
47.09243684646901,51.92048436992331
47.15457545885397,51.94325673167251
47.11729297859862,51.88864867557355
47.07638368571669,51.88516919438937
47.11008309230287,51.940240243551905
47.123724672167235,51.91304424125839
47.145799302705285,51.97928136780578
47.16298537988515,51.95271115799449
47.10873856615966,51.88699234224559
47.126995787166976,51.946862331214454
47.09234684007699,51.912725505830544
47.099367562552956,51.86921402653376
47.11380155990134,51.90721878922096
47.0893460865388,51.91424720336248
47.118088899705306,51.89596698523778
47.13274248290452,51.934904680672595
47.10826410494918,51.914578986678244
47.12238751324489,51.91227516959401
47.117451546322684,51.91291125191412
47.12000141730981,51.92861881485954
47.135237333680095,51.95581403029698
47.09383234499444,51.91881753634086
47.13003423969225,51.94469607044098
47.15296039061708,51.9369948010399
47.116628747317506,51.9112631966182
47.10357486683611,51.92487379412866
47.10078143534718,51.949231750830094
47.1192114174201,51.90878238473952
47.115243858719644,51.916009344927936
47.11522245078349,51.93958200573335
47.128632040152816,51.93665762946921
47.12490073617574,51.924257924314325
47.15457353732691,51.950780818884795
47.07295541784135,51.87880291890182
47.07653231779716,51.885973448669006
47.086003407168754,51.907511110689136
47.07916965490061,51.89427417796166
47.10366286982887,51.930151948218715
47.127038185414264,51.94798886827681
47.09528852125893,51.876552256535646
47.112897908196764,51.90083595476615
47.12152810991158,51.897584617563346
47.12125638800402,51.92040907739652
47.111967095903786,51.95309627481391
47.07273944166829,51.8619611436769
47.12869628399435,51.942536776755276
47.1285934203495,51.94478234008292
47.103071445435276,51.93259669553737
47.0985408518425,51.90093925111843
47.092623846212774,51.935008427627494
47.10105712025308,51.93605566947239
47.13072961112517,51.94587059292535
47.10414418407171,51.929235391217915
47.098416638123936,51.88548998601758
47.09948935936901,51.86975764132006
47.112646310138025,51.95607346208532
47.11864254271469,51.925801314395834
47.13319411883631,51.90979310367334
47.10966817868385,51.92045472614968
47.15120459032325,51.98883785147066
47.12686134681117,51.93879395862002
47.12954895493738,51.956495313181705
47.133409236924905,51.911902071234664
47.10545831917366,51.94508327851823
47.10841646461908,51.92174243873631
47.084629523960665,51.903659949438854
47.09226623076382,51.92104180406291
47.06352869753783,51.89233476443681
47.081208900862315,51.926645218829115
47.1002013364775,51.886852485538824
47.1009113354418,51.9279475462884
47.117111098221734,51.93253737173832
47.1067768634701,51.92248154520805
47.12398263893632,51.92674202678235
47.080931253792926,51.89636922827727
47.10879981537871,51.938188435371394
47.08011960709349,51.880783366506634
47.12790408960369,51.952277615795424
47.08983135744998,51.910747098953614
47.10926435682344,51.93467271039488
47.126471873898346,51.93969045512253
47.0933459429688,51.92103781931228
47.12628482793514,51.930778429296986
47.12876536077199,51.948481886350535
47.10303998792446,51.91210653099217
47.12708681857135,51.949811554932644
47.083144500684256,51.93341605664604
47.12215941501241,51.949035511142675
47.115964393475004,51.95192840762405
47.15818204246353,51.9328969602458
47.10695082699283,51.93078915625203
47.081550129266965,51.89753586960418
47.10295598879639,51.90639034819153
47.15352575947675,51.95102022501717
47.11623609326588,51.90436321672689
47.11015172082895,51.963248903197986
47.08015877824394,51.89746154121041
47.11385442525822,51.94390910620773
47.093730277674034,51.9021691695229
47.13103106873169,51.922173371717115
47.091245686443706,51.9366866998924
47.10320249347281,51.92926667297899
47.10193326343986,51.92454135983313
47.10030275737824,51.91234488081723
47.090458558277135,51.91214645265903
47.07784472689205,51.881237266873164
47.11486684001787,51.9390299316662
47.09159769444355,51.88304643289794
47.12166074661537,51.936879949748004
47.0890888145337,51.90541480582674
47.083980305021676,51.93397437710726
47.10992085087659,51.90530410211674
47.131394712253005,51.943903494255466
47.12221678007735,51.92127336655615
47.100436175630875,51.91362703150888
47.113078261235565,51.910087434737974
47.11625698026598,51.908361858412576
47.10808417264186,51.88592897904135
47.10567316272771,51.885948577705236
47.11768050561608,51.93498388333496
47.10972989177196,51.897342321605024
47.09820272879787,51.87189255898919
47.120053547107595,51.94967830663753
47.11765629550141,51.93922027457208
47.09417088913686,51.92495549785566
47.10695547925938,51.930793439039185
47.10014573426233,51.88373434540771
47.130637531049025,51.946271704402506
47.11351065580908,51.94308246522649
47.10985713568414,51.95000460892013
47.09212966882377,51.88059923607667
47.13380774706008,51.91675875571119
47.10624647437535,51.90498685322606
47.09481937114438,51.944947671720435
47.07766434533045,51.876004615171766
47.068767045038875,51.89172617591214
47.10183263218692,51.89397181946017
47.128423456642615,51.94370658602805
47.1041460724489,51.929238347705244
47.12956633323307,51.95177916769341
47.09090133348003,51.9029765743001
47.10409554399107,51.923896017364065
47.133409432484754,51.91356755096893
47.10183167838099,51.893976753283496
47.102577906765205,51.907163599688914
47.11443351290352,51.926827215196354
47.08848319971906,51.91276484941919
47.12687244810192,51.93224269229708
47.13374183563344,51.91039356402902
47.100503105828274,51.927498204941216
47.10716008628536,51.9452366321848
47.09661244322491,51.8747302309369
47.12412861187062,51.92841052152767
47.15535532181449,51.94079141745185
47.084638005279274,51.932725958998965
47.122573297965154,51.94890311103373
47.076485885371966,51.866201630684024
47.15493487826113,51.942612895576744
47.11366044130724,51.94399946344582
47.09428248493591,51.88528448788419
47.114011803559194,51.94422792690239
47.10492512152686,51.9441209452556
47.056801567479994,51.86076306854866
47.10361704015842,51.90731773438524
47.10565641889702,51.906253582703734
47.09608470567073,51.86627944368494
47.090064284803475,51.9073344710941
47.09749776934472,51.87382381547366
47.07591730466395,51.86262650571164
47.07515425914532,51.879323077270826
47.07620677080399,51.886923977443566
47.133402858777835,51.91252904756361
47.13023708939656,51.946430118427095
47.09462217173531,51.943447072747645
47.119520047890276,51.91008386134369
47.11411869031608,51.892239702371626
47.12594054983572,51.93145349441677
47.09661536711185,51.874724235807996
47.15191972109304,51.94214378913271
47.10918033620091,51.93747999838686
47.1211637320719,51.937304618725946
47.110018909704024,51.91666887356448
47.12443719358456,51.95474888850754
47.090142987374634,51.91462574590961
47.12782670396381,51.94575292494141
47.09130935348848,51.91298424280164
47.10413915316807,51.892235359225324
47.101921632598376,51.9277798201501
47.07231727451875,51.88052084148667
47.09356614805683,51.90186605042055
47.07729051532577,51.88061386982067
47.07835540596374,51.8758871241329
47.122892887694924,51.94963037927529
47.103435569172326,51.921438956866574
47.12899252698314,51.937535294827136
47.05484380443597,51.8610344116314
47.0959113417762,51.89990855323102
47.092119455530124,51.90769164291293
47.08637436206719,51.929033250294026
47.12908656831615,51.94793034410846
47.095096848040285,51.87966342515782
47.13304705441902,51.91615701177207
47.119938705567094,51.911875702638085
47.1256946096369,51.90735205243781
47.093323965964196,51.91738791002634
47.11016293081886,51.90295290580558
47.06804233580353,51.90168220196119
47.0948865932168,51.90607560497955
47.09463150883287,51.90532691968232
47.10250910238225,51.92484104972848
47.116757331914265,51.83974473728737
47.10165051151567,51.88434649576295
47.097123018962854,51.870645013482395
47.09273550324606,51.919835460363984
47.126075472243926,51.9559440289175
47.10432923680214,51.93194394999163
47.09998651306829,51.921838510843365
47.09386281962155,51.9233133419304
47.123858423028906,51.94997441555088
47.080484631506685,51.87900073087706
47.12139147153627,51.92081915181885
47.09609791026272,51.87557856798358
47.12560498493432,51.932870397796016
47.106561064754246,51.90926406286012
47.126215151875286,51.95538165907711
47.12063883964437,51.90220082806242
47.094552608126115,51.86673852080042
47.08694337745908,51.93037931965749
47.067747805088835,51.88760448522647
47.097580698621485,51.929340444742905
47.10480503221634,51.92969182545321
47.109662136804204,51.93902877942245
47.09662812227097,51.87298922117297
47.09247520011188,51.880287173214874
47.152671432494444,51.9398517955234
47.09281661056866,51.91914298208855
47.15369397178688,51.93931054303934
47.11791810940956,51.91142016992839
47.08534617814654,51.90274717899026
47.07802079462149,51.88168530546575
47.083192138950814,51.901927643258524
47.11811226925454,51.890740989710366
47.11900128868646,51.928576316875834
47.08237940277392,51.93159537754303
47.12926254909478,51.94308327093047
47.09462999856003,51.92606130628136
47.10366127460733,51.93015898268856
47.12032220172415,51.90788551261919
47.103203751428566,51.93063408523289
47.084441483467145,51.86889416771762
47.101195998786714,51.92371403612717
47.11932857471736,51.89304197650183
47.1048161160292,51.90132947721042
47.128662752247735,51.933923013030814
47.15452367579443,51.936793745222495
47.13154247549081,51.906294783521204
47.0936207082401,51.87857222896758
47.104622921212005,51.90553588569284
47.06969571675682,51.88722627639988
47.123667404475945,51.927833683670556
47.0992643869427,51.86656124295065
47.112527279205544,51.958277080675074
47.09110883519533,51.90597790143415
47.10307674242788,51.95534501070871
47.11446331576125,51.90097815537757
47.11434811606932,51.91518227118937
47.1016985269338,51.89227604119732
47.106591095159494,51.92286044381891
47.08937550383133,51.90456177899459
47.0986473381003,51.92478080073838
47.07995641243452,51.87657180507435
47.15365934236149,51.93756764700649
47.113495514183526,51.91245599238204
47.09742525127979,51.884425910894116
47.09452349228263,51.86737009252625
47.11995524915785,51.949803346534516
47.09362424434793,51.884530439344346
47.087106937016664,51.90857947712821
47.09357546733344,51.8814453946902
47.11644137473223,51.91321811987527
47.0696915862505,51.88722406038453
47.11592882135142,51.91309173007186
47.09382243336727,51.90586616126028
47.074996448208175,51.86587808865676
47.11503084821111,51.91738428880777
47.10967045369752,51.89335651013417
47.09839811603752,51.88705394759184
47.12213055525374,51.94749014261538
47.08894430507837,51.862790242961886
47.05865851544124,51.85798802165917
47.12692182224308,51.953143164488544
47.09286467382288,51.92133688022865
47.107934438838484,51.906971085906996
47.09517931099892,51.906442990141656
47.155397220899985,51.99775286914701
47.08335032968568,51.932841713930195
47.11056810054189,51.89123983291962
47.118288312682374,51.897555982143935
47.12716231273315,51.948065367019524
47.12326760510885,51.94895090483496
47.09752580206033,51.878168396481676
47.12180650387547,51.920781517185624
47.13341229019,51.912210726504796
47.096727454006945,51.90405982284312
47.10002547537478,51.93310723437443
47.101417115638455,51.93555722776192
47.08238415694359,51.88190274673729
47.146142436373765,51.979024088841086
47.13683488058279,51.914458874252375
47.068390210053906,51.89247750210802
47.07565582686186,51.86228583986398
47.13562826562854,51.91684936306624
47.11354544830906,51.9218748747128
47.069080953321524,51.85534289431186
47.11256792442585,51.93567169713263
47.12414271443955,51.92509443397778
47.121388691197645,51.92082666895392
47.10359935777624,51.928450869489126
47.10062772939162,51.93239588766117
47.06960278221842,51.861740671611315
47.09343004340651,51.885265149643374
47.092696286362255,51.91119053152727
47.153338483099,51.950565286113346
47.13149898637662,51.94670295286209
47.0861965811244,51.9103724853097
47.12748556807551,51.95908712305847
47.1188358114967,51.923561921571256
47.12674381049843,51.95099757549696
47.12395731129949,51.92842657571554
47.09270081533503,51.884130675346846
47.07436725474951,51.89036401759493
47.09540584748614,51.868520726513665
47.09562677340124,51.87857099014955
47.090696695939904,51.904117926445316
47.11585753930295,51.935615256918695
47.100931868385366,51.9346849250912
47.07438084746525,51.86472448359981
47.126598442939674,51.94886226293946
47.11336834280277,51.942626316299
47.15625721134457,51.94080315659825
47.10466295702185,51.924997797109775
47.12651170458113,51.95542967277674
47.1179701344517,51.92445639009914
47.12778642703434,51.943357797373054
47.12374105764314,51.9223426003461
47.09417233040507,51.92495652617242
47.089141046853165,51.86863819047967
47.08976080096003,51.91367841174502
47.12699916329375,51.94685833123296
47.125602458732416,51.92305247774483
47.13304192525145,51.91732555807419
47.09583980385002,51.87601112070331
47.119159243268975,51.94390939211875
47.11146285796101,51.95217540174852
47.127136881781624,51.93565368380999
47.12641223536067,51.95601853015025
47.11512059941867,51.891890512941956
47.10021902434169,51.920947851072924
47.072397364907324,51.86330987972621
47.13535971674388,51.910598931357704
47.10477552052699,51.90901407416845
47.12640221179,51.94258247488908
47.09527695720832,51.924261069253156
47.153295832205046,51.93998093629469
47.10057007697961,51.92272760525547
47.080680024493084,51.89687250326506
47.09842666382842,51.92989193868681
47.068811870776415,51.88444623791565
47.11743599902986,51.90652335491749
47.16317764148869,51.95272727110427
47.09945031375029,51.93206632528654
47.12638783552544,51.930320411329795
47.127476247730925,51.928272408398314
47.077757264336235,51.87878487195696
47.11755852351794,51.96439760629587
47.09143869270092,51.88117460096117
47.090960379642404,51.93828036383088
47.108311686025154,51.88710823925558
47.07354752942102,51.89032917152412
47.09216886858056,51.91871406833469
47.13804837181696,51.97120453395112
47.08132642759885,51.90884507716841
47.13373851261004,51.91039465744425
47.10014943589411,51.88373183471702
47.11809706387846,51.930664181422785
47.09671512426659,51.87059981580636
47.09362526561831,51.88452534229863
47.13248466054045,51.94482794761269
47.118477955917584,51.89368049184583
47.08672339875907,51.90953832908136
47.095957424874555,51.870228153575525
47.10995147229085,51.937676020487274
47.10394231745356,51.89007685697102
47.08318381483643,51.90009159165003
47.10328161864561,51.92410894775888
47.16310581610864,51.952671449054954
47.09437609502937,51.88071774455327
47.09527508776922,51.92426085953516
47.09275435602122,51.91824081889076
47.07687389767907,51.88168122455725
47.09655069453032,51.92860182538466
47.10199323457184,51.92387310947735
47.09993949364833,51.93406182581842
47.09466981251947,51.920001860554294
47.0993844744708,51.92243390898055
47.13528157904886,51.90697149430408
47.095326520942876,51.90278231144107
47.09560157476434,51.907062682093404
47.130841915056926,51.922367792540456
47.0892582621614,51.91257154540904
47.11430113944157,51.892638071471545
47.154808127802916,51.937038132446226
47.13005628805394,51.945840838747934
47.08485023827934,51.90410885652923
47.09758221874969,51.929336427914485
47.123724952532136,51.913038577192715
47.1176623633205,51.938747305991875
47.11920545801345,51.91527380081971
47.09269549889292,51.91118930126919
47.15325413544877,51.99295950197742
47.123934490303085,51.927845653897215
47.073442493744956,51.890961377543206
47.102627581856616,51.93306054233099
47.119575114772125,51.938847511789795
47.110281157950745,51.95419238858459
47.085560199529596,51.90551249271124
47.12332296827993,51.939612004584006
47.126233804618295,51.95568005297648
47.104700488376686,51.9123264370843
47.10867398581401,51.909529165960805
47.096276547095385,51.86877538654719
47.1162795954943,51.92875742652208
47.09921026992145,51.9104960139175
47.090536825037496,51.88764920365791
47.11334969947265,51.95557849897083
47.11963557245136,51.94395108049118
47.068424884986264,51.8761992790076
47.126185669733495,51.95548404986841
47.12772250445625,51.943844114805266
47.10502205733016,51.94423407416127
47.113779542243996,51.94430441368377
47.09199041663617,51.90865783474818
47.089857102046025,51.90884057075596
47.10295165554509,51.90518741160397
47.11136288923449,51.953754697872334
47.12364542677565,51.91105229950592
47.090426927589064,51.90853996679812
47.1188949766773,51.93619007640709
47.153048564505674,51.937656445144555
47.119660656428366,51.925137801449814
47.11617438095284,51.94159619635217
47.125926298228016,51.941863716842704
47.11444028666167,51.901602348924726
47.12862864533536,51.936658197692374
47.08278472228935,51.8664199136914
47.11255096550116,51.90238418895167
47.127070760889524,51.93420523730246
47.093073347251455,51.8818229930557
47.11314123821113,51.95039192549127
47.09061295694716,51.90704574625923
47.07556366758219,51.89170508757998
47.10481885217837,51.901325000498986
47.12649650163064,51.953675296627516
47.099374116061064,51.933028111909906
47.10091146009914,51.92794842233504
47.09545415430194,51.901163536919505
47.10606710124313,51.885232896329256
47.105751120266795,51.92786238347094
47.09749892132135,51.90036875644971
47.12674349379441,51.955644657492535
47.119402118717765,51.92625197617898
47.09695593238514,51.928046042430964
47.128296212096274,51.957755192566346
47.10679014321416,51.914803751698976
47.119197652656496,51.92581964153917
47.10165023151083,51.88434895462656
47.1266456750991,51.95547825075349
47.078938948684616,51.86382321977866
47.10536470118195,51.92940590127309
47.09468428380236,51.94247799475421
47.13425268567992,51.90403698278313
47.10089310019053,51.92365339559206
47.10481942096442,51.92577478816584
47.100314094316516,51.95196212910736
47.121673776420955,51.92163211087305
47.12154821068255,51.89652669876111
47.12582170740724,51.94078076783065
47.089684571813315,51.91493563280882
47.0860754421199,51.90910335650177
47.101696803832,51.92381304680511
47.09709487320638,51.90190249544796
47.12638700170619,51.95638433596302
47.098427384246136,51.92989040448837
47.1236751760334,51.92841368895198
47.11073873768357,51.94056700248438
47.106723284342635,51.94255055161896
47.132001776076685,51.93454881427428
47.09410873244506,51.91620296137303
47.094779393529144,51.88321782332987
47.06762977873311,51.896232307908825
47.108767540768845,51.923850368731024
47.11958764383539,51.9014057380378
47.117925467606,51.96532513559711
47.12662407042401,51.9407537248568
47.10093339363479,51.921003156186046
47.09713599420879,51.92372704262888
47.12370700226758,51.9366365083529
47.09281523145589,51.906409129741625
47.10358911139151,51.92353097048495
47.09747850613117,51.87233461945998
47.10726541949752,51.939487246083445
47.07008559021091,51.877323492685
47.10230533485455,51.927197968119145
47.09713351735836,51.923723927300976
47.06468123031435,51.907007156289175
47.15301977996436,51.950431880564686
47.12925876295735,51.94308588240207
47.153290004468936,51.99260327115949
47.12335939608303,51.92171239392185
47.095809610549395,51.92509321984137
47.12392681323217,51.909774682976476
47.108289384246724,51.8867373137235
47.08250054774817,51.901147715487475
47.095059128605676,51.88432960373942
47.10882268887271,51.944832717588504
47.11597847741238,51.91968240681407
47.078331140643144,51.87748640563245
47.117304336869346,51.964698774843974
47.10360051918181,51.928451970404026
47.125152234663915,51.93106423073271
47.130743863322934,51.94977887889538
47.12834516787924,51.93719488658685
47.09359563335579,51.941183565994535
47.10808290602298,51.88592948626902
47.11149947472741,51.913235961109045
47.12397919471721,51.94273402489862
47.09214260328397,51.917697914695665
47.098574911869726,51.88495807892347
47.110103014573475,51.895299019339845
47.12773621090119,51.94868403603148
47.088230850392115,51.90317357947946
47.11332699147293,51.88564358557865
47.10691669856475,51.899304012690614
47.111377149206554,51.90176379988187
47.092068867053655,51.882728844045175
47.11989676834464,51.94971669054825
47.104814247851735,51.943947307674215
47.118528266095744,51.96679379411451
47.10882374693355,51.885820322890616
47.07530577951196,51.87890234116426
47.07708242923392,51.86697905371897
47.12594374530091,51.931446515579495
47.126264242653576,51.93307172341403
47.100338111339184,51.9318709604859
47.11261753834704,51.93515048693357
47.09606234849498,51.921457116053155
47.11025824991429,51.92173079779064
47.09423435758062,51.86904639389091
47.1125721116038,51.935674317828095
47.12154392297106,51.91219613201389
47.107543937741646,51.92733126387118
47.055913678575784,51.86673845315422
47.0712889205728,51.85792931047063
47.0836209929188,51.89828170324157
47.09165920802188,51.92169665219578
47.059107707688526,51.85820140721082
47.10342036617503,51.90343207080191
47.1208133981793,51.90515547969917
47.05058585240746,51.913021140198836
47.11765632438027,51.96800605387139
47.10726159741993,51.9389326061488
47.08421845234122,51.90393528289126
47.15192648929415,51.9900709126269
47.10263185586913,51.93306145706911
47.10548059506568,51.927395653358474
47.12884463300509,51.93720202449062
47.054612719802066,51.86207698243079
47.106681191938556,51.92933996652621
47.06987000884625,51.89352278659286
47.109460575216204,51.88818925441971
47.093043756892634,51.92044424803387
47.155651909968725,52.00018631256042
47.12513431590596,51.94736916806911
47.12242687242854,51.96385754985218
47.10477907112213,51.909018174322895
47.1543523902046,51.940414886094224
47.11252718053334,51.9022253246416
47.1128905454925,51.95650792170614
47.133049065356495,51.916791920178646
47.129060543451644,51.94076636121999
47.11260445527422,51.89938023908096
47.091972305030986,51.8865726930503
47.128314306548,51.94689779866753
47.075191479915915,51.88353219130595
47.10604518696314,51.888826317527496
47.112648264226564,51.95607403555837
47.13643028230313,51.911149999869565
47.08970674133315,51.908087798112035
47.10347657092509,51.89325050233041
47.128584839279284,51.941082029291856
47.12205537164504,51.92140112817603
47.13567069261914,51.91111502820318
47.11288338672225,51.89920314511702
47.135356802582876,51.91112413237812
47.09159969362773,51.883050786126056
47.05939537758494,51.85851779575104
47.092761788910316,51.90949816712404
47.112629950094366,51.89711641960239
47.099898752611495,51.92317664167223
47.11779926350551,51.90145895633551
47.09595866164167,51.8702302841236
47.09274989217205,51.91823873475884
47.08391394750459,51.88219054128438
47.04346675210394,51.851630437637304
47.1013665915518,51.88481074094689
47.12520837943087,51.900776363875835
47.08056920739831,51.89813896148984
47.090210423575435,51.90306034851863
47.082218320132334,51.88144920665376
47.096428931420704,51.901484569555535
47.082620167310786,51.88044423976137
47.09389288602707,51.921548147803364
47.1199225758845,51.94970819286435
47.068835521250776,51.85501946345492
47.0918281099252,51.90396114386247
47.10920292735779,51.8859031346385
47.108074480303536,51.91249001512381
47.087276340674826,51.90667882695757
47.08570419747754,51.9083686933886
47.10362464526889,51.91085134819154
47.158565424042784,51.93278287611688
47.15455118833981,51.938715153442836
47.1030715642669,51.93259326833055
47.093582141413215,51.90126531933919
47.155426314677,51.93634559131326
47.09184288131853,51.90585114832184
47.133057435021826,51.91431429493173
47.09435645856001,51.924304723047975
47.099222938975295,51.924428802960236
47.08820700249074,51.86567426196612
47.07731858440599,51.88326855976713
47.06779464890664,51.88397846219675
47.07613264830283,51.88392997386125
47.09492460610599,51.876801549977586
47.08712619736675,51.91251470908377
47.08682687391642,51.86940849969719
47.09482577937668,51.92121988170698
47.12962914975959,51.948298850610925
47.088928108460784,51.9107405216842
47.10935670866622,51.886900094572574
47.08919897320256,51.903623447744955
47.11270018825257,51.95146370156443
47.15316567267472,51.943142722607035
47.12226939269648,51.937830689855986
47.15363213719662,51.99454417924366
47.14726966578355,51.982021532708885
47.094777663478226,51.874872361974745
47.11689717751245,51.910371948508256
47.11773342354225,51.93038590636433
47.10320400515397,51.930637413534164
47.081740754106875,51.89791893400273
47.1100376266721,51.901526039614645
47.08559179069255,51.910082436934545
47.09761149945612,51.926814503456065
47.10375691438402,51.90954069513428
47.11782438630343,51.966969842823325
47.11836850092916,51.8960089592209
47.094705100124266,51.91088944776546
47.098574803706285,51.884213649022
47.11930842865314,51.94446924142535
47.11886216182045,51.93556628166454
47.08278369869165,51.892980578002934
47.09367883496845,51.88336287832213
47.084711829013095,51.90493231788571
47.12823847581774,51.94055271185247
47.118492945388255,51.91419012917481
47.10002840555358,51.889857245775914
47.11109995341238,51.906931633439875
47.094371885309684,51.880719373590715
47.13338156505276,51.917888832998834
47.0868613956168,51.86908168736059
47.09724247258869,51.878671328525265
47.10443636521199,51.90432952718034
47.11070860582107,51.89311124191532
47.09606460320248,51.92146000272111
47.127107831691994,51.948652672923714
47.0947810993182,51.883212752747475
47.09053503225958,51.88681620412109
47.091893192366086,51.91816365904742
47.11512511566004,51.89110774955683
47.08972671191234,51.86401410586954
47.10323159676649,51.91082572514126
47.099385647537304,51.92242982881937
47.05888501771641,51.85819717215097
47.11372001245635,51.923897381879634
47.103158614071226,51.92839906452106
47.11739471821886,51.938745290487084
47.12099314428173,51.92070008830534
47.068975463085415,51.859002216208424
47.04451936174581,51.852419531911615
47.10199760808958,51.89376314663904
47.11751564160736,51.9309489929548
47.111636896522825,51.89296468852742
47.106141853863555,51.92975864007404
47.11907027961923,51.89252207343496
47.116252999262464,51.92292788560452
47.121985559487214,51.920657147573465
47.110855809453966,51.91637633314446
47.11829222904233,51.916392195849504
47.10375348435979,51.9095440118216
47.12652629902643,51.95558375656272
47.125897438778374,51.94609324152403
47.093368383110096,51.87022616264138
47.08292461118043,51.901389502641116
47.136381767355054,51.903548747233174
47.065897554558,51.87070454385669
47.12787341545073,51.9501360847944
47.08369472863268,51.90290531288042
47.126064552595416,51.95569605242136
47.10482516119303,51.92771753644138
47.08314909477666,51.93341859119087
47.10656172060882,51.90926755114633
47.11761946335632,51.96556791411472
47.13376313102007,51.94585100274017
47.076210545827024,51.88692807418501
47.11797082247539,51.924457085947786
47.122684382887286,51.93788585881762
47.0813276968418,51.9088395523657
47.10764989479428,51.948056511880836
47.15283502217045,51.94206924552254
47.1036246763082,51.91085487565052
47.096732170793345,51.92259098412696
47.1088283539543,51.94531257734096
47.10257813092042,51.907165326970976
47.08442329285773,51.9032489897268
47.07537164511249,51.881419265774596
47.0842540265807,51.892877262533396
47.15234732766672,51.93896648329459
47.106585943888795,51.90032170258189
47.08192992487244,51.898297886268885
47.07509148488886,51.90150022544396
47.0890051345731,51.913795412888646
47.129218339326705,51.938078264646535
47.12510414769298,51.90702223125792
47.10624561382391,51.90498660515931
47.07502693126768,51.87870865451413
47.096148846003224,51.920479473440025
47.10765355931216,51.92236457817808
47.11746982145526,51.917972126215034
47.08847443193379,51.9113467999505
47.103472919844286,51.89324949251282
47.094184748945224,51.88023842456476
47.09112114985603,51.93684414601902
47.10323168452351,51.91082935694635
47.06972436954812,51.902730878978964
47.120846552707434,51.93694576394902
47.105477080904905,51.92667391782804
47.11984695051201,51.896491967142296
47.10574734589503,51.92785809230488
47.07565544152453,51.86228285605437
47.11145931408197,51.952180741654644
47.1349614235027,51.904772897524005
47.13305043372691,51.91679303775291
47.093563727526934,51.90161543522842
47.12867157804355,51.9500103939309
47.09793331621855,51.900181977792386
47.11862452843843,51.92688156919693
47.10548163630759,51.92587324996507
47.09509852535563,51.87965861656266
47.08033489760937,51.897754437823274
47.09482556191154,51.87014397311041
47.11158388771117,51.895626951201784
47.11294772370626,51.92588668384375
47.108825939461894,51.885816228341085
47.11553161809742,51.91793983698442
47.09389211554353,51.92155404129324
47.13413443856823,51.912575508235136
47.13340719906192,51.9125302378683
47.13340823992608,51.912212879653296
47.105562146097206,51.92286876147556
47.10596816270994,51.88926928725135
47.0950755298624,51.86606325607848
47.10677747380218,51.9224794129083
47.0759692403737,51.90061457540725
47.126512089227184,51.95566787915033
47.09234447530584,51.91272235167914
47.09489553048275,51.909661070816895
47.16310108261119,51.952699510920006
47.10793464207875,51.906973764008136
47.09061312762955,51.90704792476269
47.112527350225946,51.96672429925135
47.10180611571909,51.9524942417827
47.11738024619688,51.96738361686679
47.0829759822168,51.90036817055048
47.100487525196364,51.93501521140495
47.15332376637081,51.993532752605134
47.15113470945817,51.98879459502238
47.136830758542835,51.914459032769976
47.104138762923164,51.89223767854001
47.08545494909605,51.906405581323476
47.106877721330946,51.92948967990919
47.10650126875672,51.88662408092418
47.15480626284782,51.937044969249506
47.15430780587736,51.94975556432918
47.080198236733445,51.87415899520571
47.10235578868711,51.92393889555287
47.1178281677239,51.89433206372007
47.13219858550776,51.93464296562507
47.117855745844196,51.907044960576975
47.089686942270895,51.91493688505362
47.13165923071954,51.95799866520925
47.15316572426351,51.943137134812
47.09042672025887,51.908538395798494
47.11966844683045,51.94192792626403
47.136095269151625,51.9135204858527
47.09379742715769,51.87914213523383
47.11323190769402,51.927673367099146
47.08041326297403,51.86559148142236
47.09350364107253,51.902164552453314
47.105956939157196,51.93962213712762
47.086669752867245,51.905629297261456
47.108403283389364,51.89357536317012
47.106163755953546,51.94632214047342
47.0978145405526,51.88418157766368
47.10089816872486,51.892961560233104
47.126179870447,51.95544623723903
47.07331571686206,51.89108256098442
47.109393210026745,51.96213720600463
47.151803247632,51.939264462961944
47.154447398016636,51.942703339778625
47.10151706209786,51.93400865461276
47.11693606312092,51.90463152009256
47.13536077756744,51.91060053442978
47.12668913109141,51.93174104669253
47.117677982324174,51.93498241137782
47.08068231345872,51.86616400633233
47.10336667160133,51.9033034503231
47.078181377733515,51.88053898621132
47.10089653594895,51.92365775801367
47.10031400288512,51.93361628280799
47.119911564674865,51.94998983743839
47.08466670468033,51.90303339728042
47.08555647961263,51.905510135422794
47.11544941323562,51.933611004354304
47.09051573836282,51.9135237458604
47.117730594527906,51.90291658108831
47.1121036559681,51.95509455499998
47.09026041945325,51.91738722360439
47.09169873077004,51.91911879917662
47.12548043388402,51.95583539099521
47.11767512456329,51.908027413463884
47.12121827729784,51.925067262555366
47.09801399935644,51.873362022086035
47.09999355979916,51.925917453426514
47.1125287510002,51.96672937031445
47.11113651420558,51.92244719934273
47.09213972898172,51.91769356142612
47.0816580019277,51.899166750723815
47.11511626305099,51.9091133793456
47.09851816336709,51.87150952005358
47.10469721892141,51.912329176571475
47.09130850532344,51.90667416439965
47.12581136514626,51.94991705581339
47.126251183381754,51.949371769122976
47.12073954539425,51.962871391296524
47.12585400827542,51.952084491948895
47.10427255640418,51.894096284733145
47.10841572351816,51.92386619971111
47.12001351527042,51.935287366638526
47.092473041049296,51.88029053295646
47.15357466130098,51.94998400594123
47.101936540599375,51.924543937729084
47.101998293147155,51.89376225472329
47.09203902635005,51.90681337911987
47.074492612229676,51.87551305768543
47.08471396233607,51.904926014135256
47.12273947347341,51.907101286394116
47.08241258906846,51.90038556607095
47.08441143885164,51.86881947020653
47.15322412275407,51.94080340011021
47.0803640589456,51.86598914941779
47.11323113438642,51.92767396883619
47.07755115197196,51.88175940991246
47.10118968869843,51.93058297731851
47.123572925618724,51.9130490352928
47.102353458184716,51.92394105462321
47.12105272400364,51.938347394577036
47.08761636813211,51.92930941905353
47.10965410475132,51.949633688425884
47.119281511488765,51.92445851166695
47.118375486314804,51.915146778997475
47.098734984216414,51.92325302124613
47.1041195636709,51.90725579784575
47.09344275406911,51.878016270098456
47.129827124005864,51.94717430079131
47.10083939852283,51.92432100734551
47.14756670391204,51.985026943704845
47.12383754304683,51.93783518670395
47.09418439470448,51.88023336366992
47.12362471090744,51.948212699494114
47.12115060853127,51.93745457718091
47.124618243353,51.928387401312776
47.07784148743574,51.877539968135885
47.09414750091052,51.91936054908969
47.12458904844762,51.9456272104157
47.09355352275999,51.92517213702369
47.12840646071199,51.95912246635939
47.10208562967603,51.933040790056246
47.092513740204126,51.87888290344437
47.08692580994774,51.9283792184704
47.126189106579915,51.95059302347428
47.07852574740785,51.881277357048894
47.1291644858485,51.94951123398095
47.09922334234923,51.92442677629382
47.081976702453765,51.86607270493859
47.08702966455086,51.91103064744726
47.097871599647114,51.92280972800583
47.12386003053564,51.94871464257676
47.08055112989242,51.89369848871717
47.11768117771725,51.90306528653775
47.12053632258137,51.9278664130049
47.13341071774796,51.9119066582787
47.09597408047728,51.922444893489285
47.09357125496156,51.93832511206012
47.07602306958332,51.918999237419065
47.1002322660923,51.926465588235175
47.13304402407158,51.91732538969425
47.04897412987184,51.859483079147914
47.13565816867584,51.902781311652696
47.1258271568204,51.9555623587008
47.11986780757893,51.91375550940821
47.057250303047624,51.85834879992709
47.09022755537691,51.93493426290783
47.079306769835455,51.91826292886253
47.1321760612103,51.934380616549
47.07537163993627,51.88142450428593
47.10483273805086,51.88857532515368
47.135629102437484,51.917847023197865
47.09241070090079,51.88242898784979
47.110347008632296,51.929555821885046
47.11565205697501,51.95201760665574
47.12643466421781,51.955693369389934
47.11777122143936,51.90130127010268
47.08936924394562,51.90489137445756
47.09092657848663,51.914843766370105
47.09727803930774,51.90270895292504
47.09357831172479,51.881443156894804
47.09212593300151,51.880601043216025
47.077291288434004,51.866696123154796
47.09669779918715,51.92455576033808
47.13567549549562,51.91111904409616
47.1092370322631,51.94096891932104
47.07907763893778,51.867032501600356
47.11639008300488,51.88859231828794
47.101205281142796,51.9334496432932
47.0998603303642,51.93466320921268
47.13038719771906,51.94640714749788
47.08762005773149,51.90560432323483
47.09484808760224,51.925291802434955
47.09609716393158,51.87558364609848
47.09212066287011,51.93360968228983
47.101188823144504,51.93058828482178
47.117547810695875,51.90055424570858
47.10829253872689,51.91494022000996
47.146709625161975,51.982911289851195
47.09088915427613,51.917303925901024
47.13339662171999,51.914400981688914
47.10971273884716,51.88817052872752
47.127998759879766,51.90721807817891
47.10796899549512,51.88717116432324
47.127789489903854,51.943353582493565
47.12420228517966,51.960996103242735
47.11810368943141,51.900383284801315
47.11571991610754,51.93981315313329
47.10347745286588,51.88866333469861
47.12188916917641,51.96247220591065
47.096147319620734,51.92048241269667
47.10108985412639,51.92762583800287
47.10492690768442,51.956707563679245
47.15346615810528,51.935952817413565
47.05103070136082,51.862004752889995
47.11012847101892,51.89659867400575
47.114093305518445,51.91664920547014
47.09220982946204,51.93590291092029
47.09386378896002,51.923310029395786
47.084203761512484,51.88353417301726
47.125206971547655,51.938217886979636
47.0925122392793,51.878885554885834
47.09839741472885,51.887051336634876
47.10707211738006,51.92963739059146
47.104795905664666,51.90816375101054
47.11057144456902,51.94742567858213
47.07468248494092,51.879887959860085
47.047606882529664,51.860644843651926
47.08598312372395,51.90636171766382
47.09114059659908,51.910489874029466
47.097579414237906,51.886845115440224
47.114446256712974,51.89179560069041
47.08836657577961,51.91030266867286
47.09993903931228,51.928863639864204
47.116842325834746,51.91623434916129
47.07865555247306,51.89564548313462
