53.27454332264212,69.40915525928763
53.269852901918014,69.40866466746265
53.28945170366082,69.43607160638031
53.26739020699345,69.38341394260763
53.279807133103716,69.39426745043461
53.27992022952243,69.4070117579156
53.27052299333059,69.38245694443046
53.28744080752281,69.40505543676997
53.28523243602512,69.36809446916024
53.29923506246905,69.31000717915032
53.29710879380875,69.41932742087485
51.07133904146416,70.98369922907679
53.27359668035598,69.41119131496984
53.271548313838984,69.43005994974142
53.28708936880239,69.34992179444644
53.26776243415594,69.39133779747081
53.287925088392925,69.40475281318786
53.29507305640554,69.42377699922895
53.267182947744196,69.42157471189168
53.29668360829226,69.40199544909441
53.29751670653828,69.42853908968979
53.27895939761315,69.38156272417815
53.29007698410595,69.37975366147039
53.27696517666597,69.35981128681344
53.28553828827572,69.36626962962143
53.28708652895214,69.3975403872414
53.26323899214045,69.37533744591367
53.29170490738797,69.40078294111136
53.265956849663944,69.3741540802721
53.28185485807984,69.39672388770843
53.276774848499784,69.36703498857256
53.300147654116785,69.43093751353727
53.28179613516046,69.36516071195959
53.26232710813153,69.42830395296356
53.32261178834611,69.2519479232426
53.281419844669415,69.39265207225046
53.26956670802242,69.42699350980125
53.27917859858924,69.36778026660758
53.267646135148,69.4249517485634
53.35546328949832,69.48067170575777
53.28212255912641,69.39241613005727
53.31133783486942,69.38972143800154
53.2649495755007,69.36937512121645
53.337174812729685,69.27022166674972
53.25464155150261,69.37100789465353
53.28969875654971,69.3725785187986
53.26821506024808,69.42456867537045
53.279374633094825,69.42224938371078
53.305747648499775,69.26093711630695
53.26577312057869,69.381816233555
53.28854878262675,69.42027829207153
53.32650450693307,69.2583215249223
53.261967580915474,69.36370304675854
53.28623498818318,69.37804122760916
53.28383007496265,69.36732997887546
53.27706821239827,69.38040405331218
53.292071645400796,69.4326151298505
53.30502267245951,69.39115314797655
53.33071453539238,69.26863178313754
53.26802217536235,69.42763962544278
53.28438952331838,69.38106492035193
53.28691716795014,69.4077284002288
53.30089571521063,69.42965420111314
53.28434070432701,69.38824695333432
53.31246124695605,69.39393196567734
53.272202630702445,69.42954837338971
51.07333858455474,70.98087254845677
53.305502356743325,69.39831590477148
53.28765695751093,69.39081451840222
53.26190759927514,69.36533123698896
53.28592903271158,69.37007517799334
53.29922939570942,69.41906200978634
53.27695023336545,69.4049152325591
53.26677948899816,69.37094915779227
53.27099485978895,69.42866217557244
53.28774978791753,69.4173153729651
53.29579410307953,69.38166303305468
53.27259528672506,69.39225003217672
53.25371385393451,69.36871034843436
53.2990855301707,69.3847022250502
53.2861837843449,69.40133128815893
53.33097910230683,69.43264146169841
53.27261142038583,69.39252757201596
53.282047944769964,69.37323463142607
53.299495975205396,69.39612931206713
53.28745884265843,69.41280739618821
53.32548584053939,69.25434082397618
53.31038564914208,69.39187848391033
53.27764798058814,69.37241350256194
53.33735233887575,69.26522983088744
53.32098459712932,69.25356395104629
53.28400552347983,69.37378690318239
53.29746142988258,69.3823622581668
53.30347610596167,69.25819333240199
53.26202978812717,69.3897963877541
53.306028694574024,69.39382136951447
53.29653151300337,69.3990661917244
53.31301600680954,69.38498217874042
53.29338759904837,69.33064713751916
53.29782577140056,69.3846619286386
53.283020651467275,69.39834681015581
53.273172545397514,69.40564258621542
53.329908134649585,69.26380684998976
53.283870785859264,69.36366507231425
53.3140917711109,69.38865431745181
53.287584958793325,69.39628915031464
53.311707866335546,69.3889026496958
53.35578756329266,69.49059653337824
53.293978047443744,69.40184804766403
53.30630981088346,69.26222648293925
53.32350596367074,69.25265365054054
53.329667445515895,69.26366772864412
53.28389643171806,69.39716347519105
53.286978182785475,69.40605793380574
53.2772614669618,69.3683009646248
53.28957788199035,69.39964763496334
53.28128696382615,69.38012378778375
53.2949167346766,69.4376315206168
53.2885098989539,69.43632467462149
53.25349863009204,69.35806818013596
53.31256832843982,69.38603325135233
53.30299831244766,69.39363344841182
53.28396304361642,69.39462326791185
53.31523628345924,69.25311555630307
53.28095364812223,69.43083038982205
53.27785054538974,69.39876365752158
53.28255515815086,69.37370237199956
53.28971234945646,69.40572261341214
53.284499082435715,69.39437063587604
53.29690106912515,69.39795080172564
53.28062734525362,69.39885199361785
53.267383232153726,69.37220235597341
53.30278466948021,69.41519291368013
53.28208300724812,69.4197386235956
53.28934436113298,69.37401216596479
53.314188510431116,69.25043927740614
53.28170532993146,69.36940032639839
53.280727809687576,69.38742350784477
53.28436893641815,69.3606952311229
53.25444331917644,69.36880654536044
53.301703360177875,69.41303439759984
53.271380260923756,69.37849848259438
53.274104724083806,69.40569741875656
53.27902511484831,69.36864266075757
53.28302425969437,69.39834922708265
53.27872631028041,69.38858003587715
53.29257413553434,69.4227517881832
53.32469425886003,69.25364036178811
53.283990045429825,69.38509623929917
53.2810778941757,69.36870885155521
53.28450192898107,69.36717388177343
53.28802625700936,69.37566590596353
53.25735918303246,69.37603918613517
53.259975564659584,69.38095734451431
53.26510311475617,69.3797689708299
53.29906703571074,69.40010537674542
53.28875396264415,69.38098178756928
53.281564550331865,69.37899997035802
53.27410566679543,69.40570198199117
53.26039747281902,69.37264306400168
53.33353943009715,69.26294878454337
53.28346764298911,69.36924328364893
53.263516212418935,69.36490802872396
53.276104928124504,69.38562523637525
53.26693428904424,69.36623102410259
53.3050202446606,69.39115557341476
53.291571880497735,69.3375889275622
53.288925151554956,69.4100537160703
53.292241392814034,69.38315032596559
53.26876484765481,69.42114799376218
53.28666435509307,69.39647237878036
51.072393883831495,70.97717775240818
53.27348394176195,69.38831641237067
53.299702299129365,69.39565684445185
53.270229037191804,69.36173077957841
53.2734203598651,69.42439531062615
53.27102612625582,69.40985234531077
53.31569709045171,69.2519256928
53.271630647244685,69.40921742043597
53.31147718720595,69.39103203611108
53.292517930572345,69.39703573430499
53.28548275881655,69.36882938000788
51.06911846595205,70.98259079980589
53.32823091022557,69.26071084820715
53.272875433638966,69.3770053850819
53.28089713049461,69.40543028662013
53.283394271227955,69.40325218040826
53.28088969321262,69.43224378112349
53.276285628910315,69.41467739927829
53.279824393225255,69.39230531079689
53.29392397585496,69.39656468900976
53.29945683017609,69.42530080433991
53.29158636043093,69.38945862861183
53.32491082262443,69.25383358875584
53.3000080252693,69.30633028513975
53.3044774221287,69.25963434328311
53.27477332680061,69.42039915517584
53.262911109973636,69.36989696141393
53.29488430608457,69.38681460928446
53.29548710946335,69.42726529853165
53.2636269559488,69.37755201017613
53.26796621178103,69.42629051343265
53.28935469500362,69.40248782684381
53.32928350288434,69.2668528474734
53.289349946606606,69.39672482894142
53.28056024657201,69.37537648932174
53.25429149155666,69.3675769823052
53.29081587689249,69.43350774190223
53.29560786243267,69.39855359518432
53.284153470238245,69.37721204352172
53.2961848815565,69.38333044083149
53.28441125479087,69.39915472569167
53.26796592620831,69.42628414866297
53.275442681855864,69.41681208797854
53.27250220101353,69.42893579027339
53.279105838173066,69.36938964039872
53.27690097922441,69.37812660671699
53.279211656577964,69.36061213390683
53.334467802268684,69.26951264406144
53.284250795785404,69.42858880871101
53.25285875033969,69.36428424378954
53.286263341161494,69.3979583525033
53.29253503874202,69.34324480761181
53.28035767752936,69.35814456419632
53.27233208025779,69.39690677583482
53.28950413398316,69.41912123371218
53.27898876134365,69.35972063230976
53.30547124026198,69.26052515471423
53.2641786897067,69.36700341732973
53.26150936698683,69.39798179604429
53.29237447966941,69.39964019105798
53.2814492264463,69.38133873729005
53.32230173122362,69.25091213873529
53.33087488275669,69.26060860050241
53.31552315923449,69.38273356060357
53.271363120176964,69.42358173050364
53.27873663229942,69.3628872696029
53.27473298387051,69.40173074315098
53.285239426948586,69.36288865493799
53.27334401948694,69.42188286994502
53.28404884938562,69.39460648344959
51.071602327871425,70.98355346461345
53.285975286834365,69.40068452705509
53.281444521834445,69.37060352025915
53.303480843652025,69.25770048941892
53.285104567158925,69.42655871720683
53.28269174784067,69.38905932230713
53.26489858967962,69.3798449026595
53.25367800037163,69.37119904103956
53.29488820102885,69.38681461146447
53.287936142088334,69.35113263959525
53.29457673906192,69.38199412948909
53.27967263546856,69.40318165122302
53.31408943554615,69.38865272918449
53.27082747932244,69.4204559531116
53.35697393473689,69.48383166924629
53.28579376115476,69.39762299431035
53.29247347723808,69.39686523722443
53.287572755348094,69.39407476956703
53.27014607531444,69.42484024890126
53.27520540068851,69.36701557448337
53.271829059567644,69.40322144223458
53.28335201804575,69.3730546195165
53.315963775072575,69.38795080728094
53.281342692934096,69.39685485194356
53.28833104208313,69.38809047839216
53.27299244930748,69.40819287481114
53.28289820425481,69.38611260361365
53.28959399976554,69.40463367481405
51.07376996089583,70.98089097241615
53.322193495747,69.25476013027027
53.27639453828681,69.40668345495094
53.28183486604826,69.4293260298185
53.29539023118961,69.40433136427252
53.333677402729606,69.25665524045013
53.29329633452661,69.42204451164466
53.25760305230296,69.38642880079261
53.26734938816937,69.43529560896168
53.287479656547326,69.36822440122812
53.28823915706012,69.34589249081306
53.32568067943106,69.23241459075633
53.26658141931942,69.38559909264495
53.31541019468206,69.25245683975112
53.35451992497117,69.49651434107784
53.2719352970886,69.40157271704705
53.289936982458066,69.4078771638515
53.280912620401864,69.40239179015354
53.27465378790227,69.38667032307303
53.29721308281756,69.4007901167831
53.29933921632893,69.41190907731499
53.33209341295592,69.2657394421385
51.06926624768506,70.97386128731003
53.32571644964145,69.25454863778909
53.29450144158356,69.3823705903899
53.277768553340636,69.4028968426385
53.29269281538826,69.4223203990131
53.27584564864807,69.36224309206828
53.271969311463444,69.39442814493026
53.29001170626814,69.38261510960498
53.33114878523357,69.26909430909666
53.28804734988556,69.37409806928872
53.28657415166521,69.40152132950229
53.29661193110601,69.41939371835532
53.28112188787672,69.37400154698878
53.30078312657158,69.39817217314142
53.32632711627379,69.25899651075235
51.070840930654306,70.98496265193555
53.2808736552267,69.3814236043408
53.266520057392405,69.39191119737961
53.33412782011244,69.27054556704574
53.270005102322514,69.40655611890915
53.28360179881114,69.37687015961568
53.2887968097707,69.42040733046599
53.27168379399318,69.37955737264235
53.339548947349,69.27546230336338
53.28636029994854,69.36993099636977
53.3120213574979,69.39386996486789
53.29960199750506,69.3854986409011
53.286916169882346,69.40772190898342
53.30045655773131,69.39875016951709
53.312006735936244,69.39127702489388
53.26960853741579,69.41974607766227
53.25408850089361,69.36524126913754
53.28804576484696,69.38311710687054
53.28416999008022,69.40454470305663
53.28615624215124,69.42511838065558
53.32383825477342,69.25293382449308
53.266903164450625,69.43208538808118
53.285621839981665,69.39114744173628
53.281365721730694,69.37605993494772
53.26933306067406,69.42923923391037
53.27366208620211,69.40850661323817
53.30209257666893,69.39338577869394
53.2800970693107,69.41214622540046
53.285031790809164,69.39518706663155
53.33225660170344,69.27302864761114
53.279787900212575,69.37491156589272
53.287790560026366,69.40992684220767
53.275664826839666,69.38176017700118
53.26497359908643,69.37647529627296
53.26371907844996,69.38325292010076
53.29447625400759,69.40166646451289
53.25615383454572,69.35680643685652
53.28048128611337,69.36954002445532
53.28693201632498,69.41360083341738
53.31515009377696,69.38938443268442
53.29314443990682,69.39954045107298
53.31309373369504,69.38840393165276
53.27096414807359,69.42974548445588
53.26681453705121,69.38904258307154
53.27664747467064,69.38504000717114
53.2863424301054,69.41253875261273
53.29609735406476,69.38259447253006
53.32402815784987,69.25242298227901
53.33699899939858,69.26102811816526
53.27705244134661,69.39498814373337
53.288062403537864,69.39087096455937
53.27277569391829,69.41144025790463
53.2809083203193,69.40239836558213
53.285957137865715,69.39383126525131
53.26758632009753,69.38880854993577
53.27655331313278,69.37753093362404
53.28266793942032,69.41220267606465
53.32646150863099,69.43125406605444
53.28040344116672,69.37378529901444
53.32860009063745,69.26281929959612
53.31128166623046,69.39308649566016
53.28950883384639,69.43296331285093
53.275775714813406,69.38559865520416
53.25348593667311,69.37058438401472
53.284080092015586,69.3373910618907
53.32705459399607,69.26494128620698
53.27191329124494,69.42870218107444
53.26022727326824,69.38897321344996
53.277503985046316,69.37720648854678
53.299932293804,69.43207084894408
53.337091212127355,69.26279308576568
53.28603066539199,69.36316626441331
53.28002990381025,69.38291355437673
53.26619948274408,69.4018038491725
53.29019521706892,69.38052109272354
53.28605153053801,69.4054715665839
53.32905683304742,69.26135706284856
53.273055643939884,69.38035757917626
53.287289474160644,69.41044481894662
53.27141339047743,69.42758439615221
53.293118971712694,69.37605594781454
53.291492634322466,69.38051303769204
53.280745908876604,69.39955059806563
51.07135798403517,70.98364293966125
53.284903028655854,69.38810127638301
53.294880873804615,69.39236659629661
53.286566719813145,69.41941638270899
53.312068659834495,69.38327759678138
53.2984566896016,69.43393073585159
53.27143434528543,69.42829594393048
53.2681763190929,69.41070534864538
53.27981984421253,69.38820857162939
53.33371012686856,69.26954301369912
53.28016465664523,69.36565008583948
53.289009306744234,69.33953640850106
53.28288696123348,69.39746913367418
53.28385537942719,69.42977851731963
53.27171529124887,69.36695796429515
53.28034973921036,69.40157711280202
53.29255072237323,69.43335982830253
53.26661614732234,69.37886777665959
53.25804513013612,69.36403144346826
53.29644262979319,69.4215026688395
53.312172827262735,69.38905523302476
53.27839217546064,69.4007633763477
53.27457810576705,69.41294849162072
53.280268616120836,69.36463919054182
53.2929766503286,69.42335391209775
53.26710217844809,69.37757300822625
53.287627793180754,69.40758515724649
53.265538184587896,69.37530525156393
53.28521293672734,69.40258261596944
53.2796342901326,69.40028006148346
53.300077536323194,69.38099011870541
53.28264563589547,69.43122129066208
53.28737039084466,69.4135166945408
53.28721535179092,69.39930086391877
53.2699830499034,69.39638533460908
53.26988520448129,69.41744778677402
53.2817227229437,69.42356453012495
53.29498149450927,69.37733332001555
53.28659222306718,69.39598486561384
53.28135341140442,69.39962118718995
53.25554897945847,69.37611106121625
53.28415972957678,69.39096260418643
53.28957670296475,69.37925567346028
53.31425475423176,69.25151928468472
53.252853347898245,69.3654553595951
53.27586297150649,69.4122721769644
53.333855110711994,69.26412613230283
53.3137298230753,69.389386517488
53.28474168984858,69.4019437386997
53.289822565717046,69.39104430316621
53.31451094557496,69.38412503663046
53.282299644776025,69.36816224723346
53.27053185850302,69.39311014644575
53.32612289091631,69.23449272598884
53.294182479229356,69.42611401125714
53.32444180460604,69.25334679203011
53.283449588063995,69.4046879408408
53.28088908400567,69.43223850301528
53.31301998757458,69.38497480276521
53.26252736233628,69.3770639844121
53.2851671485941,69.40577881599964
53.28815194939154,69.39608438284867
53.27496869382119,69.37789126140609
53.259022244255725,69.36829100888133
53.31596190274925,69.25364994675061
53.2949319068425,69.4240008194716
53.27022469003613,69.38945419389496
53.29889531308232,69.41959958640359
53.274766408142725,69.38589780023527
53.27344026829834,69.3727607237646
53.3307434434715,69.26578391909791
53.30103459179175,69.38872076836705
53.33407056405401,69.26844122250131
53.27374881196779,69.42737200400124
53.270339036868315,69.39790586713175
53.260076585826994,69.37336054581607
53.29052137618186,69.38076286775039
53.295554798815516,69.38359486411886
53.28516331653313,69.40197861918274
53.33124040181044,69.42843734336749
53.28659207900851,69.42146092795781
53.314512554459185,69.38486533291399
53.28749844093382,69.38826452094419
53.28465766176406,69.35618515291732
53.31050591035063,69.39117324893222
53.28080976207281,69.39319919459376
53.26972930987018,69.42530115864767
53.28267019800947,69.41220694253823
53.275690528696785,69.36287206123177
53.252767343774224,69.36650316284818
53.3064412366822,69.39323067293977
53.28767529769974,69.40683556781973
53.28112838262644,69.38378460189185
53.28348542474343,69.42882668891959
53.25792142291877,69.36984100857424
53.26973242339106,69.40429539519725
53.27277987006589,69.38047309126692
53.283766095067904,69.39812779519625
53.30066928891085,69.39469965317562
53.28281126407579,69.3929569837996
51.073692601507034,70.97696188000222
53.27700689620475,69.36547330197858
53.2728750547075,69.39284914217714
53.28186168670169,69.37283727636266
53.25755912429916,69.36894575234888
53.31050045991937,69.39009256393204
53.283448781769025,69.40468051604529
53.253061216934725,69.36800527580799
53.333848412478424,69.25733039182437
53.35451913030275,69.49232198312087
53.331942039568084,69.27076816115535
53.300728815654054,69.40110750754388
53.25806000116489,69.36671659535999
53.27091965038065,69.4068414266661
51.0733790776477,70.97741960737739
53.283501238283755,69.37487728435418
53.28508042426607,69.36343771713233
53.287474049701984,69.39720317009736
53.291209483363374,69.38326768491714
53.29081743105139,69.37556918890233
53.28813488748871,69.38597020238188
53.29253158612352,69.34324103531218
53.28454905488974,69.3788422679207
53.284963502445514,69.42775094672729
53.26316020715922,69.40805825206563
53.275369707593555,69.4117570016465
53.303071734958,69.39486360862949
53.314674424941224,69.3891549494649
53.29263479342417,69.32894444836981
53.28629533962292,69.33917824584181
53.262486084142864,69.40540536681142
53.26826744333049,69.41999321282957
53.263631265896514,69.37754756840792
53.28914720979051,69.38140153386819
53.2885397509802,69.40069588854145
53.27283682929328,69.41207556225353
53.282619813022826,69.35894353342074
53.287868084049045,69.38393103757899
53.282958498330466,69.403368662441
53.27491191505617,69.42204065729177
53.292286521061435,69.33652233165735
53.26940201422285,69.38140610601586
53.27082471262175,69.42046152207787
53.26827868093116,69.40467533808784
53.2685304670429,69.36967342483197
53.28748920333353,69.38906903122346
53.27816920495441,69.3921227329455
53.32468649245919,69.25684441353239
53.31046831475316,69.38924810037479
53.27751497430769,69.36605151033956
53.301100390653836,69.38379461129202
53.26885680381352,69.39203752495534
53.274030602807166,69.36702515687206
53.29020084720289,69.37492893957524
53.28432998602239,69.36535510721035
53.29711909997756,69.39726263814923
53.26984568008872,69.42287054962395
53.33562266136745,69.26541260353045
53.31582377639317,69.38941214777597
53.284412049543675,69.39914985520083
53.284494725734845,69.39436701233284
53.31648348819661,69.25401533823508
53.285690595534106,69.40146471917247
53.31373037616663,69.38938918979025
53.28571090199018,69.3707332912271
53.286569695828206,69.4015149095428
53.27310498183721,69.424302479621
53.28597123091641,69.4082965773478
53.31592896720192,69.25803292098047
53.292876747115244,69.33279529563555
53.25559177946214,69.36459692917506
53.29842656437459,69.38611370731233
53.27386150426366,69.38176078614586
53.354604498169074,69.49531292191027
53.28674994820401,69.4026837600219
53.290008927783255,69.38261566084357
53.287586722723816,69.39628879611656
53.273506277586144,69.42718028906427
53.26719436133296,69.36188420628712
53.28526086050025,69.3977676450195
53.27909450104068,69.40335490197506
53.309610058259565,69.39400998327211
53.26058772545765,69.36042013523013
53.268591141453406,69.39626344314246
53.352280521456514,69.48468874307531
53.271779705116,69.41211977273032
53.28183512745653,69.39112428163261
53.28844834311832,69.38513728210312
53.28056305954194,69.37537953763207
53.32239649948868,69.25173647403136
53.28691775700233,69.39911674764991
53.30076735519435,69.3989346720692
53.28244649643097,69.37956783849138
53.3056911121305,69.26137241216323
53.3151482966421,69.38938725780744
53.33328860796326,69.43059398984167
53.27729795623643,69.3690424567881
53.32377995860726,69.25213496531298
53.31773542509766,69.25487759164675
53.266355590569304,69.36733558711803
53.26151371052937,69.36853525766824
53.28948488088543,69.34875543349058
53.29878421956126,69.40065902903542
53.28251470071391,69.36281047024384
53.26899536752697,69.41742412509012
53.29963623195592,69.38683570053898
53.29939751218928,69.4242707121134
53.285806300903005,69.38636456379176
53.28577338025983,69.36436835282922
53.270939908248636,69.42262717454673
53.28828999022491,69.36948996942338
53.30787287106619,69.39189839579619
53.33535250342929,69.26957326910691
53.309827272030375,69.38969273565537
53.28212098125324,69.43154888121524
53.28252126290662,69.36109070867717
53.27276774318614,69.39395350983777
53.29265696139578,69.3378709528618
53.26347470035885,69.37585254328098
53.28912167850578,69.37918606260425
53.330244573650056,69.27130378449709
53.28293820436833,69.3633922084233
53.28003630759429,69.39291972623246
53.290210158688346,69.339455728798
53.272893876013605,69.40361054293459
53.28250772256465,69.4094020047693
53.31046725017292,69.38925176784956
53.2931927602301,69.3993835214951
51.070124658209984,70.98530313785345
53.295615512890095,69.43115356577324
53.29449224771165,69.381894962181
53.28181021643235,69.38089198791444
53.28754199710892,69.38523686876074
53.29671964655374,69.39676117571719
53.314671257025445,69.3891621721199
53.272494924167006,69.39596564238383
53.31010317895341,69.39748386068793
53.296898142252424,69.39794973623995
53.29538548539879,69.43566703164385
53.268407656174745,69.41928562269302
53.28948839535479,69.37595012443448
53.27711490286469,69.36690413342652
53.264812776712375,69.37651530891259
53.29121977206842,69.41302226051093
53.27283432250692,69.4120780859061
53.28068876262548,69.37625525691813
53.280356079475354,69.38044086398607
53.26955004534705,69.41817925217805
53.26908922216266,69.36532047536058
53.32333522452599,69.25569437961454
53.30864346919858,69.39038040169488
53.31411458654185,69.25646312257648
53.267530852760444,69.36570027169167
53.25600250544073,69.35547099640758
53.29355750627525,69.39869856710844
53.28961371895735,69.34983987614271
53.287660271652484,69.39080934336084
53.27844868616153,69.39548352032992
53.29046682170448,69.3485051116263
53.28658815854894,69.40272718322946
53.274245826962336,69.37244693623055
53.283715223554566,69.3854032908412
53.291490515730025,69.3805104624997
53.27824122613558,69.3663233242247
53.280791964505084,69.37707685351998
53.27665947498522,69.40672249331297
53.28141102388027,69.40386633796773
53.2863213384436,69.40758231281504
53.28926358296415,69.39427949693682
53.299824262599685,69.42467161473827
53.280517901399634,69.3743845846725
53.2927579349772,69.32686780803344
53.26013387393934,69.36203895330222
53.25923933526247,69.36114156613695
53.273672496593086,69.40338018087931
53.322555883872916,69.25505014477767
53.30417642932293,69.25669102696722
53.29038145972409,69.3756693786296
53.33273658362879,69.26225196776369
53.28144740522942,69.38133312508675
53.29124972551981,69.3482114420186
53.27486483512872,69.41788649054514
53.276667275511635,69.37277489621398
53.30381388468489,69.2594465482886
53.323545602528824,69.25665259970114
53.283992694905834,69.42908991566424
53.32260961047523,69.25195210655149
53.287457031242035,69.41280379504792
53.31357950007476,69.39681505157625
53.29994747557862,69.42443416677484
53.29247794234132,69.33147893491521
53.26545321364232,69.3662321450061
53.28300918991904,69.36379884426907
53.30141740630764,69.43052276687449
53.28157250825216,69.37497750789312
53.29903253586224,69.38917300943102
53.272342865290355,69.4104458346735
53.286846388844936,69.36571687906331
53.32597615863029,69.24133444773796
53.29201160087371,69.33324532493249
53.32785691724386,69.43305686969254
53.281490398955,69.38754483832976
53.28657299708022,69.43885106364496
53.29737756436141,69.42148186491073
53.2893358122177,69.40755640855627
53.33856910597117,69.27609654589054
53.326328390785335,69.25899573922733
53.288379410651764,69.40859738251407
53.26810693566558,69.42210859008223
53.2707036476882,69.36527357425662
53.286016363125704,69.38601180505641
53.27869099832077,69.37522513216116
53.28246448750301,69.4033513049293
53.283379817776634,69.39333353616252
53.29289619214684,69.34575699423317
53.291730570214895,69.42407131018463
53.26922406677365,69.41165341176132
53.29104017011562,69.42937831454425
53.27625846530148,69.39726305186541
53.279670008305516,69.36811870533043
53.32854407285432,69.26835632912457
53.267141965380056,69.37227000065066
53.275667887693714,69.38176717319887
53.28192450671028,69.38575424102739
53.2876762431234,69.40683484325993
53.28769611041365,69.408635866066
53.281170090850296,69.43003208720216
53.266273644972955,69.40231345721163
53.25788162164569,69.40055108114338
53.29504549203436,69.39892107808801
53.29303116839347,69.38288213235214
53.27033705942577,69.37605374301593
53.28756714738163,69.43726446222406
53.294361488749225,69.38846020103986
53.25695561157041,69.3618995784215
53.31626232805267,69.39272234521873
53.280851531194536,69.38574391767283
53.33992350253152,69.25613083741712
53.28653479391878,69.42064880604327
53.27517733601331,69.41773177703867
53.26843040223934,69.36547240536568
53.27220638516123,69.4295417140664
53.25943939038768,69.39591453719308
53.26005138056772,69.35942621100507
53.2903709758889,69.42816556018285
53.314453670974444,69.39283226353818
53.31486619664873,69.254814308142
53.32145460563044,69.2549523227528
53.31147940514231,69.39103796398648
53.27261178467193,69.37322219799552
53.285636085156014,69.40695056011266
53.30381615168289,69.25745670146357
53.298390848684356,69.39866986495048
53.28415547353749,69.39095950242368
53.329151312564115,69.4343672818921
53.294985112808604,69.42914635337003
53.28903258585958,69.37482572179432
53.31213576668427,69.38454207273482
53.26117367172136,69.36902924093481
53.31451517221104,69.38412615231039
53.288695452687776,69.3980107773654
53.30090362238019,69.38552966241464
53.28908523506365,69.40357704711234
53.2708696342425,69.37714673950495
53.27300379366324,69.41421348031328
53.28838163249399,69.38613486965804
53.30738004160916,69.39060911486716
53.255295702306036,69.38115733576693
53.28437181993441,69.38051207039125
53.303727060922945,69.39417063715509
53.27758858273859,69.36887443805716
53.323776018132605,69.25213100106134
53.28657086556812,69.43885014177704
53.26382734647571,69.37748003471502
53.28445459115851,69.42753374006367
53.32913386080353,69.24710163655664
53.2735214850673,69.4227257602455
53.256813846443535,69.36287675272088
53.288993242422876,69.38547474725709
53.27627810549673,69.36165746632483
53.28360244232661,69.37489476838319
53.315191676768286,69.38778376925272
53.273860991716326,69.41489559212474
53.26950404198853,69.42325101627857
53.2821011307141,69.37430207631877
53.33614489339988,69.26226978514161
53.27065939959797,69.42703387992583
53.274546115305895,69.40915480607474
53.28404941533827,69.39461365545023
53.28950247251291,69.4191241307386
53.28624147094831,69.38776637044792
53.28114422485248,69.403436860704
53.27127598677576,69.37415888109369
53.27961868852128,69.39362292729295
53.27029955217904,69.37813918862206
53.27711745204753,69.36376855298754
53.285169056960804,69.39690504699817
53.282531074737804,69.36962303993292
53.28554152916778,69.36627010433727
53.29594878301365,69.40010197229188
53.26001614326266,69.36803082343181
53.31480345865872,69.24968288722583
53.27382132350359,69.42469272186486
53.28178792532067,69.43339244152138
53.271878751833576,69.4304057888428
53.321427956613064,69.2669507928678
53.28474345874528,69.40194778424548
53.27464645948668,69.36860958800108
53.26125549699653,69.4270383946195
53.29795671031408,69.42118728116448
53.28831339561368,69.39695985353522
53.285709087345694,69.40774112668407
53.287356725150644,69.42519715780891
53.28597921111536,69.40068436126364
53.2886478792105,69.34804824112848
53.26280512765242,69.43659875547206
53.27322188726197,69.38635771030212
53.2896179089552,69.38781692406477
53.26676916007004,69.38028350936472
53.354177727597744,69.49445863842048
53.273528690915775,69.39360860061689
53.27868901608497,69.403584644778
53.282557409863394,69.3798473096566
53.28733868753015,69.40386996682847
53.302572512316424,69.39574809205452
53.329706202913194,69.26460144119537
53.282044567620495,69.38784837991089
53.27848361312838,69.40439982613314
53.285869704067835,69.4562251078589
53.29143297497229,69.38477293509499
53.282861027628854,69.35778738262233
53.2891767447207,69.38284185835474
53.32502267059739,69.2579108445402
53.28903270547236,69.43730112968959
53.32617337467304,69.25419530302806
53.271177047442485,69.40780355378227
53.28712852385789,69.39838501571539
53.27980513061604,69.39427144548837
53.28828431386551,69.41647738298997
53.27329027982181,69.36009209027404
53.29278580032506,69.33740062867857
53.30960664020348,69.39401664559718
53.27597650320786,69.41852161245457
53.27948713619782,69.39713990480988
53.28439930784607,69.36759683406856
53.292322669463736,69.40533585045003
53.27587664154934,69.37731672737878
53.271303524261334,69.41728236628201
53.288157792161115,69.33942878520118
53.25605756436416,69.35707178160634
53.297956592511085,69.42050983104531
53.27838777330814,69.40076557730623
53.300086459850505,69.30616955022693
53.28057061675299,69.37797087076714
53.2932390762623,69.3776488753735
53.27589566309233,69.36938193697662
53.289441789805785,69.40330589120411
53.28955411736332,69.38470782420536
53.314637278194006,69.38591431878555
53.326658697621234,69.26356290757688
53.27469529385455,69.35979490562205
53.284645159326075,69.39068089353869
53.27163398642385,69.41065962019765
53.289121896392054,69.37567890550945
53.253419803199876,69.36749456619295
53.27370554039011,69.41745501181461
53.26544318877088,69.37191700972201
53.30862272533036,69.39089371827956
53.301992491472774,69.3959850859872
53.28630589203452,69.41324483483751
53.285479691844266,69.36883458261251
53.29249350584672,69.4014204876291
53.261907137339335,69.36803098181952
53.269193064937,69.42340582981697
53.27052861764394,69.3810780624839
53.28672501557822,69.37306044139399
53.28538672159962,69.42426583125074
53.27042845739221,69.39163700398235
53.271200570027595,69.37664435635904
53.31653042934311,69.2574591954448
53.26960414479381,69.36287283942865
53.28087623701382,69.38142019118638
53.293071308579286,69.42792142111344
53.272653668179366,69.40709781863094
53.32490895663129,69.25383818242021
53.322821745362106,69.25213219949357
53.280119586635784,69.37021376264205
53.27938095074479,69.38644900756418
53.30268687923599,69.39701969512714
53.28156601963119,69.37899500829637
53.27834266911965,69.37163766813282
53.29428532560383,69.38778362027979
53.25735662788127,69.38712490325696
53.32435921135052,69.2393368463698
53.27118148061959,69.40780414928636
53.27032143854772,69.40351538727103
53.27252108215774,69.42736508889524
53.26749532090538,69.40218140882583
53.28852383122484,69.37623032201488
53.279421617237894,69.36573784692867
53.29022000509003,69.3851173641049
53.2763234206121,69.39689391577762
53.2833385798468,69.39046983394675
53.29222665385546,69.38174538923512
53.29270548353026,69.38631481121548
53.258818994237394,69.36835137844481
53.2917386709411,69.39525455934452
53.325734345598605,69.43155114943445
53.27557993919266,69.37860956119468
53.28130380766025,69.3856274705932
53.27842831009067,69.39275847042005
53.2896534258536,69.43471220180011
53.28644990182777,69.36883126874652
53.28503572847626,69.39518557147206
53.27017672547308,69.40854377016393
53.33958711602079,69.25680869787767
53.284738901603646,69.4032977234312
53.296604038124144,69.42346446012697
53.25826180040144,69.36453575921539
53.268997479961435,69.4174225847585
53.2937335517117,69.42498669348527
53.275695120386025,69.38059152619034
53.30032046888497,69.38783539771148
53.28413643073864,69.37658193379626
53.28381723649126,69.39272325095152
53.29529771396968,69.32315377133972
53.278700497206586,69.37846327875968
53.268058280008745,69.36756893293668
53.263869935079995,69.36481738039095
53.2818350334262,69.3621735913821
51.071800113418035,70.98090676961554
53.278692237000556,69.37522599337761
53.28165537702638,69.38432531563434
53.28561750925093,69.37372789769803
53.278372114394344,69.37189696581748
53.284993982423295,69.37016912971501
53.28071835881842,69.36697653004728
53.29868706815813,69.38460205934554
53.28307469472442,69.40105018479706
53.282958819563476,69.40337095884003
53.272051515217335,69.40445834472179
53.281152312187565,69.37920807248196
53.2804079449806,69.40006735691875
53.28163183316581,69.38907149356052
53.28097264976972,69.40134781785741
53.32571737284123,69.2545519929303
53.26700255648103,69.36251767103566
53.26873239912612,69.42814892216367
53.28555645311786,69.4060804374257
53.32281541241299,69.25133942175522
53.27665511072737,69.40671592220282
53.27161807146233,69.4312513528617
53.29250928468549,69.3374761058047
53.28662986255192,69.38371075368973
53.31309480226081,69.38840510610753
53.28539480990256,69.35359816592594
53.28672612496967,69.40874483487775
53.273715857437566,69.4027899859392
53.28217672853334,69.38709907831912
53.28409787144988,69.4269330414519
53.29764208661412,69.40134485890641
53.27174784323652,69.42619093036127
53.300653841984136,69.39914443822059
53.27634875187372,69.39390671028434
53.284772805692754,69.3649598613604
53.26261344667057,69.35924268682157
53.29325241802816,69.4240825157223
53.272859466003844,69.38852017793138
53.28097009071421,69.40134243642547
53.28195066470178,69.37798816645292
53.29432474526404,69.43973073231142
53.28437223345937,69.38482739399751
53.29951344119728,69.39994616722495
53.281658061986164,69.38432422231884
53.275214196172705,69.36297257945664
53.28692479509804,69.39245225729005
53.306499702202295,69.3908336983001
53.326468598731374,69.23458797475458
53.29176140223824,69.40692798145234
53.2817968652843,69.35565020685372
53.28195971215665,69.40350856182744
53.29960273888317,69.38549175428093
53.2846011201441,69.35996651345918
53.291388769261886,69.41758063310208
53.29024392167188,69.39965718697444
53.27366302134968,69.3657523217423
53.27537035019919,69.41175755519498
53.332610635974085,69.2626450727862
53.267478075196564,69.39858785677012
53.27386905533121,69.37084241178158
53.28134309994163,69.37715330358016
53.27873190886351,69.37057839445056
53.28019229510243,69.36594644448492
53.30601478282936,69.26182721282888
53.28183104259882,69.39112133607365
53.27892992610142,69.40733323643079
53.27266134716071,69.42196947089276
53.286185274944465,69.401327217543
53.28046082850995,69.36099226360261
53.28516483224808,69.39691175632544
53.27361115223532,69.41307021178142
53.260910273314984,69.37105801896232
53.286604270789205,69.39413848925358
53.25959251515352,69.36066059340297
53.27801978930267,69.38038943767626
53.2727180314548,69.36068547434502
53.28319279537777,69.37062770983003
53.29720828171093,69.4016618709641
53.30084758688933,69.38791411113115
53.26990328465471,69.39177032149269
53.2740515960403,69.39846081854871
53.28648792856661,69.39238758813656
53.27521454972553,69.38075028701256
53.314491259484775,69.38799688560596
53.281166716564655,69.43003651540212
53.285490378366255,69.37212620533526
53.32582918142042,69.26463605614282
53.2834968563424,69.42862783510641
53.31448942559152,69.38799747989177
53.289155421848804,69.40663694534894
53.288518399840825,69.39911017821515
53.28108798510443,69.37582720824645
53.282458961576936,69.37758297975634
53.29212286611447,69.41443210890107
53.28165362382012,69.39478285362905
53.27388967165923,69.3657083596392
53.28033914190283,69.41990914905419
53.31800385180768,69.25708604790262
51.06965164804327,70.97978726617704
53.29077371467241,69.34647175567284
53.26595219788766,69.35593289613122
53.270543846622125,69.42439681354938
53.32193149423417,69.25058852697579
53.272078450211644,69.38602846478682
53.278315375419254,69.36004365523392
53.255278660454735,69.37021652466615
53.280322710878515,69.37480137323288
53.27874942686917,69.39335785468961
53.28708260222518,69.38428430048938
53.276908076363945,69.36830882369857
53.292996370979616,69.33506578709142
53.32354250943593,69.25665343089652
53.27979548527144,69.39049429096883
53.28435154217952,69.40133485768662
53.27297681871665,69.42676349605766
53.283191038230065,69.39576852288545
53.28482682647979,69.39804112465663
53.27142075991098,69.42191912838308
53.283995978869356,69.42908434772808
53.2551923259852,69.35507243805752
53.286030355597944,69.37468054855621
53.267184145783816,69.42157604161876
53.31572115502566,69.25987115335414
53.287299407275235,69.41164014746657
53.26517980895785,69.3801976673554
53.292234799954194,69.33777182711377
53.29483975411869,69.42483263632816
53.285306996161864,69.40354292395524
53.26594444590625,69.37559024479668
53.26935449181316,69.36296098286364
53.277115355530164,69.36376539929147
53.28288520091755,69.38762116162758
53.297812917660536,69.42253902094967
53.295691954758,69.43282303426102
53.28068371948208,69.39799493376863
53.302750679942186,69.39639769249032
53.301643546976464,69.42385681793547
53.27037008246627,69.43024305810691
53.2825892854566,69.37893813632819
53.28210470123595,69.3995237931656
53.33009269069003,69.26320106974875
53.25382766743851,69.36944072917912
53.31128055440491,69.39308918858515
53.269885158557095,69.4174442146111
53.288906872359135,69.35052288369832
53.29049167106376,69.37776513847176
53.268004449777294,69.39292276420655
53.360109238988485,69.49691648099574
53.258853242444545,69.36616877747313
53.26786641521505,69.36606610062536
53.288149771684125,69.3960848217388
53.27211204326842,69.38736766209509
53.29468317554421,69.37722809268064
53.28490654095422,69.39888934380105
53.286399356941594,69.40515225520063
53.2814921325316,69.38754856168045
53.337213283852414,69.2708967548449
53.32277779181254,69.42293390317607
53.27294012557356,69.41006968311507
53.27485292120206,69.40297186986004
53.322036173366975,69.26455529594583
53.292664202211085,69.33847773689796
53.269563745649045,69.42699615080679
53.28511540612659,69.38655891359853
53.32073527969175,69.25514951485451
53.26810641696287,69.42210758337521
53.28639557155321,69.40515836954907
53.2925866576219,69.37870280759758
53.28963757357814,69.39367201562341
53.271615946035396,69.4312452509105
53.28637593969979,69.3894724949131
53.292708008070235,69.3863207885162
53.26216479779142,69.37113472657799
53.31206593170556,69.38327646615484
53.267743414072115,69.41874980079629
53.31284950675202,69.39212047454845
53.27082403654972,69.37683074323064
53.281374799098224,69.37332974764249
53.35965829887109,69.50001296493653
53.27403320999614,69.36702650035423
53.27320222680351,69.3948226769497
51.18069017736332,71.42156981216472
53.28310586665419,69.39198246153381
53.272773575631945,69.41144768588804
53.29630685955821,69.40120087717541
53.2990165914608,69.4138822307508
53.28915916018176,69.40663964508448
53.28902451725524,69.402147487041
53.27237441277002,69.43078322961127
53.29831206858086,69.43307634863334
53.28332414990388,69.37760690288587
53.273156242317924,69.36060516278022
53.309275897051315,69.39343221422249
53.31280243925322,69.38671991051238
53.27669453932149,69.40569650151194
53.28367326627251,69.35579285956884
53.283319008697816,69.45093209555908
53.279010277106075,69.38450578446918
53.252833958704585,69.35615815132572
53.269898361590116,69.42391059367084
53.2799783687955,69.37144695026845
53.284009295983026,69.38931048552026
53.27205141048622,69.40445291391383
53.28416839260171,69.40453731866542
53.28040142793586,69.37378519745833
53.32412769765188,69.25712171970079
53.35654431137357,69.48825452453609
53.28429067215457,69.33831507217363
53.32766346672992,69.26628956520466
53.286325864617886,69.39917256850816
53.28184150273278,69.40377404726057
53.26615032339243,69.37614302789407
53.28879705424308,69.42040121836439
53.3185311607498,69.25672386931653
53.26844016393856,69.3594624602048
53.28859904543257,69.40458249909045
53.263711908441564,69.37615968005022
53.30117110251662,69.39740899056838
53.313739581192664,69.39292447899594
51.06966986374614,70.97977376926904
53.269753557899016,69.36478749112416
53.27183085454229,69.4032212191997
53.285257139436204,69.39776132397226
53.28201558987414,69.38910063755652
53.30177264452948,69.38555456265672
53.27239874215097,69.37820257106334
53.28672845168891,69.37305424762377
53.2797736725384,69.38724451031851
53.29537570061607,69.38743568123772
53.290097375093104,69.3930519658555
53.28418889654423,69.40072969261848
53.27985995559758,69.3760838342782
53.28661794639202,69.37885218376711
53.28078730319999,69.36779151117159
53.303161167909046,69.25809885501553
53.33668064660899,69.27151766137212
53.2641057984073,69.36598818673134
53.29586548381713,69.43059348427782
53.275374561515335,69.35964734672022
53.280122340199156,69.38465463513933
53.28743867641734,69.40504823125742
53.286050793983364,69.42446878081695
53.295557588308434,69.38359843745687
53.26633241607566,69.40290783125619
53.27851641095768,69.36046569892613
53.28151219435626,69.37810650658952
53.28779245871575,69.40992599933077
53.28915852574012,69.3760229643929
53.272667283693465,69.38649979990993
53.263575204522,69.37686190489505
53.27718235940837,69.39658567561422
53.32592280862101,69.25473003609329
53.29951022435018,69.39994070687207
53.28389988916393,69.39387355548962
53.29687369957166,69.3131908139116
53.28939703256381,69.37804918637993
53.28586432187152,69.39490575438242
53.30160458592398,69.42519471134312
53.30290828089176,69.42824514158762
53.29266407078354,69.38457242657185
53.28528689049552,69.36722792514587
53.26653260998712,69.38861796381164
53.31280363450776,69.38672138475357
53.26969085908053,69.41647124865342
53.29824213330671,69.30501993719122
53.28046437740662,69.3609857242601
53.28469299171129,69.42460770346699
53.30373728137365,69.38561902818067
53.28989951997377,69.38431068441706
53.294657285649166,69.40322653029838
53.293789619712385,69.41940454946091
53.254606421022935,69.38396919010671
53.28132370467691,69.36504088830631
53.357380537374404,69.49132808048499
53.273837945828866,69.41182214351073
53.27638721264458,69.38276692685159
53.29223850410453,69.38617557655365
53.28598262046161,69.38829516402345
53.313333326496,69.3812071467078
53.26941203877288,69.37757845798322
53.286253384276925,69.41988752308843
53.32806746126661,69.24224676932232
53.28911155210922,69.38087660364559
53.27968355607602,69.3989906914068
53.26547803084686,69.3633100322617
53.267354063205914,69.39754316362063
53.26668664150615,69.35903800511457
53.30999570658367,69.39046740378488
53.33715972825731,69.26963078679637
53.2686619731226,69.42708909832328
53.28817553091873,69.39515902427199
53.29545130613596,69.42206129115414
53.29187710576703,69.38674240446062
53.28313539826158,69.40621217408255
53.28069731598276,69.35938299423091
53.27441355259348,69.40446747481987
53.32306602217235,69.25154282902825
53.257016825154594,69.40809480623784
53.275127236099,69.41699107321398
53.28549883281916,69.40451988417037
53.2743235115159,69.40791368156823
51.069779032657394,70.9855310100877
53.282726132429694,69.43203217295533
53.282070885816694,69.37522473935113
53.26866449261978,69.42709215075678
53.3058182581039,69.3941370286773
53.28371873065311,69.39900957103286
53.276372950671416,69.41696950483357
53.277955563185046,69.36703305007792
53.29551786273297,69.37788375502902
51.06862493857359,70.97721694355661
53.29737871991961,69.42001104241348
53.282041952713904,69.40126990696626
53.35417820632265,69.49445786420382
53.28608385558582,69.39611978956364
53.290278927321985,69.39001253164177
53.36226895051984,69.49769090062162
53.285596684536394,69.40216579258772
53.28537866228326,69.38930872840511
53.286957453747306,69.39653222617235
53.27582953566589,69.41761868396168
53.27655608516023,69.37753440434209
53.314532223794814,69.39413705468323
53.286169472622504,69.42005284389552
53.30109888536794,69.38379896440307
53.25790014095363,69.37381437334152
53.28659256571976,69.40273016025753
53.30714505376976,69.39372972661869
53.30403857731655,69.25906514243457
53.331867080834776,69.26302979327195
53.322514714851586,69.2510916116618
53.2821863737817,69.38483030781417
53.335030196342885,69.43272380231838
53.26831194895265,69.36592811795788
53.26924060333763,69.37763219283818
53.32350918152703,69.25265883563434
53.33080069350899,69.4288951637355
53.2705664224785,69.37411221799137
53.29036490244681,69.37934346227276
53.26908746197682,69.42489285705675
53.281680772251335,69.36430451564695
53.28195195320388,69.40045745512266
53.27138670556063,69.40677121199288
53.27044216265782,69.40995678030957
53.287900651434065,69.41138087668763
53.27438246607069,69.39765609958894
53.28977548878506,69.40131163115967
53.27303335717353,69.37917943841302
53.296304930523156,69.40009264321237
53.26875813481147,69.4260434886334
53.263604846610015,69.39668320600273
53.325084702142036,69.25399929595646
53.26956644336108,69.40434688289784
53.301816840830384,69.3980079974614
53.282809963471415,69.3841882542256
53.289195616925625,69.40533564980957
53.277443241817735,69.3570975543217
53.268648226977874,69.37774138766603
53.28079989210566,69.36052450699742
53.29099786957601,69.38652321647419
53.29428278653702,69.38778434594106
53.29267385013836,69.37570381564393
53.30429211794012,69.39230342854202
53.28203522421767,69.39316666728682
53.33507688158839,69.26598649457779
53.26058757010735,69.36041978462619
53.29317817121453,69.38604252859372
53.284514929707576,69.4057255695798
53.28473707815704,69.40329653177808
53.281414738917476,69.40386611501557
53.304526538123035,69.29856705677909
53.27370960150667,69.41745145984976
53.354401919832846,69.4961532338067
53.288367449040614,69.4223532561369
53.254036947801005,69.37139700579498
53.2729384554744,69.41006992355891
53.33434237727888,69.26991805801049
53.291435825302486,69.41701277440585
53.30054377560241,69.39939557961794
53.294328567740244,69.40270719698387
53.291189469479654,69.40410444404532
53.30394948500731,69.39532906289094
53.28529116105,69.36723468624896
53.26933114104043,69.41234994250216
53.28632620560135,69.3991751652472
53.274728942976445,69.41838864362411
53.29412558287488,69.42086481946829
53.287218152362016,69.35206904554812
53.27096517928656,69.42973920289808
53.28953817254974,69.40901603899705
53.29021937446171,69.38512225049132
53.331392072448786,69.43337538574244
53.284680331433044,69.38713920571001
53.27195150327272,69.37774998971179
53.30327158851426,69.2572545979946
53.26803130605238,69.35929625398026
53.32408338598952,69.25317268754456
53.28068803360122,69.39705204229948
53.2583363142283,69.35912096860503
53.2856781325192,69.42517286926753
53.28914964286759,69.41976573588974
53.274601018397725,69.42098785686925
53.283230351398224,69.38093461415582
53.28483627815879,69.45322145531316
53.27838014740228,69.38764373718608
53.28003651866911,69.360656053596
53.283195084763264,69.39577052217516
53.27562571963172,69.3694695893725
53.30097941943566,69.39605300640423
53.28524015706112,69.393801907303
53.32204704190231,69.25544258285122
53.28762528644252,69.40758401432996
53.29444898010714,69.38919615129268
53.35482385682177,69.49183384966508
53.27303040107656,69.37918213697199
53.27684520753588,69.37364071062245
53.30152712728171,69.42408365718448
53.27372002141373,69.40278911782593
53.281775408757554,69.4308883484418
53.27995278167022,69.3957678139245
53.25403456840604,69.3713955567312
53.25428790624742,69.36757683915316
53.30485861736108,69.25960301337477
53.2581063022258,69.41455016868997
53.263563098953,69.40509698830249
53.26478849549544,69.3700509834242
53.28772055466127,69.40393783143959
53.28184598104896,69.37679157800994
53.33162399144587,69.27402975864851
53.28547213320287,69.39612410570588
53.28549910125307,69.40451653869067
53.28540570061486,69.39986141342912
53.33955238327164,69.27546371025325
53.26785211097901,69.36560781825195
53.32376042410175,69.25287050757024
53.26875513728474,69.42604490427796
53.305692221232306,69.26137780947967
53.33060388405956,69.27072783925829
53.288046222742615,69.40083109350148
53.314455632020625,69.39283046080448
53.27098373987565,69.36700679159557
53.289273313905966,69.40986096950206
53.26219971381202,69.4310829733211
53.322818151417565,69.25212929579645
53.28440328873254,69.39280903147933
53.26585966430794,69.37909874386574
53.28602779956891,69.37467439409961
53.291315791404074,69.41587722691297
53.28040808054189,69.40006231726225
53.33265950063494,69.26121226453898
53.283891014528216,69.36438995159189
53.272795539622265,69.39941288614266
53.26620111901181,69.40180937605248
53.28058484785334,69.40431518732682
53.2663403558222,69.36076288727672
53.26752253025322,69.38116367337379
53.30113844431242,69.42646746237195
53.29436415332836,69.38845433497177
53.31257216300062,69.38602885362754
53.27273424143174,69.406029294411
53.26328372736255,69.41773949921718
53.2810908006692,69.39396051012784
53.33074375513025,69.26578040281602
53.28570709934081,69.36796653384111
53.29668074400523,69.40199982887049
53.28366462620149,69.35882504718629
53.29194525277372,69.38800061155433
53.28364491758377,69.33810891113883
53.253376336284965,69.36701455179957
53.282175559371474,69.36759122317378
53.327095966924595,69.26228914891217
53.290760859126074,69.3843855402711
53.32999123011189,69.26133963613037
53.28217377392852,69.36759712641212
51.073316651237796,70.97738839489735
53.313278704043185,69.38580790155376
53.26903631805729,69.42868525370348
51.0717640937897,70.9835603824636
53.29072483586548,69.38333410524726
53.300732168106244,69.40110096058783
53.32111881952394,69.26166188085081
53.28742270888839,69.37964747516904
53.27657555833464,69.39212403404606
53.3325308540608,69.26184360416323
53.285783181907526,69.35472205971074
53.28398572011441,69.38509951230837
53.279658521935424,69.36298157194672
53.28810864226615,69.40167664383668
53.26764737876142,69.4249528914285
53.261958652077155,69.37285026441877
53.292239288202026,69.38314509529465
53.2978799565214,69.3863640758633
53.27417760845614,69.4137953476326
53.270146738887185,69.42484272210815
53.26412151161911,69.37798653899428
53.27216460592176,69.39503902836789
53.28122636231623,69.37508235508474
53.28123469082137,69.43360686176518
53.2639007405064,69.3689729127511
53.291333210305226,69.4342754035972
53.27093664768215,69.42263129600036
53.26033793210239,69.4283646369056
53.294332197924355,69.40271293382727
53.31013463730077,69.39674977734742
53.29237692611995,69.32792230158401
53.27129751347501,69.41989693932689
53.26908584993831,69.42489218282361
53.312025157936894,69.39387381222667
53.29366821138515,69.39233189652933
53.30425898303802,69.25935345172878
53.29571615729398,69.4016490342354
53.30467259873601,69.39119060060844
53.28166661510208,69.38643618409371
53.28660122314461,69.38857937697486
53.270486018380566,69.40950031535328
53.28914900981845,69.4044400214101
53.28030922774976,69.38918766703904
53.298777782699354,69.43339401955352
53.287723316699,69.3915120104057
53.28810627091359,69.40167932477226
53.33242874764704,69.2643249585495
53.287664808706765,69.42023120936064
53.29961099886973,69.43182964444722
53.28783384768797,69.3898831455058
53.284456723002,69.42753459382645
53.35669621797069,69.49056294021977
53.284198793859694,69.41076542708473
53.306557902264736,69.24935980581245
53.287299225556666,69.4116472200506
53.28265309948185,69.37504450941124
53.28311861987994,69.38680714206207
53.29943878172388,69.42245299553153
53.296087421647904,69.42359674766587
53.29187546545281,69.38674705985945
53.26158097707606,69.38233000738691
51.05985074775732,70.97754234960323
53.33720926089512,69.27089732857709
53.2939226161666,69.38747292677124
53.2565270396929,69.37235331228506
53.268559001135486,69.40558761475319
53.28471814769227,69.35540427592468
53.264993934515985,69.37812293258136
53.30604544114116,69.3921035569288
53.28993957647279,69.40787407572083
53.30441555719342,69.25902566666781
53.29493583499393,69.43407051878077
53.260191283140614,69.38871012261879
53.28122860025714,69.36567828126363
53.27404711481504,69.36234522994745
53.326309497231065,69.23669750390697
53.28840705089147,69.38421673732935
53.29348519856845,69.37850768784095
53.30714461475439,69.39372384108319
53.298547759988125,69.42798236816057
53.312236916974214,69.38518029406791
53.28440535366376,69.39280980639975
53.285932803433546,69.36456229810285
53.272075691722144,69.42410517578473
53.282882585727315,69.38761792664651
53.27541711961727,69.41382752733442
53.283378852291236,69.39334036848605
53.27151046843684,69.39598479239446
53.288000541340395,69.41273259942913
53.30261688891577,69.3839866377355
53.2769165454841,69.36859669426715
53.33271436259478,69.4289778554886
53.25596480852242,69.37967426480652
53.28747687895097,69.3971976535573
53.28586996178358,69.40914205069477
53.29312798961676,69.3335283900937
53.280124612179335,69.40415417418079
53.29907572141449,69.38691559151043
51.06371431406993,70.95370067831243
53.281232215070325,69.43361308661754
53.28981097001184,69.34575371084472
53.27825469371979,69.39630840819879
53.28996188742826,69.33924956509564
53.284851853922234,69.36576230229568
53.286905505616055,69.39133110273542
53.27142459013505,69.42191634100777
53.284279080539875,69.3582521963142
53.28910601554927,69.4286014894197
53.288956379701276,69.38883403508281
53.29970431022431,69.39565107859634
53.297644764141744,69.40134869060273
53.2893666233247,69.4203115054817
53.28847441536589,69.37702096762744
53.31328839452706,69.25777927417222
53.271417041625085,69.42758220130432
53.3221731788742,69.26238144000476
53.29203351999068,69.39602603434524
53.28254889327032,69.35494672141706
53.328221222129855,69.26478437585976
53.27858835640381,69.36115065039094
53.27232616252915,69.36674196167016
53.32794881906669,69.43594577337802
53.28668228616186,69.41339408819204
53.283510056001,69.39413562164972
53.28775995669249,69.36872511657339
53.27383655187848,69.42170959679885
53.354742848427215,69.4896661586324
53.28382132946141,69.39272945326096
53.29055173732625,69.40188967733243
53.26876650945042,69.42115545622092
53.28617681301397,69.38353676408798
53.27744704456902,69.35709682715708
53.26899489873763,69.37486407889416
53.28825730990101,69.41039650385696
53.315965402102634,69.38795218350813
53.299480962541246,69.38423024147268
53.33537247521171,69.26638498172998
53.293721265827706,69.34487481615646
53.2533291126014,69.3688550291899
53.27456835780624,69.41749341027297
53.280481020419884,69.36166109042865
53.289685420739204,69.37991330529894
53.28769713515089,69.40863980606304
53.31807857514553,69.25974681707605
53.28555462864676,69.40607506659714
53.287866857015516,69.38392546125083
53.26027567077728,69.37329767194001
53.28204846277539,69.38785357178223
53.26587642113062,69.3964250073788
53.333313045981214,69.2670471580501
53.32921762235866,69.2631789162499
53.29544611721304,69.39923364376965
53.32894284792419,69.26260689388806
53.314508575280556,69.38486051636451
53.28171767227699,69.38494904185602
53.254729602049025,69.35671147760887
53.30158318625699,69.42283003961136
53.296156529575676,69.40480038187087
53.283030442477475,69.3649055759257
53.270408238725445,69.41401287131815
53.27586284525967,69.41227437276578
53.282157902099016,69.42835800698742
53.28570765234983,69.36796356106794
53.28363603064637,69.39535636474109
53.26228015507495,69.39638467373513
53.2880866296782,69.34909584933878
53.28548306745766,69.35971701528409
53.31217579808104,69.38905717823845
53.28113463448824,69.3666338027358
53.282559635557305,69.37984871980228
53.322043230284194,69.25544440066018
53.26466033722684,69.36883301251017
53.29161295911238,69.43558433883005
53.31318877175682,69.3939236163124
53.29738117249132,69.39684495159618
53.28711978563503,69.40127453614691
53.27328278099348,69.40713378697866
53.30009079993834,69.39705358007807
53.25561319428766,69.38043886908113
53.270985922812585,69.4093647301397
53.29303258461043,69.33460580648438
53.267876246158764,69.42085166241462
53.27581404557176,69.36871222794363
53.33282087091336,69.26585689408313
53.287365221472356,69.4207770159976
53.2923534574324,69.43179336850005
53.30651153244466,69.26185836351777
53.32582100586485,69.26202690925628
53.27289672917973,69.42042076776873
53.28056724446095,69.37011180156681
53.32470323287171,69.2639887965465
53.27043306217611,69.42782868242618
53.28581158150427,69.36471464140978
53.272678513967385,69.36975028242693
53.28955551133226,69.38471124056281
53.29643637563413,69.4181717400142
53.281903735546514,69.41744127735046
53.288693872925336,69.39800954608799
53.32724105505927,69.26783247485221
53.26300450615617,69.37540264620283
53.283321839394404,69.37760558507932
53.289650915876614,69.43471645776043
53.25897316883013,69.37016695308174
53.282116265913025,69.35838315485358
53.318765130474716,69.26031144013741
53.28069229029457,69.37626255011179
53.294125707226534,69.4208647336726
53.28996119983941,69.38057603150158
53.28763642210546,69.39219414288287
53.27675950177432,69.37941249610202
53.29292386545485,69.4325810002297
53.25549407081464,69.37537245500612
53.296443801401274,69.40401188073314
53.29150831339745,69.3871150084629
53.2861626891482,69.35498382098841
53.28302253444458,69.37765922808323
53.27570659058469,69.37561370843507
53.29839304656547,69.38679582058172
53.2700380323513,69.4070429823878
53.29902281573807,69.39603860225802
53.27043270049558,69.42782952302301
53.31706589956009,69.26261019244048
53.30176888696259,69.38555627848386
53.33244870614988,69.26309684273758
53.28508150475565,69.35705232503878
53.274380998100106,69.41965091645984
53.28781192691872,69.37412294244717
53.269032277324676,69.42868429113526
53.26633736932027,69.39502449970945
53.26539266680687,69.3622756996998
53.29317377444666,69.3860489866437
53.32776069281783,69.41763001912265
53.30106090933962,69.42727077933142
53.30729097087357,69.30012231364307
53.288379369745726,69.40859384186949
53.290142650188905,69.4004483131355
53.28523135390967,69.36546046493997
53.32595264781356,69.43095484752033
53.333260393680675,69.42736833523843
53.29587825264177,69.42396869980084
53.2876098594376,69.41852426011509
53.28030741416271,69.38918919538196
53.269849826392544,69.41493291309295
53.2876298655641,69.40090927824144
53.283191020897426,69.37916273495185
53.28798312984753,69.38032110768836
53.25686234259752,69.3695281332536
53.29842058387796,69.42818073307971
53.287101298315676,69.37560881888469
53.2909520813795,69.37959403580906
53.28409932224839,69.42693104296748
53.30116662325982,69.42918081448514
53.29633581197253,69.39816687724559
53.2701365515242,69.41033763697963
53.294328791812234,69.37704439567767
53.30422512459091,69.39067585361401
53.30315006810024,69.39097660017902
53.30632439431515,69.39016485831006
53.28501055402531,69.39997511670602
53.27353317760843,69.36004959825362
53.31002218384656,69.39409254023344
53.281142781835726,69.40344384993287
53.292267557895585,69.39707780955999
53.254020360245796,69.36605133913812
53.32412887563738,69.25712151959527
53.30447353573267,69.25962959561437
53.287924182330904,69.40475836546457
53.28775805021107,69.40559240319494
53.25804709783112,69.37118693329867
53.28997987007954,69.40052677071047
53.286855428969865,69.33855962760711
53.30091796200752,69.38187989386502
53.29981166051185,69.38779043045926
53.274826768745214,69.41460608008917
53.28276390338501,69.40748891974074
53.28224180865887,69.39615459053593
53.32525491929456,69.25730423290469
53.27409959975895,69.39894174660573
53.28071778467217,69.38471566011923
53.274527582515326,69.38865568805085
51.06494979268349,70.96315852254418
53.283018424696145,69.36806646201153
53.27013261989059,69.4080942527553
53.28882927618098,69.43552258488083
53.291704206899055,69.40077605752928
53.32384119647395,69.25293103887869
53.27641739221508,69.36561420205958
53.283282660675624,69.37508591627883
53.296090780193694,69.3975155832885
53.2823548112628,69.39473991216633
53.28561317930955,69.42633147112495
53.270233910306715,69.3658447838412
53.28004062126338,69.39292523862096
53.25782990753439,69.36864165238975
53.28508919816534,69.36632608896078
53.28195921599042,69.36348648339215
53.277422874064214,69.38717324979964
53.28522034379135,69.4082404580912
53.27089446221889,69.42132702590632
53.28068808284084,69.36638739146355
53.29406900756207,69.39810451702898
53.28423029433675,69.39550179471823
53.28451369809448,69.33840548188016
53.27810146671176,69.39172125909563
53.295960735818035,69.3779914609817
53.28671597105278,69.36441477441551
53.2898298971217,69.40681265157004
53.323352539631415,69.2517906160772
53.289148680281635,69.40443434778962
53.294837088454074,69.37751537453121
53.28003289043042,69.3829159327802
53.28906266155134,69.42781096861064
53.27572051398648,69.41825079042393
53.29237819939624,69.38057543484115
53.28669504281462,69.42323192157826
53.2858052726711,69.35764050984632
53.26626812416499,69.39198386044797
53.27696725353846,69.36911145323376
53.2703738597472,69.37213528975948
53.295069989518716,69.38148368661116
53.27187965384434,69.43040816716183
53.279083995705314,69.37507164163262
53.302605227232,69.39249457755162
53.31748258525227,69.25471713158674
53.33351012716454,69.26145184255297
53.293034360221014,69.38288834950414
53.28466395391866,69.39615712642852
53.26839951879393,69.42252488876974
53.280364309351356,69.394150022966
53.29600623363516,69.31484841238976
53.2787942753675,69.3632263054004
53.28349813594633,69.37487535078607
53.3315491817254,69.27014473134315
53.276396224883264,69.40618857390074
53.28005850675196,69.37745817326892
53.26821449103664,69.42457100430175
53.26836066090063,69.42317126771759
53.294365219696274,69.34328574031906
53.263993614889635,69.3809735358254
53.30690384867922,69.39313633122853
53.28271506213154,69.38091931191958
53.26976437182336,69.36125442466452
53.259761618217816,69.36242439845422
53.286696618017075,69.41434151653317
53.29886833362149,69.43403243175926
53.29385277341759,69.39555199847311
53.28729349171849,69.40014284177178
53.28713203275243,69.39838272325565
53.271301316931726,69.40489359862234
53.27158808993405,69.37110356539903
53.28396410078936,69.37279096401492
53.29005683654215,69.38359829505202
53.281772111530735,69.35725256248134
53.26655196019581,69.38528793595091
53.33144032974136,69.26905669646557
53.29373769005485,69.4403419512501
53.28210077425805,69.37429507173565
53.32147867272628,69.26339301786037
53.31670636392868,69.25867241632886
53.30466169857288,69.2593255153176
53.273287004350806,69.40713686225403
53.31942654402913,69.26176195581304
53.293109311508715,69.38835667050824
53.28329232081477,69.3670909617285
53.27982260082601,69.39230284519805
53.283231762070216,69.38092861349733
53.28366989610856,69.38350094058553
53.285200742257956,69.42354150338295
53.32809785263568,69.26719037837023
53.32924608800617,69.26420949854209
53.28034905690115,69.4015765904659
53.32508838214444,69.25400440001032
53.31240521923741,69.38859716105885
53.285531434181,69.40018516985863
53.27090248163057,69.4188558984869
53.3138181477986,69.39418343517434
53.287215106667894,69.39930480830841
53.29053747336219,69.39546769728136
53.30497890486708,69.26035064339317
53.28151129924935,69.41394639130552
53.29339616464536,69.38649548781011
53.31520030310567,69.39441676283552
53.28679606588377,69.35247645747816
53.280655941455066,69.36884987901047
53.28114560365407,69.3947876344835
53.28351105971161,69.3941365488463
53.28412447745066,69.39619713570814
53.28244818277005,69.36165468713477
53.27054218356874,69.4243988543723
53.286477020843755,69.40021792456513
53.28789856471763,69.370065565311
53.28449798709435,69.36422206967866
53.28852008800573,69.40558012606326
53.286453129741254,69.35292591456553
53.27543133188914,69.40297623442154
53.288331901939344,69.3880941914434
53.28066171468819,69.3866854315579
53.262880170945856,69.37390236330167
53.28771279139307,69.43689763010008
53.282899103553966,69.38610637357458
53.283481253404176,69.42882980302771
53.288737183983294,69.3798941586488
53.29520972925265,69.39837018218562
53.2820292389928,69.39876258773253
53.32681819444396,69.25860631067741
53.26362889831583,69.39238756118345
53.285791698671154,69.3976225731589
53.28020373520543,69.36995182944108
53.26979492622708,69.40528739578193
53.28781436960062,69.33942372032378
53.27721864418895,69.3679517343283
53.31824424020371,69.26372509150877
53.287547045013824,69.33856585382017
53.287273911850775,69.40309183285773
53.27317098575947,69.40564814537211
53.306901752583784,69.3931368327366
53.28185018933219,69.37679767753006
53.287180302302964,69.40851875776264
53.31410598344228,69.39212145832045
53.271769955316394,69.4225700682032
53.2839303678608,69.38825562965349
53.29140288062442,69.40590347517235
53.26847136629141,69.39835061985949
53.293248810688176,69.43203915184749
53.2824615032483,69.37289528440648
53.32809494759632,69.26719390524822
53.28988982951451,69.34053530417316
53.285304875934756,69.38845178628429
53.27154406142978,69.43005587035944
53.29606497744373,69.43392986387215
53.32890324126861,69.26416433918965
53.26642468185506,69.43739679322108
53.308726451790434,69.3930573518979
53.300826509768065,69.38867865680169
53.278791065169756,69.36322784844259
53.28171241023096,69.39571030076834
53.35709590021495,69.48639974506273
53.29253006509669,69.33906644880251
53.25355118974428,69.36991706330105
53.2713050385701,69.3659832035588
53.28143659845544,69.40036132875466
53.27032018242384,69.39023906196681
53.330569761554344,69.26530122394246
53.26884380141034,69.37432752056361
53.281901331841276,69.37593054622275
53.31200508439065,69.39297079847671
53.334674114926045,69.43123527738733
53.2841255151171,69.39619866026388
53.25397125360365,69.37069108057116
53.28685669221397,69.38654358578334
53.25899064058135,69.36544920217293
53.31201049778412,69.39128279736765
53.27944286821601,69.40119675305642
53.270517254469695,69.41233489676216
53.28314373948747,69.37872502891825
53.35760394724103,69.4945104372773
53.294879058949874,69.39236576648432
53.27089632000272,69.42132633640897
53.28157530939496,69.39777841838006
53.27830616254901,69.39960776073063
53.281044364701714,69.39882549831766
53.301013768454894,69.42850562285189
53.28982611623153,69.39103722333986
53.30352229139029,69.39135977997594
53.29859844331088,69.37952039192544
53.28382596572925,69.4021462349629
53.281286205838136,69.40643815464009
53.28993745070775,69.34885668345753
53.27265250119261,69.4071026181235
53.27344623099222,69.40116458905713
53.275164194476936,69.37785718310327
53.29013993805806,69.43260705264284
53.2846625198777,69.39615640067623
53.30366206865735,69.39080053203
53.289148094706235,69.41976427308464
53.28093377687985,69.39522226512611
53.291516347636744,69.39614298806717
53.28157274914252,69.3977725391185
53.2858655469946,69.39383957619168
53.33427142733069,69.27117930892017
53.27922264020073,69.40195554300549
53.27623935746469,69.36562448834616
53.285093876400275,69.35738515748064
53.28838491188881,69.42241930862605
53.28413836943479,69.36917119973073
53.28206938449981,69.37522049952446
53.33155195988266,69.27014011190505
53.26307400844442,69.36683936601915
53.2703744151967,69.37842391289273
53.287491859484504,69.38907292404791
53.27505764923167,69.37473907000745
53.271937158223885,69.40157259952977
51.06273895596023,70.96894512443612
53.28901146769763,69.42959093569003
53.267193696391246,69.37661048021656
51.05969670345956,70.97707910372206
53.28176028568326,69.36133764081067
53.26919000628602,69.42340877298228
53.303666501102036,69.3907956068726
53.287496592013795,69.40582647124049
53.32251508980685,69.25109155681353
53.2726993937293,69.42564406199975
53.301129129392365,69.43005328480116
53.325921412897515,69.25472443950419
53.282299194495806,69.3681598945314
53.28036483479478,69.3941525970029
53.28043560493911,69.3663164380561
53.27449905102805,69.36755514148035
53.32460223630302,69.26670311552066
53.33444261222358,69.26775305829423
53.291168857797686,69.34784595620486
53.28946961956061,69.37875398743624
53.27722413347238,69.39262092154873
53.266211135392986,69.39376239740893
53.286824886123846,69.40385414144056
53.26161768463518,69.3648481567608
53.26738926004184,69.39753343529274
53.27333399017232,69.42340473121367
53.27555147546786,69.38146834753906
53.29250219494842,69.43820134295048
53.28995672641266,69.42652986555926
53.26281565446218,69.3592667855893
53.314536308529625,69.39414273015669
53.28859985672906,69.40457917649881
53.2841530852085,69.40298795593795
53.3434440056092,69.24776621139029
53.3055029498097,69.39832000572108
53.27355297329454,69.38936045402001
53.28518453543828,69.35606758932181
53.287834977252075,69.35212157734641
53.27564212755987,69.40674748885597
53.294451686307546,69.38918993756248
53.27839586220209,69.36211876234836
53.284393396456764,69.38106837323319
53.2751050921196,69.37343939346292
53.29129081916386,69.37946322740217
53.2651932940171,69.36933005215026
53.26264732412592,69.3693309826102
53.28974531766633,69.38090222673303
53.27962049868733,69.3936208187078
53.28531218209213,69.42588036923283
53.29063840127045,69.39884013151067
53.26989824333651,69.42390365299286
53.283390686639144,69.40325503103338
53.277244874559806,69.40639115836656
53.281150397805725,69.37920628570916
53.28134567831121,69.37715320629162
53.28841409142577,69.40369235745261
53.2827354162086,69.39590576377681
53.26567390407968,69.3835311575073
53.31619790369057,69.38877014031185
53.27621265164316,69.38933873285607
53.265461351307266,69.36287499248267
53.31531478084259,69.39290343909234
53.270375637601234,69.41082487225471
53.26855732276453,69.38665125309417
53.298309315113805,69.38483578858872
53.27222691608674,69.3620486661364
53.263965875267004,69.37895491108534
53.35508964705422,69.4908308497626
53.25348215717671,69.37058280300448
53.28959745719105,69.40463360547122
53.263310725830294,69.38066247853023
53.28068706360116,69.37122719873977
53.27660918935519,69.39388090588002
53.28779016294185,69.3818998274159
53.28405506989681,69.3871585377526
53.28264975822811,69.43122404099513
53.2769511738339,69.38894974177424
53.29143402248871,69.38477312303263
53.275158252957155,69.39200519905445
53.354200604537816,69.49556204975926
53.273273464137375,69.42798121511662
53.29948406948814,69.3842239972867
53.281014015811415,69.35750467004016
53.28564861609523,69.33888218581235
53.28476839392559,69.35987322105244
53.283543966444164,69.37917880207883
53.259311090792956,69.37109768209794
53.29119998076476,69.4312043766025
53.26817056458688,69.36087285378838
53.28094079638999,69.40878053507501
53.27604382553093,69.3628177942902
53.31406787106222,69.25205492174541
53.28917079279215,69.40076749419356
53.26616804995734,69.36543443005098
53.27277713835565,69.36135082838435
53.28692344799244,69.3924578866567
53.26620651514557,69.43671680530014
53.26840207086491,69.36846019720164
53.28694015056341,69.40531915057272
53.282585664754286,69.39860150157742
53.2787195113054,69.3926406950864
53.31464001250839,69.38591241763012
53.26954880245102,69.41817378505465
53.32239611924219,69.25172966342643
53.35479254577557,69.49587518006774
53.28559358983089,69.38431137822388
53.289335359187376,69.40755324644773
51.074394424151265,70.97800537837894
53.279982174930744,69.35878879001639
53.30042249133031,69.42842034114337
53.28665387526022,69.35266351888963
53.33125972847197,69.2703367899945
53.28820630594647,69.38217895213641
53.28719952658089,69.42111485179845
53.267004622187386,69.37091190405496
53.29212727540183,69.3951146124691
53.29811961446493,69.39821394715871
53.287681310941146,69.39974023219895
53.285200823292016,69.42493845315366
53.292509996175106,69.3308875059445
53.293017900189085,69.3926243717184
53.29888484598335,69.41251603697717
53.29714719571449,69.42188337087597
53.28989425475038,69.41843891245847
53.28581074420475,69.38635762279559
53.26951652897357,69.36933894716978
53.27417640537974,69.39554988225107
53.29197235038784,69.3840322891458
53.27900582404447,69.39142841889671
53.292235642999266,69.38617110103442
53.27261202295906,69.39724439634709
53.27905723677512,69.37472258412346
53.32998948825402,69.26134611072554
53.33992005398788,69.25823779124657
53.28758814083173,69.401831702174
53.2913420414236,69.39479297857231
53.30188845930292,69.42698817868684
53.28495933991041,69.4277496091672
53.25289928053494,69.36722030988004
53.28385439549301,69.42977492256576
53.282813794680386,69.39296020182681
53.32402961645324,69.25911742585126
53.3054235023079,69.39420422072925
53.331437547800554,69.26905822862435
53.26302783828962,69.36643752672114
53.267712153637035,69.37572727244863
53.284255603480254,69.39187845635978
53.2877604369439,69.40559130523364
53.27541607833838,69.41382736731218
53.287573649988296,69.3862028469192
53.25962778901817,69.36103195016146
53.27314777656941,69.38985235579594
53.292445216844676,69.38895290161672
53.2852861320398,69.40087567350601
53.27689607489107,69.38836181927661
53.25705045534334,69.40477311942172
53.28504972343324,69.3606754387294
53.28944278594518,69.3399343525078
53.312692928012005,69.38972834351125
53.2692456117866,69.4033638609384
53.28112677648965,69.38378062639225
53.27043572634095,69.40750179025852
53.2692995029942,69.3665895550609
53.27579937019982,69.36393280077746
53.31246540814341,69.39393790272484
53.30356498732339,69.2590441664377
53.283137962573754,69.4062075021379
53.29931793788701,69.30537637365723
53.273422046320135,69.42439780764239
53.28831085493764,69.39695591321258
53.30096892377901,69.42499750051313
53.26196091856619,69.40701945650058
53.27890777263485,69.3570653200462
53.29728273923525,69.42240345738891
53.27280020555843,69.42075330107417
53.298739479484695,69.38528538037849
53.296737490080865,69.40006487542875
53.333181340084195,69.26403645594428
53.27384199855537,69.41181784861972
53.26507633546399,69.36237696739313
53.28435481449216,69.3624757470109
53.32946240310058,69.270629641727
53.29579275393636,69.39955247817045
53.27813598189985,69.35904235057103
53.320063596774496,69.2579542417876
53.28620697234453,69.40344897668456
53.2994753491498,69.42817664384832
53.288209409479144,69.38218384165685
53.32622066122203,69.25810571133317
53.26478928357746,69.3634600266772
53.303929226598285,69.25830596097646
53.27282203884367,69.37639432688455
53.311423490667,69.3834008891478
53.26309735110671,69.37827732698653
53.29994925777105,69.38435834787441
53.2672201527431,69.3850842697306
53.30376159469473,69.25860953733144
53.26761511929899,69.36340289448201
53.29792123331387,69.31707158078335
53.25472199475887,69.38499168051726
53.27923617530128,69.4022292791833
53.271550259020806,69.37367886172979
53.28903387624634,69.43730004054738
53.2646188772147,69.36819242075961
53.268832939134505,69.39109267040885
53.271473908265925,69.3919375780941
53.28350717512734,69.37388947736619
53.31382191495283,69.39419055159232
53.259023918765195,69.36193851584262
53.315385540642716,69.3911432929484
53.25733796042885,69.36268187740856
53.288415373415646,69.40369682785999
53.290124646015585,69.38171749280238
51.07028179214278,70.98081337953687
53.28196797789403,69.4300900026123
53.309179910529934,69.3858487835024
53.26813031600601,69.36853489842714
53.29113118563372,69.37672442017494
53.27131911711744,69.40719986977159
53.274248981614136,69.35988332861974
53.31050074316395,69.39009281115787
53.28504313821559,69.38560573639565
53.288527238279876,69.37387559583931
53.2823601922957,69.37959614324117
53.30067302889521,69.42731056153777
53.31050562613497,69.39116671899662
53.28583462605053,69.36954408689795
53.28983275478212,69.40681105854492
53.29036131938432,69.4030011910778
53.290865656042484,69.3785141551433
53.288778807081876,69.40337246364436
53.25996365653724,69.40282195959655
53.29180207908538,69.33533716709665
53.264870345498814,69.36405695774198
53.31410739183128,69.39212178944149
53.30038918075826,69.38482291761588
