44.873163367,65.4862314222,1.0,
50.2019901353,57.2887070237,1.0,
50.2030159093,57.2759595595,1.0,
50.2061923353,57.2802635516,1.0,
50.2105044488,57.2716644701,1.0,
50.2120820423,57.2749027045,1.0,
50.212967695,57.2719104531,1.0,
50.2139954206,57.2764816442,1.0,
50.2153851942,57.2755029844,1.0,
50.2371223782,57.2320122511,1.0,
50.2487599396,57.2406957494,1.0,
50.2493802099,57.2449942738,2.0,
50.2502408778,57.2425291754,1.0,
50.2503004511,57.2436902282,1.0,
50.2503810333,57.2444108422,1.0,
50.2508294726,57.2469432499,1.0,
50.2510316477,57.2440016707,1.0,
50.2510761086,57.2426316499,1.0,
50.2516811045,57.2431165645,1.0,
50.2519568244,57.248166794,1.0,
50.2527304222,57.2436455732,2.0,
50.2527926248,57.2428947438,1.0,
50.253080785,57.2386476689,1.0,
50.2534752011,57.2373828136,1.0,
50.2535479326,57.2431600342,1.0,
50.2537464483,57.2385452291,1.0,
50.2538385981,57.2483010974,1.0,
50.2540293757,57.242281572,1.0,
50.2541967581,57.2427403558,2.0,
50.2542659864,57.2363230649,1.0,
50.2544406103,57.2400681061,1.0,
50.2544450025,57.2386136251,2.0,
50.2545370624,57.2393480884,1.0,
50.254549294,57.2407649658,2.0,
50.2548351655,57.2438584705,2.0,
50.2549780221,57.2475616035,1.0,
50.2553499645,57.2363656018,1.0,
50.2553577852,57.2459242581,4.0,
50.2555805382,57.2419371413,1.0,
50.2557326304,57.2408846078,1.0,
50.2557910641,57.2402221044,1.0,
50.2558673483,57.2392872622,1.0,
50.2560259547,57.2359774898,1.0,
50.2560772388,57.2282345298,2.0,
50.2561204638,57.2350239542,1.0,
50.2561917182,57.2415244925,1.0,
50.2563914854,57.2401569722,1.0,
50.2564048398,57.2401719794,8.0,
50.2564827714,57.2154955256,1.0,
50.256521975,57.2464566598,1.0,
50.2567044851,57.2346805538,2.0,
50.2568685777,57.2441549589,1.0,
50.2569187037,57.2399266145,1.0,
50.2570578928,57.243195887,1.0,
50.2571104508,57.2397867539,4.0,
50.257160848,57.2384965333,1.0,
50.2573692347,57.2402299069,1.0,
50.2576779702,57.2347978328,1.0,
50.2577404987,57.2367707524,2.0,
50.2577582497,57.2308850535,1.0,
50.2577728751,57.2362009332,1.0,
50.2586652825,57.2383652569,1.0,
50.258724698,57.2438868161,1.0,
50.258878885,57.2307176826,1.0,
50.2592189062,57.2443942922,1.0,
50.2593185369,57.2350758822,1.0,
50.2593454672,57.2302489168,1.0,
50.2594591848,57.2358733768,1.0,
50.2595865487,57.2377408614,1.0,
50.2597899747,57.2434635113,1.0,
50.2607674892,57.2273015339,1.0,
50.2608682254,57.2321503671,1.0,
50.2609892897,57.2231327237,1.0,
50.261107732,57.2074961833,2.0,
50.2611394287,57.2342250118,1.0,
50.2611532631,57.2224437153,1.0,
50.2613763605,57.2057369915,1.0,
50.2614505598,57.2347854864,1.0,
50.2615786391,57.2238587202,1.0,
50.2616777151,57.2339861596,1.0,
50.2616835695,57.2316975708,1.0,
50.2617138236,57.2088881471,1.0,
50.2623192068,57.2313417135,2.0,
50.2625504252,57.2095987083,1.0,
50.2629586011,57.2333046298,1.0,
50.2630954689,57.2338876576,1.0,
50.2631906438,57.2073956726,1.0,
50.2632596587,57.2310908344,1.0,
50.2634900508,57.2124556708,2.0,
50.2636845357,57.2132164754,1.0,
50.2637529525,57.2341552295,1.0,
50.2638155852,57.214123216,1.0,
50.2639722308,57.232480536,1.0,
50.2639740604,57.2355304617,1.0,
50.2641374613,57.2058906015,1.0,
50.2642454631,57.2075541095,1.0,
50.2643511741,57.233211361,1.0,
50.2643773502,57.2139747336,1.0,
50.2644832152,57.2364875419,1.0,
50.2645129287,57.1988369952,1.0,
50.26454272,57.2375690485,2.0,
50.2648398821,57.2321366412,1.0,
50.2648665417,57.2014814834,1.0,
50.2649157954,57.2355974743,1.0,
50.2650384519,57.2068754235,1.0,
50.2651198323,57.2127168147,1.0,
50.2651500476,57.2113426897,1.0,
50.2651623446,57.2333548741,1.0,
50.2653029663,57.2383148019,2.0,
50.2653613805,57.2485669566,1.0,
50.2653965969,57.2135067029,1.0,
50.2654835232,57.2418574871,1.0,
50.2654850041,57.2310493616,1.0,
50.2656087439,57.221670503,1.0,
50.2656204801,57.2329395215,1.0,
50.2658150033,57.2114861299,1.0,
50.2658256986,57.2394433064,1.0,
50.2660563896,57.2082745364,1.0,
50.2661404306,57.2220273727,1.0,
50.2661797339,57.2031911628,1.0,
50.2662872725,57.2353524984,1.0,
50.266287489,57.2367859447,1.0,
50.2662904685,57.2204767463,1.0,
50.266302411,57.2443591981,1.0,
50.2663093554,57.2435488016,1.0,
50.2664296338,57.2375671568,1.0,
50.2665092972,57.2347720298,1.0,
50.2665379353,57.2215559823,2.0,
50.2665387246,57.2335372415,1.0,
50.2666267305,57.2015616269,1.0,
50.2666331623,57.2136093227,1.0,
50.2667418136,57.202310529,1.0,
50.2669314541,57.2453855624,1.0,
50.2669354109,57.2394392366,1.0,
50.2671231532,57.2181462208,1.0,
50.2671551591,57.2137998365,1.0,
50.2671793699,57.2317874735,1.0,
50.2672066267,57.216967714,1.0,
50.2672229473,57.2402155637,2.0,
50.267260819,57.20289614,1.0,
50.2672839279,57.2196801257,2.0,
50.2673515276,57.2303363405,1.0,
50.2674002238,57.211709087,1.0,
50.2674258204,57.2370907212,1.0,
50.2674413654,57.2086904114,1.0,
50.2674738929,57.2175001961,1.0,
50.2675311477,57.2425167266,1.0,
50.267557987,57.2045546246,1.0,
50.2675977363,57.2430777327,1.0,
50.2676388124,57.2149228748,1.0,
50.2676673343,57.198863398,1.0,
50.2676819665,57.2380142406,1.0,
50.2677498624,57.2205388905,2.0,
50.2678809153,57.1960422586,1.0,
50.2679188167,57.2412132285,1.0,
50.2679208558,57.2017555521,1.0,
50.2679287087,57.2004530752,1.0,
50.2679474286,57.2077679963,2.0,
50.267978416,57.2418685456,1.0,
50.2680232291,57.1993377475,1.0,
50.268045748,57.2316947557,1.0,
50.2680702294,57.2343579879,1.0,
50.2680872794,57.2083810657,1.0,
50.2682552497,57.2036733303,1.0,
50.2684815269,57.2077171926,1.0,
50.2685018364,57.2302431748,1.0,
50.2685303452,57.2292911831,1.0,
50.2685618941,57.2403291128,1.0,
50.2686590266,57.2182412555,1.0,
50.2686605514,57.2015384677,1.0,
50.2687152045,57.2372475798,1.0,
50.2688463988,57.2068946847,1.0,
50.2688805275,57.2333910028,1.0,
50.2688842268,57.2358497768,1.0,
50.2689752209,57.2142030049,1.0,
50.2690375452,57.2095410104,1.0,
50.2690579416,57.2413769103,2.0,
50.2691000015,57.2198075247,1.0,
50.269147124,57.2147462837,1.0,
50.2691588786,57.1966859924,1.0,
50.2692187937,57.2184289722,1.0,
50.269256356,57.2128676601,1.0,
50.269276092,57.2079987355,1.0,
50.2693703704,57.2137122287,1.0,
50.2693727869,57.2212758699,1.0,
50.269470161,57.2320279002,1.0,
50.2695308317,57.2018533748,2.0,
50.2695624086,57.2097791187,4.0,
50.2695771345,57.2451194681,1.0,
50.2695987502,57.1914892767,1.0,
50.2696103541,57.2418554145,1.0,
50.2696287319,57.1982674053,1.0,
50.2698102926,57.2072266329,2.0,
50.2698167224,57.2126764235,1.0,
50.2698351238,57.2093944709,1.0,
50.2698885898,57.2077867256,2.0,
50.2699034346,57.2175257785,1.0,
50.2699037619,57.2296544335,1.0,
50.2699367654,57.2280377848,1.0,
50.270006957,57.2035182571,1.0,
50.2700077754,57.2029121897,1.0,
50.270268453,57.2403725095,1.0,
50.2702807784,57.2101511827,1.0,
50.270476543,57.2420569721,1.0,
50.2705471243,57.2015745775,2.0,
50.2705481067,57.2199242842,2.0,
50.2705700034,57.2114187111,1.0,
50.2705815568,57.2382747258,1.0,
50.2705879863,57.2033726424,1.0,
50.2706048364,57.2284161767,2.0,
50.2706495829,57.2289176251,1.0,
50.2706781614,57.2353442005,1.0,
50.2707385308,57.2057155097,1.0,
50.2707451159,57.2091685385,1.0,
50.2708334391,57.2390571734,1.0,
50.2708931849,57.2435474189,1.0,
50.2709223797,57.1992322632,1.0,
50.2709579024,57.2105645017,1.0,
50.270984968,57.2373261093,1.0,
50.2710653726,57.2096780895,1.0,
50.2710756803,57.202320465,1.0,
50.2711030328,57.240478336,1.0,
50.2711257064,57.2116887803,1.0,
50.2711984975,57.2427531591,1.0,
50.2712232752,57.2357918961,2.0,
50.2712402763,57.2076531818,1.0,
50.2713145034,57.2157871593,1.0,
50.2713499006,57.208340797,1.0,
50.2713655268,57.2363669201,2.0,
50.2715079195,57.198947345,1.0,
50.2715368823,57.2055724423,1.0,
50.2716480339,57.2201836705,2.0,
50.2717299835,57.2104536628,1.0,
50.271745642,57.2030825018,2.0,
50.2717828091,57.2087229521,1.0,
50.2718445017,57.2133013953,1.0,
50.2718572258,57.2366084992,2.0,
50.2719977425,57.2183918906,1.0,
50.2720053014,57.2360214554,1.0,
50.2720237506,57.2204566856,1.0,
50.2720718257,57.2155267953,2.0,
50.2721301057,57.2283567695,1.0,
50.2721667347,57.2387768342,2.0,
50.2721774803,57.2378348901,1.0,
50.2721958187,57.2309531013,1.0,
50.2722289559,57.225661495,2.0,
50.2722311055,57.2339595527,1.0,
50.2723364626,57.2191114953,1.0,
50.2723881351,57.2029637386,1.0,
50.2725437072,57.2276455817,1.0,
50.2725811643,57.1919661738,2.0,
50.2727538362,57.1929115415,2.0,
50.2727759193,57.2213496626,1.0,
50.2727984091,57.191084456,2.0,
50.2728389049,57.2085715627,1.0,
50.2728612421,57.2318928185,2.0,
50.272890017,57.2323186349,1.0,
50.2729327908,57.2046683533,1.0,
50.2729726683,57.2072501732,1.0,
50.2730207924,57.2348197487,2.0,
50.2730713741,57.2311929079,1.0,
50.2731408489,57.2320117661,4.0,
50.273148019,57.2289753846,2.0,
50.2731499278,57.2077702021,1.0,
50.2731720168,57.1891001048,2.0,
50.2731813319,57.2262451745,1.0,
50.2732244605,57.1987102816,1.0,
50.273402025,57.1878315872,2.0,
50.2734579852,57.2137991479,1.0,
50.2734745702,57.2177172779,1.0,
50.2734991359,57.2356563823,2.0,
50.2735409748,57.2257508907,2.0,
50.2735512255,57.227837914,1.0,
50.2736054654,57.2319420697,1.0,
50.2736172117,57.2204230585,2.0,
50.2736586387,57.221545463,1.0,
50.2736949646,57.2325368534,1.0,
50.2737619457,57.231181426,1.0,
50.2738086008,57.2033404236,1.0,
50.2738166297,57.1860627539,1.0,
50.2738791325,57.1934844633,2.0,
50.2738851132,57.220046004,1.0,
50.273924545,57.2328261522,2.0,
50.2739485589,57.2249181152,1.0,
50.2739964139,57.2189592773,1.0,
50.2740005172,57.226320045,1.0,
50.2740070148,57.1871874533,2.0,
50.2740173341,57.2039644747,1.0,
50.2740382438,57.1991682698,1.0,
50.2740934593,57.1881484723,2.0,
50.27414134,57.2210755157,1.0,
50.2741506137,57.2334050387,1.0,
50.2741732029,57.2351651819,2.0,
50.2742680738,57.1856100551,2.0,
50.2742801865,57.2295300995,1.0,
50.2743849881,57.2508795976,1.0,
50.2744976381,57.2341322459,1.0,
50.2745581958,57.3699822887,1.0,
50.274594735,57.2031146746,1.0,
50.2746218982,57.2357513255,2.0,
50.2746936268,57.2161571965,1.0,
50.2748195207,57.2315497026,2.0,
50.2748402556,57.1975724814,1.0,
50.2748895131,57.2266344813,2.0,
50.2748982491,57.2070833155,2.0,
50.275020813,57.1854898165,2.0,
50.2750310529,57.2175722055,2.0,
50.2750460252,57.2273227018,2.0,
50.2750780189,57.2135029298,1.0,
50.2750848263,57.2269897452,1.0,
50.275093477,57.2242360812,1.0,
50.2751333674,57.2237152259,2.0,
50.2751872856,57.2058939267,2.0,
50.2752375503,57.2251495377,1.0,
50.2755366639,57.1886504752,1.0,
50.2755782716,57.2044008626,1.0,
50.2755878869,57.2273285534,1.0,
50.2756884342,57.2250488597,2.0,
50.2757036852,57.2268800292,2.0,
50.2757109875,57.2520986131,1.0,
50.2757288528,57.1871918916,2.0,
50.2757400904,57.1956131812,1.0,
50.2758646177,57.2229035421,2.0,
50.2759800273,57.1741118108,1.0,
50.2760620263,57.2275915856,1.0,
50.2760651867,57.2255009767,1.0,
50.2760762797,57.2263294085,4.0,
50.276102977,57.1881803265,1.0,
50.2761102806,57.2245154311,1.0,
50.2761366216,57.213677892,1.0,
50.2761534965,57.1685375476,1.0,
50.2761816497,57.1889787445,1.0,
50.2762425827,57.1933246866,1.0,
50.2762642506,57.2238966236,1.0,
50.276361383,57.2270195246,1.0,
50.2764182699,57.2299978249,2.0,
50.2764532725,57.1898361984,1.0,
50.2765048352,57.2290384987,1.0,
50.2765573276,57.2201775593,1.0,
50.2766245819,57.172438206,1.0,
50.276643606,57.2002896472,1.0,
50.2766481148,57.1922429064,1.0,
50.2766782246,57.1717770292,1.0,
50.2767727781,57.1951164127,2.0,
50.2768437838,57.225376108,1.0,
50.2768508716,57.2143018302,1.0,
50.2769137796,57.2307703323,1.0,
50.2769579666,57.2278013692,2.0,
50.2770653252,57.2247128048,1.0,
50.2770909923,57.1893552903,2.0,
50.2771254606,57.2123169768,1.0,
50.2771485367,57.190977675,2.0,
50.277169662,57.2107276097,1.0,
50.2771794139,57.2260672091,2.0,
50.2772118166,57.2228070787,2.0,
50.2772197271,57.1916735433,2.0,
50.277332765,57.1957360791,2.0,
50.2774078158,57.2254730264,2.0,
50.2774357147,57.2282278408,1.0,
50.2774394898,57.2190885151,1.0,
50.2775099123,57.221326003,2.0,
50.2775404103,57.2305858027,2.0,
50.2775867003,57.1945158122,1.0,
50.2776714347,57.1938138983,1.0,
50.2776906147,57.2844940246,1.0,
50.277695992,57.1996904622,2.0,
50.2777128612,57.2719093531,1.0,
50.27774039,57.2249237081,1.0,
50.2777667397,57.1961758097,1.0,
50.2777854093,57.2316011043,2.0,
50.2777856088,57.1680573872,2.0,
50.2778633421,57.1986706597,2.0,
50.2778740141,57.2226748699,1.0,
50.277898064,57.1914948701,2.0,
50.2779393392,57.1904001366,2.0,
50.2780423598,57.2102607484,1.0,
50.2780755796,57.2323314304,1.0,
50.2781201808,57.2038067814,1.0,
50.2781280695,57.2273874192,1.0,
50.2781422612,57.2020144922,1.0,
50.2781621237,57.1982609485,1.0,
50.2782174144,57.2346356051,1.0,
50.2782614657,57.2184509859,1.0,
50.2782745918,57.2256784391,1.0,
50.2783002738,57.2296146102,2.0,
50.278307165,57.2093509024,1.0,
50.2783338262,57.2264926149,1.0,
50.27840197,57.2248211504,1.0,
50.2784019711,57.2203398352,1.0,
50.278457744,57.2360503664,1.0,
50.2784753146,57.2292735758,1.0,
50.2784862141,57.231968544,2.0,
50.278501452,57.2280900074,2.0,
50.278524545,57.2304625796,2.0,
50.2785257647,57.2016092419,2.0,
50.2785663406,57.2193199812,4.0,
50.2785818836,57.2268889365,2.0,
50.2786162534,57.2143380911,2.0,
50.2787210304,57.2336783451,2.0,
50.278785967,57.2275420751,4.0,
50.2787976591,57.2177639892,2.0,
50.278841155,57.2029561496,1.0,
50.2788652575,57.2024139073,1.0,
50.2788760511,57.1955471247,2.0,
50.2789187824,57.2222994423,1.0,
50.2789544373,57.1928908243,2.0,
50.27895655,57.1669096302,2.0,
50.2790279085,57.1936221356,2.0,
50.2790646356,57.2104501554,1.0,
50.2790651241,57.1763598123,1.0,
50.2791057378,57.2270125676,1.0,
50.2791178956,57.1950166525,2.0,
50.2791342962,57.2296347757,2.0,
50.2791761591,57.233497286,1.0,
50.2791844532,57.232281021,2.0,
50.2791950742,57.2055938953,1.0,
50.2791968657,57.2258391991,2.0,
50.2791997907,57.1621730533,1.0,
50.279204099,57.2065397554,1.0,
50.2792408107,57.1730742883,1.0,
50.2792667762,57.2362689963,1.0,
50.279301262,57.2244656924,2.0,
50.2793043672,57.1639906286,1.0,
50.2793175614,57.2230480352,2.0,
50.2793331424,57.2170787278,2.0,
50.2793811543,57.2235763064,1.0,
50.2794131544,57.2686698051,2.0,
50.2794246414,57.2372709115,1.0,
50.2794482275,57.2308304889,2.0,
50.2794614409,57.1707498516,1.0,
50.2794682751,57.2179492521,1.0,
50.2794690215,57.2253012773,1.0,
50.279540692,57.2185957587,1.0,
50.2795422752,57.227422166,1.0,
50.2795692316,57.2309975203,1.0,
50.2795892435,57.2339938948,1.0,
50.279601535,57.1626106453,1.0,
50.2796130198,57.2317712122,4.0,
50.2796197789,57.1690470568,1.0,
50.2796631986,57.1954745889,1.0,
50.2796928442,57.1959815409,2.0,
50.2797024206,57.2017876616,1.0,
50.2797043946,57.2392320492,1.0,
50.279744043,57.1762878579,1.0,
50.2797577822,57.2261519826,2.0,
50.2797618274,57.2742831428,1.0,
50.2797648457,57.2319350735,1.0,
50.2797701483,57.2377075463,1.0,
50.2797963597,57.205362543,1.0,
50.2798102902,57.229871484,8.0,
50.2798127918,57.1637955303,1.0,
50.279834131,57.1747579412,1.0,
50.2798635524,57.1739229204,1.0,
50.2798640911,57.2155716428,1.0,
50.2798676574,57.21641097,2.0,
50.2798686864,57.2309896424,4.0,
50.2798768113,57.2677298358,2.0,
50.2798931982,57.2174046619,1.0,
50.2799285015,57.2333573123,2.0,
50.2799329156,57.23242856,2.0,
50.2799669218,57.225726073,1.0,
50.2799837555,57.1608647068,2.0,
50.280003179,57.2232506757,2.0,
50.2800046336,57.1647897829,1.0,
50.2800776717,57.1700742646,1.0,
50.2800796387,57.2269369567,1.0,
50.2801645772,57.2356964837,2.0,
50.28021682,57.2191949761,1.0,
50.280218539,57.223253259,1.0,
50.2802452249,57.2219991058,1.0,
50.2802492793,57.2251634104,1.0,
50.2802668255,57.1760155518,1.0,
50.2802901812,57.1772921673,1.0,
50.2803005801,57.1619983055,1.0,
50.2803071199,57.228377091,1.0,
50.280347159,57.2262695606,4.0,
50.2803572353,57.1985987723,1.0,
50.2803595318,57.1687567761,1.0,
50.2803625464,57.2273103669,4.0,
50.2803656334,57.2071768705,2.0,
50.280397633,57.2157525335,2.0,
50.2804152155,57.2291229969,1.0,
50.2804366048,57.229089461,4.0,
50.2804533805,57.2298462727,1.0,
50.2804909413,57.1585140827,2.0,
50.2805199419,57.2212737719,2.0,
50.2805393322,57.2345924683,1.0,
50.2805587131,57.2148352118,1.0,
50.2805915652,57.2165211613,2.0,
50.2806309093,57.2664074,2.0,
50.280658285,57.2255727316,1.0,
50.2806603755,57.1603452006,2.0,
50.2806859106,57.2271543623,2.0,
50.2806999148,57.1975400565,2.0,
50.2807024819,57.2363894196,1.0,
50.2807322743,57.2170907232,2.0,
50.280759656,57.2334500389,2.0,
50.2807667862,57.2379403305,1.0,
50.2808184181,57.2356880419,1.0,
50.2808459352,57.2234078784,1.0,
50.2808553451,57.2692615353,1.0,
50.2808684751,57.2161879991,1.0,
50.2809035037,57.2239941186,1.0,
50.2809123587,57.1679199852,1.0,
50.2809254573,57.226881426,1.0,
50.2809278566,57.2154660006,2.0,
50.2809748938,57.2218160161,1.0,
50.2809848314,57.1613126096,1.0,
50.2809880502,57.1590200739,2.0,
50.2809891634,57.1565260968,2.0,
50.2810213157,57.2290453698,4.0,
50.2810251198,57.1654839297,1.0,
50.2810706937,57.2267012124,2.0,
50.2811217497,57.2941245915,1.0,
50.2811243271,57.1960472706,1.0,
50.2811285632,57.1991683242,2.0,
50.2811509242,57.2209905077,1.0,
50.2811510642,57.2261767021,1.0,
50.2811728102,57.1686839478,1.0,
50.2811746937,57.2186414578,1.0,
50.2811864061,57.1697748919,1.0,
50.2812034452,57.1632849833,1.0,
50.2812045023,57.2261474763,8.0,
50.2812447672,57.2274420027,1.0,
50.2812735238,57.2360797338,2.0,
50.281282484,57.2286388752,2.0,
50.2812860712,57.2244930175,2.0,
50.2813566471,57.2363567785,1.0,
50.2813637393,57.2236982178,2.0,
50.2813917339,57.2161576384,2.0,
50.2813954719,57.2108103941,1.0,
50.2813973868,57.2209285301,4.0,
50.2814133864,57.229521583,1.0,
50.2814250397,57.1625787116,1.0,
50.2814276428,57.2019094749,1.0,
50.2814478974,57.2078443556,1.0,
50.281451729,57.1997753405,1.0,
50.2814701793,57.1997813009,2.0,
50.2814779854,57.2225213763,1.0,
50.281515042,57.1752443936,1.0,
50.2815316893,57.2354191911,1.0,
50.2815395286,57.2371707317,1.0,
50.2815439247,57.2218194444,2.0,
50.2815534006,57.2384497261,1.0,
50.2815661227,57.2005345544,2.0,
50.2815873188,57.198823904,2.0,
50.281635706,57.155954356,1.0,
50.2816570831,57.2167344866,2.0,
50.2816687188,57.1959179179,2.0,
50.2816756171,57.2165853894,4.0,
50.2816853987,57.2166146497,1.0,
50.2817102545,57.2337316257,1.0,
50.2817119271,57.2139765766,1.0,
50.2817330117,57.2258198425,2.0,
50.2817361279,57.1703893369,1.0,
50.281761502,57.2675277282,1.0,
50.2817626083,57.2573101731,1.0,
50.2817731112,57.2376885145,1.0,
50.2818474976,57.2198353697,2.0,
50.2818523215,57.1554194826,2.0,
50.2818586314,57.2244111473,2.0,
50.2818815854,57.2190036578,1.0,
50.2819074925,57.2349815779,1.0,
50.2819124507,57.2459984161,1.0,
50.2819315923,57.2154959954,1.0,
50.2819341007,57.1774502931,1.0,
50.2819538406,57.165980408,1.0,
50.281966459,57.223674608,1.0,
50.2819686658,57.2182320127,1.0,
50.2819815542,57.1572907767,1.0,
50.2820217144,57.2018027905,2.0,
50.2820979646,57.2061797779,1.0,
50.2821016414,57.2230725755,2.0,
50.2821068569,57.1671638216,2.0,
50.2821382576,57.268208903,1.0,
50.2821504531,57.2926144737,1.0,
50.2821595158,57.2328300638,1.0,
50.2821733567,57.1619201613,1.0,
50.2821751011,57.2154774118,2.0,
50.282188066,57.1645381721,2.0,
50.2822199856,57.2174375972,2.0,
50.2822995571,57.1638607182,2.0,
50.2823104124,57.2259963058,1.0,
50.2823340883,57.1942376122,2.0,
50.2823498013,57.2345295784,1.0,
50.2823530687,57.2191394543,2.0,
50.2823885056,57.2866363147,1.0,
50.2824043482,57.235540713,2.0,
50.2824404694,57.2322242567,1.0,
50.2824454187,57.2244251975,1.0,
50.2824585312,57.2299164543,1.0,
50.2824618731,57.2085062505,1.0,
50.2824797783,57.1662425074,2.0,
50.2824933945,57.2049352251,1.0,
50.282543387,57.1631649998,2.0,
50.2825521367,57.237872479,1.0,
50.2826286363,57.1733605138,2.0,
50.282657215,57.1613912571,2.0,
50.2826586759,57.2169358439,2.0,
50.2826606977,57.2253605885,1.0,
50.282669448,57.1957166031,1.0,
50.282684959,57.2148286429,2.0,
50.282689741,57.2218711685,1.0,
50.2827237412,57.1515334097,2.0,
50.2827293415,57.1559086714,1.0,
50.2827475766,57.2373000701,1.0,
50.2827515984,57.218333941,1.0,
50.2827909828,57.2267568352,1.0,
50.2827922339,57.2759344816,2.0,
50.2827930114,57.1702189428,2.0,
50.2827952412,57.1758303677,2.0,
50.2827988926,57.2338681069,1.0,
50.2828152297,57.2014536858,2.0,
50.2828207663,57.2362182843,2.0,
50.2828463704,57.17253756,2.0,
50.2828798621,57.2005834957,2.0,
50.2829322553,57.1686791596,1.0,
50.282966184,57.2190506586,1.0,
50.2830273499,57.160821535,1.0,
50.2830423254,57.1943332721,1.0,
50.2830604954,57.1578632033,2.0,
50.2830612804,57.1601221568,2.0,
50.2831396198,57.2178560256,2.0,
50.2831499048,57.2215729377,1.0,
50.283187991,57.1594394826,1.0,
50.2831977595,57.2239473073,1.0,
50.2832108726,57.2142991223,2.0,
50.2832149073,57.1720195667,2.0,
50.2832220677,57.158774818,1.0,
50.2832254086,57.2039756154,1.0,
50.2832271564,57.2081266752,2.0,
50.2832443858,57.2149491831,1.0,
50.2832530281,57.1504417953,2.0,
50.2832698531,57.1631083275,2.0,
50.2833088205,57.2353663854,1.0,
50.2833271524,57.1622549355,1.0,
50.2833314426,57.2385795898,1.0,
50.283421228,57.2228236993,1.0,
50.2834366284,57.219689958,1.0,
50.2834497736,57.1679846632,2.0,
50.2834499259,57.2203569458,2.0,
50.2834608399,57.229134987,2.0,
50.2834616656,57.2250630709,2.0,
50.2834626724,57.2281126826,1.0,
50.2834770272,57.156294152,1.0,
50.2835165218,57.2213541211,2.0,
50.283554084,57.2183573266,2.0,
50.2835736716,57.230858732,2.0,
50.2836120646,57.2243112905,1.0,
50.2836490912,57.2374872971,2.0,
50.2836538484,57.1662308452,2.0,
50.283734502,57.2000055647,2.0,
50.2837349339,57.1999355774,1.0,
50.2837378278,57.160389142,2.0,
50.2837830658,57.1571470038,2.0,
50.2838056996,57.2223680322,1.0,
50.2838070527,57.1945991324,1.0,
50.2838339604,57.1977402501,1.0,
50.2838363777,57.2724764346,1.0,
50.2838497181,57.2167187758,1.0,
50.2838751377,57.2016480789,1.0,
50.2838766709,57.2025719738,1.0,
50.2838899499,57.2442360048,1.0,
50.283910962,57.207008221,1.0,
50.2839261168,57.2193389027,2.0,
50.2839440299,57.2234761152,2.0,
50.2839713075,57.2272577568,2.0,
50.2839967492,57.1622797958,2.0,
50.2840056129,57.2015873961,2.0,
50.2840979527,57.2800379401,1.0,
50.284114165,57.1441603046,2.0,
50.2841326318,57.2282235706,1.0,
50.2841378441,57.1992002835,1.0,
50.2841399963,57.2187059509,1.0,
50.2841423047,57.1585368358,1.0,
50.2841479648,57.2051633762,2.0,
50.2841531977,57.1971634093,2.0,
50.2841568025,57.2154011741,1.0,
50.2842057907,57.1708676915,1.0,
50.2842212306,57.1943139046,2.0,
50.284285813,57.2262462958,1.0,
50.2842874838,57.1609785845,2.0,
50.2843100921,57.1724905236,1.0,
50.2843219115,57.2293026663,1.0,
50.2843382713,57.1492727859,1.0,
50.2843607252,57.2252852806,2.0,
50.2843775028,57.2004056431,2.0,
50.2843817603,57.198590566,2.0,
50.2844416029,57.1577514156,1.0,
50.2844823106,57.1649994425,1.0,
50.2844936571,57.2216291405,2.0,
50.2844989305,57.2142172154,2.0,
50.284566831,57.1642401949,2.0,
50.2845825172,57.2029928646,1.0,
50.2845886987,57.2122303849,1.0,
50.2846000201,57.2244173777,2.0,
50.2846042588,57.1596067911,2.0,
50.2846255463,57.2182471066,2.0,
50.2846322157,57.2373428845,2.0,
50.284664386,57.2385729734,1.0,
50.2846799378,57.1974927863,2.0,
50.2846862249,57.1621490005,2.0,
50.284690857,57.2114898837,2.0,
50.284710502,57.1946175729,1.0,
50.2847148712,57.1957715548,1.0,
50.2847292654,57.217032514,1.0,
50.2847310334,57.2130852563,1.0,
50.2847402536,57.2272688145,2.0,
50.2847430336,57.154213552,1.0,
50.2847601829,57.2207521677,1.0,
50.2847811996,57.2013187327,1.0,
50.2847969421,57.226580142,1.0,
50.2848067545,57.2235529074,1.0,
50.284878047,57.2043362544,1.0,
50.2848975729,57.1588541289,1.0,
50.284912578,57.2154432293,4.0,
50.2849480841,57.229325358,2.0,
50.2849741818,57.1728873453,2.0,
50.2850126761,57.2257070938,2.0,
50.28503979,57.1670497137,1.0,
50.2850528078,57.2185272913,1.0,
50.2850547704,57.1554389823,1.0,
50.2850599838,57.1580662174,1.0,
50.2850876465,57.1632354622,1.0,
50.2851026021,57.2024247084,2.0,
50.2851535206,57.2273700105,1.0,
50.2851892227,57.1964231558,1.0,
50.2852068065,57.2279514302,1.0,
50.2852078744,57.2120538041,1.0,
50.2852615337,57.1617647318,1.0,
50.2852717425,57.1989863294,1.0,
50.2852887751,57.1947677842,1.0,
50.2853109638,57.2156527487,1.0,
50.2853163173,57.1548462666,1.0,
50.285326585,57.2366749605,1.0,
50.2853601115,57.1784825279,1.0,
50.2853656699,57.2317007035,1.0,
50.2853747274,57.1957576566,2.0,
50.2854147264,57.2181048529,1.0,
50.2854405087,57.1677220981,1.0,
50.2854440948,57.1535618129,1.0,
50.2854447274,57.2267254882,2.0,
50.2854450611,57.2215395909,1.0,
50.2854858122,57.1569610704,2.0,
50.2854860022,57.2290805881,1.0,
50.2854875095,57.164740958,2.0,
50.2854903997,57.1637387135,2.0,
50.2855218949,57.1589340234,2.0,
50.2855260062,57.2245175998,4.0,
50.2855486604,57.2926428197,1.0,
50.2855578417,57.2935284348,1.0,
50.285561174,57.1491867509,2.0,
50.2855758742,57.2157353254,2.0,
50.2856231382,57.2130292969,1.0,
50.2856273801,57.2561624289,1.0,
50.2856355463,57.1611370052,1.0,
50.2856357207,57.2304377467,2.0,
50.2856845485,57.2807621554,1.0,
50.2856877167,57.1624573439,1.0,
50.2857100355,57.1716795939,1.0,
50.2857675008,57.2372744859,1.0,
50.2858342408,57.2237541057,1.0,
50.2858522883,57.2151796805,2.0,
50.2858547041,57.1744789451,1.0,
50.2858578285,57.1964011858,1.0,
50.2858928175,57.1792353417,2.0,
50.2858941516,57.1560928409,2.0,
50.2859502599,57.1737695387,1.0,
50.2859707384,57.1578258652,1.0,
50.2859800798,57.2323395429,1.0,
50.2860140166,57.2362494822,1.0,
50.2860271957,57.1659739648,1.0,
50.2860344856,57.1510139951,1.0,
50.2860479526,57.2181154063,1.0,
50.2860536193,57.2266164259,2.0,
50.2860708103,57.1766005214,1.0,
50.2861013972,57.2347906317,1.0,
50.2861166714,57.1735280455,2.0,
50.2861403091,57.2228351088,1.0,
50.2861914793,57.2158950829,2.0,
50.2861977846,57.2310871495,1.0,
50.2862155613,57.2021192127,2.0,
50.2862222677,57.1974961894,2.0,
50.2862383834,57.1451011694,2.0,
50.2862614194,57.1651496557,1.0,
50.2863649056,57.2273948551,2.0,
50.2863852133,57.2342363583,2.0,
50.2864371216,57.2643322982,1.0,
50.2864510613,57.1979857466,1.0,
50.2864595354,57.2038228216,2.0,
50.2864865314,57.2151702774,1.0,
50.286518131,57.2248904291,2.0,
50.286534389,57.1681648835,1.0,
50.2865360543,57.2248854667,1.0,
50.2865516551,57.2270183376,1.0,
50.2865726332,57.1950754037,2.0,
50.2865776004,57.1609542762,1.0,
50.2865959141,57.2113254432,1.0,
50.2866034931,57.2204848271,1.0,
50.2866050842,57.170926819,1.0,
50.2866383187,57.1476437062,2.0,
50.2866606406,57.2101111627,1.0,
50.2866794329,57.164348501,1.0,
50.2867095268,57.2328889308,1.0,
50.2867821857,57.1739550513,1.0,
50.2868216682,57.2080341345,1.0,
50.2868320658,57.2162558439,1.0,
50.2868505008,57.1965701553,1.0,
50.2868740801,57.1748643488,2.0,
50.2869051129,57.2363005673,2.0,
50.2869582551,57.1491732945,1.0,
50.2869674777,57.169975166,2.0,
50.2869780003,57.1790240931,2.0,
50.2869897925,57.2300014736,2.0,
50.2869909091,57.2002464675,1.0,
50.2869998797,57.2616267486,1.0,
50.2870547801,57.1631717392,1.0,
50.2870766104,57.1650855069,1.0,
50.287078882,57.2350951537,1.0,
50.2871010329,57.2290853884,1.0,
50.2871444649,57.2009915297,2.0,
50.2871572316,57.2230234149,2.0,
50.2872028887,57.2210666584,1.0,
50.2872220255,57.1776925066,1.0,
50.287222203,57.1584347053,2.0,
50.2872232068,57.2220503796,2.0,
50.2872248816,57.1957383808,1.0,
50.2872275656,57.2131447577,1.0,
50.2872482044,57.157136327,2.0,
50.2872496836,57.2438180235,2.0,
50.2872663126,57.1676509845,1.0,
50.287290568,57.1802829206,1.0,
50.287304096,57.1713994239,1.0,
50.2873111994,57.2074814855,1.0,
50.2873134523,57.1557683897,2.0,
50.2873157513,57.1476423612,2.0,
50.2873241165,57.2115055381,1.0,
50.2874042946,57.1728242379,2.0,
50.2874667851,57.2260338095,1.0,
50.2874938881,57.1749883305,1.0,
50.2875492927,57.2250216013,1.0,
50.2875610258,57.2104844449,2.0,
50.2876533183,57.2194863987,1.0,
50.2876902944,57.1465503819,2.0,
50.2877118396,57.2003193445,1.0,
50.2877147521,57.1562279115,1.0,
50.2877905259,57.1710374756,1.0,
50.2878138364,57.2162725367,1.0,
50.2878564862,57.2133328194,1.0,
50.2878587357,57.1514649862,4.0,
50.2879412209,57.2207498107,1.0,
50.2879638552,57.1518236725,1.0,
50.2879909226,57.2802239848,1.0,
50.2880055971,57.234060687,1.0,
50.2880100891,57.2415291935,1.0,
50.2880577838,57.2118149063,1.0,
50.288061236,57.169898125,1.0,
50.288098689,57.1776566603,2.0,
50.2881048792,57.1698045251,2.0,
50.2881326865,57.1686688077,2.0,
50.2881341489,57.1966237459,1.0,
50.2881436634,57.2778321434,1.0,
50.2881462986,57.2298567289,1.0,
50.2881677689,57.1526603478,1.0,
50.2882152449,57.1471173667,1.0,
50.2882300885,57.2244474701,1.0,
50.2882612518,57.1741861741,2.0,
50.2882834593,57.1617232631,2.0,
50.2882899659,57.228222719,1.0,
50.2883128518,57.1660027995,1.0,
50.2883298822,57.1575644489,2.0,
50.2883488064,57.1676540467,4.0,
50.2883578366,57.1986715631,1.0,
50.2883740164,57.2167762179,2.0,
50.2884323616,57.172658038,1.0,
50.2884347471,57.2309084392,1.0,
50.2884561655,57.1976377302,1.0,
50.2884703814,57.1797927486,1.0,
50.2884842849,57.1809275042,2.0,
50.2885140046,57.1502890741,1.0,
50.2885279716,57.1602519208,1.0,
50.2886251081,57.2107056885,1.0,
50.2886620743,57.1458261001,1.0,
50.2887031671,57.148664731,2.0,
50.2887370636,57.1744462353,1.0,
50.2887543575,57.1589375194,1.0,
50.2887919711,57.1660423452,2.0,
50.2888472459,57.1707155834,1.0,
50.288870016,57.1993674763,1.0,
50.2889070176,57.3023640489,1.0,
50.2889958613,57.2281985418,1.0,
50.2890050351,57.1535413522,1.0,
50.289015065,57.1699718037,2.0,
50.2890166204,57.1512645682,2.0,
50.2890195247,57.1959176603,1.0,
50.2890454859,57.1641249322,1.0,
50.2890578788,57.1721875454,2.0,
50.2890776381,57.177061922,1.0,
50.2890820757,57.2203370432,2.0,
50.2890834581,57.2050631992,1.0,
50.2891035045,57.2141007084,1.0,
50.289106718,57.2574222627,1.0,
50.289110925,57.2098957905,1.0,
50.2891220867,57.1983163876,1.0,
50.2891303426,57.1811177689,2.0,
50.2891585996,57.197461301,2.0,
50.2891768373,57.1603141849,1.0,
50.2891896872,57.1691068444,1.0,
50.289210925,57.219542289,1.0,
50.2892250189,57.2298599424,2.0,
50.2892265823,57.1730479075,1.0,
50.2892594687,57.2363681166,1.0,
50.2892627715,57.2229739113,1.0,
50.2892988062,57.2537448096,2.0,
50.2893511668,57.1520521387,2.0,
50.289364884,57.207277512,1.0,
50.2893650319,57.2166257709,1.0,
50.289395104,57.2377866405,2.0,
50.2894108588,57.2182223309,2.0,
50.2894513647,57.2299194908,1.0,
50.2894588113,57.1460993088,1.0,
50.2894690538,57.2067043411,1.0,
50.2895142034,57.2643693251,1.0,
50.2895389929,57.1964277929,1.0,
50.2895995945,57.1518344972,1.0,
50.2896165355,57.145092201,2.0,
50.2896171946,57.2199201703,1.0,
50.2896199521,57.1697627992,2.0,
50.2896268431,57.1755795902,1.0,
50.289640463,57.2521442572,1.0,
50.2896448989,57.1725337678,1.0,
50.2896693305,57.1621336661,2.0,
50.2896742857,57.197518382,1.0,
50.289686512,57.1537729203,1.0,
50.2897241495,57.2570144323,1.0,
50.2897246421,57.1982920697,1.0,
50.2897247271,57.2283935385,1.0,
50.28973357,57.1673783399,2.0,
50.2898513544,57.1507301685,1.0,
50.2898535531,57.2225958987,1.0,
50.2898690204,57.1466236206,1.0,
50.2898713086,57.2856332089,1.0,
50.2898768349,57.2246848076,1.0,
50.289898757,57.1713389429,1.0,
50.2898999546,57.2169181231,2.0,
50.2899158716,57.2073318666,1.0,
50.2899311259,57.1968722626,1.0,
50.2899454614,57.2528292432,1.0,
50.2899555134,57.1655871121,2.0,
50.2899685651,57.2121709535,1.0,
50.2899754022,57.1812270976,2.0,
50.290029795,57.1660741695,1.0,
50.2900989091,57.2294994122,1.0,
50.2901480014,57.1647646561,2.0,
50.2901602672,57.1487303537,1.0,
50.2901815595,57.1802355771,1.0,
50.2901828015,57.2191390284,2.0,
50.2902350757,57.2081686605,1.0,
50.2902485132,57.2156931131,1.0,
50.2902803636,57.2547753645,1.0,
50.2903099016,57.2032247753,1.0,
50.2903298606,57.1680464876,1.0,
50.2903326482,57.213023838,1.0,
50.2904478418,57.2585252428,1.0,
50.2904802295,57.1455674265,1.0,
50.2904921035,57.2971917166,1.0,
50.2904996522,57.2028552376,2.0,
50.2905265856,57.2248447422,1.0,
50.2905409257,57.2302855972,1.0,
50.2905416287,57.1670577418,2.0,
50.2905525026,57.2111085559,1.0,
50.2905603953,57.1409834585,1.0,
50.2905700105,57.2169775608,1.0,
50.2905897273,57.1698964848,1.0,
50.2906570141,57.3043814922,1.0,
50.2907186661,57.4188418048,1.0,
50.2907196363,57.1820971974,2.0,
50.2907341866,57.2269023338,1.0,
50.2907417631,57.1502945052,1.0,
50.2907770496,57.2173168202,2.0,
50.2907780198,57.1570736508,1.0,
50.2908388691,57.2037637542,1.0,
50.2908451467,57.1496209253,1.0,
50.290854139,57.1449342813,2.0,
50.2909168383,57.1821641909,1.0,
50.2909225023,57.2106328052,1.0,
50.2909442961,57.1440495444,2.0,
50.2909708562,57.2257543866,1.0,
50.2909769644,57.1772198353,2.0,
50.29098219,57.1481298261,1.0,
50.2909865438,57.2206642744,1.0,
50.2910595559,57.2364737997,1.0,
50.2910712341,57.2223546937,1.0,
50.2910913636,57.1747354572,2.0,
50.2911036507,57.2727813758,1.0,
50.291119401,57.1601122199,1.0,
50.291163835,57.1459545488,1.0,
50.2912195666,57.2183100898,2.0,
50.2912521334,57.2304755608,2.0,
50.2912572109,57.2228917486,1.0,
50.2912646301,57.2089998314,1.0,
50.2912697065,57.2218132778,1.0,
50.2913490072,57.1735072943,2.0,
50.2913711411,57.1620845032,2.0,
50.2914008514,57.1446974198,1.0,
50.2914105701,57.2044087768,2.0,
50.2914118958,57.2135886565,1.0,
50.291445733,57.1751171738,1.0,
50.2914669896,57.2288897195,1.0,
50.2914703874,57.1618089674,1.0,
50.2914835407,57.2077464026,1.0,
50.2914920975,57.2157994206,1.0,
50.2915032797,57.209993402,1.0,
50.2915214306,57.2142489667,1.0,
50.2915538726,57.2993661061,1.0,
50.2915600065,57.1692788595,2.0,
50.2915780638,57.1265392843,1.0,
50.2916108112,57.146830869,1.0,
50.2916213167,57.2181896199,1.0,
50.291631058,57.2546495606,1.0,
50.2916680684,57.21147504,1.0,
50.2916890921,57.1668992675,1.0,
50.2916934648,57.1456538449,1.0,
50.2917063821,57.163484584,2.0,
50.2917070158,57.2259221522,1.0,
50.2917799999,57.2055525584,1.0,
50.2918320128,57.2230234425,1.0,
50.291855935,57.2282418727,1.0,
50.2919014452,57.14637462,1.0,
50.2919204925,57.1483483284,2.0,
50.2919896616,57.1682211421,2.0,
50.291994023,57.2150399608,1.0,
50.2920447836,57.2308647337,1.0,
50.292120273,57.1828048302,1.0,
50.2921350056,57.2086556405,1.0,
50.2921654333,57.22699468,1.0,
50.2922058984,57.1551973614,1.0,
50.2922296363,57.1490341447,1.0,
50.2922402109,57.1650395916,1.0,
50.2922602195,57.2125411384,2.0,
50.2922801116,57.2145244802,1.0,
50.2922913266,57.1514787274,2.0,
50.2923190761,57.1819677155,1.0,
50.2923194643,57.2246664221,1.0,
50.2923669753,57.2294387248,2.0,
50.2924049486,57.1787306725,1.0,
50.2924178598,57.2237929584,1.0,
50.2924197975,57.2231844845,1.0,
50.2924219616,57.1640530894,1.0,
50.2924294645,57.2225503393,1.0,
50.2924454566,57.1652136676,2.0,
50.2924647403,57.1497170333,2.0,
50.2924901977,57.1524722115,2.0,
50.292493888,57.3403193206,1.0,
50.2925003019,57.1658101457,1.0,
50.2925438713,57.2572126782,1.0,
50.292548168,57.1753555437,1.0,
50.2925497854,57.2585926238,1.0,
50.2925505278,57.2023194999,1.0,
50.2925529059,57.2057923634,1.0,
50.2925801421,57.2174480513,1.0,
50.2925965716,57.1578352955,2.0,
50.2926373844,57.2093143619,1.0,
50.2926547226,57.1425918944,1.0,
50.2926990567,57.2029122456,1.0,
50.2927029024,57.1716204174,2.0,
50.2927038848,57.2609787004,1.0,
50.292721112,57.230156677,1.0,
50.2927759508,57.2077721777,1.0,
50.2927770918,57.1511294562,2.0,
50.2927893012,57.1984111756,1.0,
50.2927899303,57.2291063403,1.0,
50.2928047056,57.2110031621,1.0,
50.2928634492,57.2068815748,1.0,
50.2929008285,57.2247848931,1.0,
50.2929250743,57.167050057,1.0,
50.2930066205,57.2052271237,1.0,
50.2930158159,57.2233215419,1.0,
50.293021437,57.1473282095,2.0,
50.2930712579,57.1728195472,1.0,
50.2931533257,57.1653805308,1.0,
50.2931641857,57.217840135,2.0,
50.2931687259,57.143807531,1.0,
50.293205543,57.2296038181,1.0,
50.2932082241,57.1546424671,1.0,
50.2932308732,57.1733485039,1.0,
50.2932716948,57.2034843904,1.0,
50.2932819327,57.2188528472,2.0,
50.2933249514,57.1667569395,2.0,
50.2933807123,57.2257011642,1.0,
50.2933818914,57.1523532496,2.0,
50.2934300668,57.1737189089,2.0,
50.2934333141,57.215024938,1.0,
50.2934615633,57.2313778582,1.0,
50.2934741449,57.1493248637,1.0,
50.2935023065,57.1430381499,2.0,
50.2935241033,57.178130645,1.0,
50.2935268715,57.1533932553,2.0,
50.2935598676,57.219888376,1.0,
50.2935661261,57.2182193068,1.0,
50.2935849639,57.214076665,1.0,
50.2935868427,57.1752592926,1.0,
50.2935899113,57.1942499119,1.0,
50.2936075788,57.1991701629,1.0,
50.2936132359,57.2303101686,1.0,
50.2937351272,57.17694517,1.0,
50.2937407295,57.2297409473,1.0,
50.2937913124,57.1539521547,2.0,
50.2938065757,57.1684279772,2.0,
50.293813034,57.211164547,2.0,
50.293876129,57.1609627023,2.0,
50.2938873598,57.2153113144,2.0,
50.2938974655,57.1574045642,2.0,
50.2938985687,57.2277498269,1.0,
50.2939097434,57.2229361201,1.0,
50.2939816044,57.1934836038,1.0,
50.2940510523,57.2084030688,2.0,
50.2940559406,57.2078844443,1.0,
50.2940657751,57.1442664798,2.0,
50.2940705382,57.1615995095,1.0,
50.2940929454,57.2495943657,1.0,
50.2941092871,57.1488250563,2.0,
50.2941940042,57.1549660869,2.0,
50.2942647468,57.2247832253,1.0,
50.2942762915,57.2284524442,1.0,
50.2943078515,57.2276460608,2.0,
50.2943344959,57.1678548461,1.0,
50.2943584044,57.1661588389,2.0,
50.2943700906,57.1501231366,2.0,
50.2944029906,57.1531575686,1.0,
50.2944083248,57.1710700244,1.0,
50.2944383072,57.1412791745,2.0,
50.2944389044,57.1845341977,1.0,
50.2944577692,57.2061971254,1.0,
50.2944620272,57.2191630513,1.0,
50.2944782228,57.2097269496,1.0,
50.2945013269,57.1513430779,1.0,
50.2945434411,57.1717421057,2.0,
50.2946100498,57.2224245744,1.0,
50.2946298313,57.212111401,1.0,
50.294641173,57.2310706438,1.0,
50.2946681754,57.2213270985,1.0,
50.2946810976,57.2266259047,1.0,
50.294692485,57.1428277225,1.0,
50.2947397982,57.2134568925,1.0,
50.2947557181,57.1593304145,2.0,
50.2947690131,57.2025525035,1.0,
50.294769366,57.2249334087,2.0,
50.2947974427,57.1728205995,2.0,
50.2948015475,57.1589120971,1.0,
50.2948268088,57.1673086696,2.0,
50.2948437356,57.1709572324,2.0,
50.2948758545,57.1485185016,2.0,
50.2949044557,57.2055662306,1.0,
50.2949293531,57.1417195576,1.0,
50.2949369689,57.1578629472,1.0,
50.2949462888,57.1642469419,1.0,
50.2949678088,57.198343812,1.0,
50.2949756959,57.2305720393,2.0,
50.2949844744,57.1672401723,1.0,
50.2950265112,57.215174344,1.0,
50.2950595927,57.1380925292,2.0,
50.295062339,57.2106371897,1.0,
50.2950779396,57.2315549902,2.0,
50.2950816175,57.2287849526,1.0,
50.2950859257,57.1381727331,1.0,
50.2950882073,57.149270459,1.0,
50.2951042295,57.2034292041,2.0,
50.2951061243,57.2314802156,1.0,
50.2951266139,57.2216774538,1.0,
50.2951835004,57.1425185525,1.0,
50.2951919216,57.2188059117,2.0,
50.2952099722,57.1701519884,1.0,
50.2952429245,57.2036911566,1.0,
50.2952442785,57.140641714,2.0,
50.2952597267,57.2160156239,1.0,
50.2952647392,57.1991920051,2.0,
50.2952754582,57.1413136083,2.0,
50.2953132441,57.1741645354,1.0,
50.2953143734,57.1589848286,4.0,
50.2953207077,57.1502555654,1.0,
50.2953207609,57.1541377817,1.0,
50.2953272265,57.1411147831,1.0,
50.2953620078,57.1725626473,1.0,
50.2953802532,57.220339806,1.0,
50.295401962,57.1523853303,2.0,
50.2954277849,57.1984257478,2.0,
50.2954540878,57.1510438118,1.0,
50.2954722239,57.2057876491,1.0,
50.295527898,57.2266255245,2.0,
50.2955385351,57.217490943,1.0,
50.2955386943,57.206433566,1.0,
50.2955578779,57.1450176113,2.0,
50.2955742603,57.1449858963,1.0,
50.2955905276,57.2087433888,1.0,
50.295595974,57.1403476718,1.0,
50.295611445,57.2245306342,1.0,
50.2957109116,57.1992452697,1.0,
50.2957114465,57.1716782639,1.0,
50.2957115983,57.1663245242,2.0,
50.2957451592,57.1682246201,1.0,
50.2957688145,57.1538039816,1.0,
50.295779456,57.2300198844,2.0,
50.2958331726,57.2029709942,1.0,
50.2958355277,57.1699725169,1.0,
50.2958677802,57.1522656936,1.0,
50.2958700159,57.1733733806,2.0,
50.2959199665,57.1584612822,1.0,
50.2959400306,57.1474103701,1.0,
50.29595086,57.141780285,1.0,
50.2959932019,57.1742172689,2.0,
50.2960066865,57.2249277531,2.0,
50.2960311316,57.1985844879,1.0,
50.2960598924,57.1586058369,2.0,
50.2960807656,57.161526892,1.0,
50.2961043196,57.1446971731,1.0,
50.2961190126,57.2263067198,1.0,
50.2961237526,57.1506297577,1.0,
50.2961256876,57.1728927199,1.0,
50.2961410749,57.2000819153,2.0,
50.296160675,57.2284918879,1.0,
50.296176912,57.2112613275,1.0,
50.2961795657,57.1456195484,2.0,
50.2961814938,57.2066248096,1.0,
50.2961960386,57.1678858922,1.0,
50.2962488516,57.1558199639,1.0,
50.2962804499,57.1876415801,2.0,
50.2962834807,57.2118295136,1.0,
50.2963217288,57.1535375754,2.0,
50.2964118929,57.2125139375,1.0,
50.2964206975,57.2086116601,2.0,
50.2964459789,57.1712691878,1.0,
50.2964649472,57.2300264808,1.0,
50.2965289133,57.1699531555,1.0,
50.2965500442,57.2037507027,1.0,
50.2965627167,57.2195512716,1.0,
50.2965641702,57.1636688726,2.0,
50.2965974016,57.1725430035,2.0,
50.2966016881,57.1579794367,1.0,
50.2966191695,57.166278983,1.0,
50.2966337979,57.1675602573,2.0,
50.2966903356,57.1449749737,1.0,
50.2966936055,57.1513462843,1.0,
50.2966970933,57.225918814,2.0,
50.2967099601,57.1544625411,1.0,
50.2967109875,57.1651442766,2.0,
50.2968124397,57.2235530116,1.0,
50.2968165267,57.2130780197,1.0,
50.2968213904,57.2020943201,1.0,
50.2968215756,57.210948726,1.0,
50.2968699252,57.228174762,2.0,
50.2969072649,57.136486659,1.0,
50.2969176243,57.1364989898,2.0,
50.2969295096,57.1711193199,2.0,
50.2969462607,57.1577229685,2.0,
50.2970039567,57.1585097989,2.0,
50.2970172248,57.2224262745,1.0,
50.297036395,57.2068112816,1.0,
50.2970719614,57.2091054935,1.0,
50.2970778921,57.1742195006,4.0,
50.2970881223,57.22688139,1.0,
50.2971191971,57.1672534366,1.0,
50.2971707613,57.1439875789,1.0,
50.2971790178,57.221769677,1.0,
50.297179562,57.1529980706,1.0,
50.2972546742,57.2026619609,1.0,
50.2972628363,57.1629800637,2.0,
50.297272125,57.1725842979,2.0,
50.2973343408,57.168613263,1.0,
50.2973852519,57.197878102,1.0,
50.2974046845,57.204394671,1.0,
50.2974120082,57.1301980685,1.0,
50.2974205065,57.1994482576,1.0,
50.2974218999,57.1576056327,1.0,
50.2974285414,57.2120422726,1.0,
50.2974398566,57.2231233831,1.0,
50.297452511,57.1643696663,1.0,
50.2975413552,57.157291972,2.0,
50.2975625115,57.2244970902,2.0,
50.297631308,57.2057379347,1.0,
50.2976456708,57.2097962655,1.0,
50.2976517029,57.2128399614,1.0,
50.297658438,57.1510607737,2.0,
50.2976916809,57.1620253626,1.0,
50.2976927547,57.1591970584,2.0,
50.2977370068,57.1442272005,1.0,
50.297742003,57.1545773669,2.0,
50.29774604,57.1659087194,2.0,
50.2977629884,57.2159723609,1.0,
50.2977977032,57.2067975125,1.0,
50.2978059215,57.2174117082,2.0,
50.2978259024,57.1358027588,1.0,
50.2978290605,57.198767699,2.0,
50.2978461124,57.1813906753,1.0,
50.2979170784,57.2259237701,2.0,
50.297918097,57.1581592872,1.0,
50.2979185387,57.1564775785,1.0,
50.2979574292,57.211198655,1.0,
50.2979640616,57.152406708,1.0,
50.2979872806,57.1639608374,1.0,
50.2979925289,57.1709364023,2.0,
50.2980627262,57.2033612364,1.0,
50.2980775597,57.1617541341,2.0,
50.2980909468,57.1401454895,1.0,
50.2980925697,57.2216022516,1.0,
50.2981206466,57.1448379276,1.0,
50.2982003021,57.1441270436,2.0,
50.2982048808,57.2251205228,1.0,
50.2982556399,57.1632958145,1.0,
50.2982741661,57.1499588614,1.0,
50.2983580926,57.1695634363,1.0,
50.2984517492,57.1579793873,1.0,
50.2984545424,57.1508298394,1.0,
50.2984558716,57.1676128273,1.0,
50.2984605506,57.2086095944,1.0,
50.2984798206,57.2668538466,1.0,
50.2984939361,57.153151856,1.0,
50.2985232493,57.1458375619,1.0,
50.2985498878,57.153935806,1.0,
50.2985584939,57.1710640646,2.0,
50.2985784838,57.1410278895,1.0,
50.2986111655,57.1617510004,1.0,
50.2986354097,57.1785106148,1.0,
50.2986393835,57.2113283129,1.0,
50.2987000477,57.1479770901,2.0,
50.2987470713,57.1517689005,1.0,
50.2988037917,57.1546483293,2.0,
50.2988761983,57.1673068493,2.0,
50.298896739,57.163036398,1.0,
50.2989150763,57.2250427441,1.0,
50.2990612441,57.1412743719,1.0,
50.2990691249,57.2200464459,1.0,
50.299077626,57.1467250103,1.0,
50.2990805982,57.2760791312,1.0,
50.2991385679,57.1625315866,2.0,
50.2991608577,57.1702652902,1.0,
50.299173951,57.2088455453,1.0,
50.2992266282,57.1498861861,1.0,
50.299227824,57.1417911985,2.0,
50.2992374368,57.1793102156,1.0,
50.2992476396,57.164718148,1.0,
50.2992699454,57.1475365843,1.0,
50.2993050134,57.2141866742,1.0,
50.2993155452,57.1513399009,2.0,
50.2993463928,57.153159846,2.0,
50.2993679512,57.1547730381,1.0,
50.2994114376,57.2102252374,1.0,
50.2994664714,57.1638052275,1.0,
50.2995063478,57.216706666,1.0,
50.2995197298,57.2161642657,1.0,
50.2995315426,57.2095610849,1.0,
50.2995377666,57.1458476311,1.0,
50.29955075,57.1603963918,1.0,
50.2995723273,57.1415043427,1.0,
50.2996481749,57.1628076423,2.0,
50.2997385274,57.1464986115,1.0,
50.2997624879,57.2140514295,2.0,
50.2998383669,57.2180860704,1.0,
50.299841794,57.2036181672,1.0,
50.2998554754,57.1966095295,1.0,
50.2998775883,57.2135799024,1.0,
50.2998848279,57.1647980931,1.0,
50.2998884078,57.1447752206,1.0,
50.2999381502,57.1428048811,1.0,
50.2999451727,57.1574916732,1.0,
50.3000283965,57.1659930727,1.0,
50.3000452629,57.2116407823,2.0,
50.3000910272,57.1770794192,1.0,
50.300096716,57.1369367037,1.0,
50.3000977233,57.1615524218,2.0,
50.3000996848,57.1674225701,2.0,
50.30020455,57.2228026001,1.0,
50.3002397759,57.1415075668,1.0,
50.3002426592,57.2055754059,1.0,
50.3002511912,57.214493222,1.0,
50.3002540326,57.136869491,2.0,
50.3002921103,57.1621662432,1.0,
50.300312038,57.176332975,1.0,
50.300355149,57.210439067,1.0,
50.3004412121,57.1443241437,1.0,
50.3004613062,57.225062391,2.0,
50.3004662636,57.1636535741,1.0,
50.3004898491,57.2119343699,1.0,
50.3005152995,57.2080049539,1.0,
50.3005173446,57.1501838267,2.0,
50.3005580925,57.1609145604,1.0,
50.3005723358,57.1688764232,2.0,
50.3005736579,57.2151851792,1.0,
50.300575869,57.2173252214,1.0,
50.3005802529,57.2024520695,1.0,
50.3006126156,57.1372729943,1.0,
50.3006197362,57.1365275955,1.0,
50.3006726849,57.2242362587,2.0,
50.300717196,57.2136946038,1.0,
50.3007552829,57.1497937392,1.0,
50.3007616897,57.1322326468,1.0,
50.3007795359,57.2828035011,1.0,
50.3007813382,57.2051252422,4.0,
50.3007903353,57.1644505754,2.0,
50.300824949,57.1511161784,1.0,
50.3008327378,57.1678491592,4.0,
50.3008618001,57.1984013063,1.0,
50.3008697338,57.1613853469,1.0,
50.3008891452,57.1588311928,1.0,
50.3009145591,57.1391836016,2.0,
50.3009796942,57.2222832178,2.0,
50.3011920752,57.2156535146,2.0,
50.3012158241,57.1469255216,1.0,
50.3012214426,57.1651423981,1.0,
50.3012448398,57.2165960493,1.0,
50.3012873874,57.148548225,1.0,
50.3014092298,57.2153733983,1.0,
50.3014274335,57.2207983297,1.0,
50.3014896957,57.1607103184,1.0,
50.3015014519,57.1331983817,1.0,
50.3015913481,57.1677206294,2.0,
50.3016028982,57.2077808558,1.0,
50.30161078,57.2054199415,1.0,
50.3016162434,57.1529680261,4.0,
50.3016920208,57.1494059132,1.0,
50.3017123667,57.1505445343,1.0,
50.3017133084,57.1409303408,2.0,
50.3017318573,57.1452485849,1.0,
50.3017351875,57.2071389475,2.0,
50.3017820452,57.2136791347,2.0,
50.3017838198,57.1481125998,1.0,
50.3018069274,57.2114458274,1.0,
50.3018897503,57.2093180269,2.0,
50.3019852357,57.1526469074,2.0,
50.3020394402,57.2195776647,2.0,
50.3020534438,57.1633063153,1.0,
50.3020559842,57.1665352238,2.0,
50.3020774317,57.1397508211,2.0,
50.302135382,57.1490311952,1.0,
50.3021784154,57.1423539758,1.0,
50.3021829151,57.1406953698,1.0,
50.3022594491,57.1577414138,2.0,
50.3023097371,57.1536104729,2.0,
50.3023592428,57.1352377138,1.0,
50.3024638433,57.2063925845,1.0,
50.3025456291,57.1554399375,2.0,
50.3025808609,57.148532773,1.0,
50.3026038847,57.1562684904,2.0,
50.3026083221,57.2102607215,2.0,
50.302617272,57.1521798696,4.0,
50.302658095,57.1499959457,1.0,
50.3026623435,57.1372057857,1.0,
50.30268305,57.2189271321,2.0,
50.3027011933,57.1525090462,1.0,
50.3027280761,57.1400656994,2.0,
50.3027376054,57.16658672,2.0,
50.3027429182,57.1592983897,2.0,
50.3028273615,57.1573625306,1.0,
50.302895367,57.1384271483,1.0,
50.3030359673,57.1534382074,1.0,
50.3031090522,57.148315689,1.0,
50.3031290623,57.1676404047,1.0,
50.3032227012,57.2132429989,1.0,
50.3032237717,57.21105575,1.0,
50.3032472309,57.1345611941,2.0,
50.3032792519,57.1588936553,2.0,
50.3033511118,57.1569716208,2.0,
50.3033935001,57.1616550063,1.0,
50.3034438336,57.1440589192,1.0,
50.3034765634,57.2089819433,1.0,
50.3035654522,57.1479551298,1.0,
50.3035724825,57.1517694273,2.0,
50.3036409477,57.1586267505,1.0,
50.3036520603,57.1412708578,1.0,
50.3036669561,57.2105296946,2.0,
50.3036749056,57.1369350975,2.0,
50.3036930522,57.1623692017,1.0,
50.3037892761,57.1598493896,1.0,
50.3037898206,57.1466372239,1.0,
50.3038241958,57.1527324656,2.0,
50.3038328763,57.1634920124,1.0,
50.3038968493,57.137679631,1.0,
50.3039324497,57.1508906208,2.0,
50.3039572449,57.2089159969,2.0,
50.3039673753,57.1396323886,2.0,
50.3039823356,57.1577563945,2.0,
50.3039962333,57.1565772819,1.0,
50.3040023764,57.1476235574,1.0,
50.3041169915,57.1538866183,1.0,
50.3041483082,57.1583025907,1.0,
50.3041545721,57.1692326419,1.0,
50.3042261673,57.146306658,1.0,
50.3042714566,57.2105727874,2.0,
50.3042762225,57.2094232981,1.0,
50.3043628198,57.2108331635,1.0,
50.3043776177,57.1505605251,2.0,
50.3043955591,57.1561689655,1.0,
50.3043996728,57.1363678817,1.0,
50.3044007989,57.1457905359,2.0,
50.3045448589,57.1643157511,1.0,
50.3046097346,57.1362240278,2.0,
50.3047293541,57.162730789,1.0,
50.3048373365,57.1502058867,2.0,
50.3049066045,57.1577084335,1.0,
50.3049090158,57.15579081,2.0,
50.3050663935,57.2932970158,1.0,
50.305107806,57.133184019,1.0,
50.3053242784,57.1615494886,1.0,
50.3053377168,57.2203256026,1.0,
50.3053493628,57.3029694176,1.0,
50.3053649793,57.1567631446,1.0,
50.3054082691,57.1583414879,1.0,
50.3054285327,57.155414711,1.0,
50.3054769493,57.2817598749,1.0,
50.3055259662,57.1539917658,1.0,
50.3055341553,57.2132763535,2.0,
50.3055773685,57.1518765183,1.0,
50.3056066176,57.1328097437,2.0,
50.305755619,57.1625106658,2.0,
50.3057679069,57.1524853164,1.0,
50.3057942601,57.1563245781,2.0,
50.3059014056,57.1633500731,1.0,
50.3059493801,57.153075534,2.0,
50.3059609538,57.1555071926,1.0,
50.3060051703,57.1607102249,1.0,
50.3060154212,57.1574586648,2.0,
50.3060265229,57.1485968152,1.0,
50.3060301464,57.1351728247,1.0,
50.3060878501,57.1416168901,1.0,
50.3062269728,57.2159637015,1.0,
50.3062469974,57.149319731,2.0,
50.3062980274,57.1343790804,1.0,
50.3063554839,57.1512921932,2.0,
50.3063562286,57.1444700304,2.0,
50.3063777938,57.1521966421,1.0,
50.3065770055,57.1550084567,1.0,
50.3065932188,57.1528698036,1.0,
50.3065976004,57.1542896003,1.0,
50.3066271303,57.1572895516,2.0,
50.3067279309,57.1424065739,1.0,
50.3068060144,57.1333701254,1.0,
50.3068172688,57.1624687953,1.0,
50.3068688888,57.1533048636,2.0,
50.3068975338,57.1554801584,1.0,
50.3069051067,57.1538641162,2.0,
50.3069149284,57.1565302744,1.0,
50.3069371065,57.1484020376,1.0,
50.3069883412,57.1407267549,1.0,
50.3070009221,57.1489918404,1.0,
50.3070621621,57.1516104149,2.0,
50.307175336,57.1412399729,1.0,
50.3071969153,57.2902849211,1.0,
50.3072026611,57.1615800682,1.0,
50.3072395878,57.3095492643,1.0,
50.3073315321,57.1500430427,1.0,
50.3073703391,57.1529013424,1.0,
50.3073704579,57.1314766768,1.0,
50.3074278798,57.1328159693,1.0,
50.3074963396,57.134960357,1.0,
50.3074984258,57.148606901,2.0,
50.3075236008,57.155390114,2.0,
50.3075653513,57.1541082576,2.0,
50.3075733067,57.1333664527,2.0,
50.3075801059,57.1584712185,1.0,
50.307619142,57.1505649212,1.0,
50.3076324236,57.1568380979,2.0,
50.3076365421,57.2922904944,1.0,
50.307653515,57.1444398852,1.0,
50.3076913063,57.1315225737,2.0,
50.3077013859,57.159907252,1.0,
50.307867508,57.1610781639,1.0,
50.3078908248,57.1538787763,1.0,
50.3079604334,57.1524380016,2.0,
50.3079628843,57.1393793946,1.0,
50.3079873609,57.1482462918,2.0,
50.3081884574,57.1474846656,2.0,
50.3082309646,57.1462395951,1.0,
50.3082326392,57.15500998,1.0,
50.3082537432,57.1334551414,1.0,
50.3083590698,57.1312852279,1.0,
50.308369096,57.1499869467,1.0,
50.3083950118,57.1492479528,1.0,
50.3084044271,57.1468474902,1.0,
50.3084153709,57.1606576807,2.0,
50.3084912236,57.1411200709,1.0,
50.3085102557,57.1667349407,1.0,
50.308512178,57.1437864077,1.0,
50.308525257,57.1580010635,1.0,
50.3085452788,57.1345363563,1.0,
50.3085726228,57.1557532968,2.0,
50.3087978625,57.1329636292,1.0,
50.3088573489,57.1557182389,1.0,
50.3089014126,57.1373656448,1.0,
50.3089641529,57.1500544683,1.0,
50.3089679294,57.1532835313,2.0,
50.3090049342,57.1595297181,1.0,
50.3090164561,57.1604915682,1.0,
50.3090176038,57.2922850096,1.0,
50.3090306904,57.1522569409,2.0,
50.3090485889,57.1563497118,1.0,
50.309298822,57.1396345573,1.0,
50.309302738,57.1484888345,1.0,
50.3095455169,57.1441133233,1.0,
50.3095528186,57.1403259035,1.0,
50.3096051154,57.1461940594,2.0,
50.3097006328,57.1590180424,2.0,
50.3097765565,57.1315996787,2.0,
50.3098935521,57.1360362598,1.0,
50.3099136874,57.1330580024,1.0,
50.3099829044,57.1480082963,2.0,
50.3101014452,57.1466736812,1.0,
50.3101146799,57.1436421705,1.0,
50.310142095,57.1368995689,1.0,
50.310209203,57.1529094274,1.0,
50.3102755014,57.1459317599,1.0,
50.3102792673,57.1490538667,2.0,
50.3103253652,57.1515061448,1.0,
50.3103349879,57.1484993761,2.0,
50.3103949999,57.3085249647,1.0,
50.3104462062,57.1497603188,2.0,
50.3104738566,57.1476718781,1.0,
50.3105295418,57.1395840181,1.0,
50.3106302923,57.1313540494,2.0,
50.31067934,57.1413964859,1.0,
50.31073081,57.1519939604,1.0,
50.3107566202,57.1464523101,1.0,
50.310874655,57.135875628,1.0,
50.3109230863,57.1322975317,2.0,
50.3109641856,57.1470834627,2.0,
50.3109741808,57.1480410024,2.0,
50.3110166867,57.3021375909,1.0,
50.3110786515,57.1397283427,2.0,
50.3111064772,57.1455503398,1.0,
50.3111132562,57.3056953032,2.0,
50.3111336111,57.1409134493,1.0,
50.3111926006,57.1516529746,1.0,
50.3112758896,57.141987811,2.0,
50.3114139245,57.1477217884,1.0,
50.3114332667,57.2940101829,1.0,
50.3114655046,57.1457912971,2.0,
50.3116002094,57.1315883983,1.0,
50.3116099591,57.3035270349,1.0,
50.311636201,57.143143923,1.0,
50.3117242389,57.1374146631,1.0,
50.3118035336,57.297725427,1.0,
50.3119260802,57.1454139928,1.0,
50.3121712834,57.1311123383,2.0,
50.3122025775,57.1389022665,1.0,
50.3125164442,57.1471573926,1.0,
50.3125417653,57.1308737441,1.0,
50.3125649075,57.1478179105,1.0,
50.3125819301,57.1430417217,1.0,
50.3125830927,57.1331729472,1.0,
50.3125831382,57.2517559617,1.0,
50.3126754341,57.1407760776,2.0,
50.312716199,57.2946355495,1.0,
50.3127652884,57.1504541707,2.0,
50.3128051068,57.246609507,1.0,
50.3128080486,57.1625696221,1.0,
50.3128472815,57.1417758873,2.0,
50.3128548909,57.1383967082,2.0,
50.3128916726,57.2992737066,1.0,
50.3130263363,57.136804549,1.0,
50.3130317711,57.2925967889,1.0,
50.3130633743,57.1500312086,1.0,
50.3130766181,57.2540159397,2.0,
50.3130777788,57.298000511,1.0,
50.3130911687,57.1451340592,2.0,
50.3130966432,57.1305573958,1.0,
50.3131475437,57.1484652131,1.0,
50.3132526316,57.1312481606,2.0,
50.3133240672,57.132003415,2.0,
50.3133488434,57.1348748723,1.0,
50.3133672483,57.2972092465,1.0,
50.3133765148,57.1391554339,1.0,
50.31337755,57.1479257565,1.0,
50.3134653087,57.1459299602,2.0,
50.3136216752,57.1420733241,1.0,
50.3136427598,57.1398613666,1.0,
50.3136480594,57.2375380923,1.0,
50.313710794,57.1308912351,1.0,
50.3137239356,57.2524016034,1.0,
50.3137314071,57.1477522456,2.0,
50.3138060554,57.1330105352,1.0,
50.3138246893,57.2535610486,1.0,
50.3138946473,57.3056520985,1.0,
50.3139063733,57.238524518,1.0,
50.3140444154,57.2995085657,1.0,
50.3140613263,57.1488298564,1.0,
50.3140772793,57.140699746,2.0,
50.3142231346,57.1418182972,1.0,
50.3142508455,57.1396062268,2.0,
50.3143735179,57.1357664915,2.0,
50.314403101,57.1469931045,1.0,
50.3144523277,57.131140715,1.0,
50.3145810731,57.1403340974,1.0,
50.3145847058,57.1335453993,2.0,
50.3146066273,57.1460323318,1.0,
50.3147030869,57.1263361218,1.0,
50.3147126077,57.1505101645,2.0,
50.3148172886,57.1448955426,1.0,
50.3150190655,57.1347695855,1.0,
50.3151526091,57.1548318164,1.0,
50.3153880699,57.1267747197,1.0,
50.3154659926,57.1553416129,1.0,
50.3154707424,57.1362861777,2.0,
50.315491673,57.3152781602,1.0,
50.3154966026,57.2417091208,1.0,
50.3155932579,57.134745357,1.0,
50.3156165281,57.1331401253,1.0,
50.3156316789,57.1389379479,2.0,
50.3157528186,57.1523392837,1.0,
50.315755952,57.1422363435,1.0,
50.3158161753,57.1273747407,1.0,
50.315816306,57.153828538,1.0,
50.3158643527,57.1431375331,1.0,
50.3158695662,57.31649445,1.0,
50.3158804389,57.1264995753,1.0,
50.3158860818,57.151877955,2.0,
50.3159696537,57.1299911975,1.0,
50.3160934206,57.3149065269,1.0,
50.316135897,57.1282038909,1.0,
50.3161431846,57.1467114199,1.0,
50.3161500501,57.1323482882,1.0,
50.3161751154,57.1233709708,2.0,
50.3162619528,57.1477286056,2.0,
50.3162992107,57.1311752949,1.0,
50.316334981,57.153613378,1.0,
50.3164119653,57.2917407807,1.0,
50.3164488299,57.3154508646,1.0,
50.3166180392,57.1435274963,2.0,
50.3166492574,57.1344305915,1.0,
50.3166830822,57.1552547282,1.0,
50.316792116,57.1456564814,1.0,
50.3167929359,57.1516807391,2.0,
50.3168556366,57.3076796391,1.0,
50.3168748481,57.1270077338,1.0,
50.3168942119,57.1247296554,2.0,
50.3170361433,57.1276499207,2.0,
50.3171171208,57.132531131,1.0,
50.3171663303,57.1260401658,2.0,
50.3172148535,57.1314299776,1.0,
50.3172386412,57.1297033933,1.0,
50.3172446381,57.3166469104,1.0,
50.3172682543,57.147046184,1.0,
50.3172723179,57.1419803261,1.0,
50.3173114165,57.128205679,2.0,
50.3173502827,57.1439385642,1.0,
50.317387789,57.1289194714,1.0,
50.3174222002,57.1493563498,1.0,
50.3174598231,57.1512841895,2.0,
50.3175133844,57.1452271019,2.0,
50.3175617508,57.1447555955,1.0,
50.3177425241,57.1300580125,2.0,
50.3177953324,57.1500814518,2.0,
50.3178855063,57.1539434043,2.0,
50.3178997895,57.1425275469,1.0,
50.3179022774,57.127861346,1.0,
50.3179611905,57.1434397305,2.0,
50.3180002836,57.146747494,1.0,
50.3181011894,57.1507748673,1.0,
50.3182149267,57.1280571456,2.0,
50.3184421641,57.3337147662,1.0,
50.3184610569,57.2832476034,1.0,
50.3185138878,57.1494310935,1.0,
50.3185504345,57.142804914,1.0,
50.3186167191,57.1447472708,2.0,
50.3186401487,57.1478696448,2.0,
50.3187155339,57.1411463549,1.0,
50.3187851116,57.313673218,1.0,
50.3188065245,57.145342688,1.0,
50.3188289376,57.127107016,1.0,
50.3188363162,57.1484376588,2.0,
50.3188634962,57.1344800293,1.0,
50.3189588539,57.1332226689,1.0,
50.3189845597,57.3165432492,1.0,
50.3191043238,57.1534088907,2.0,
50.3191366227,57.1416388567,1.0,
50.3191903828,57.1496094142,2.0,
50.319272696,57.1464857313,1.0,
50.3192931932,57.3131733751,1.0,
50.3193253717,57.1524118143,1.0,
50.3193401588,57.1275426626,1.0,
50.3194005296,57.1454327455,2.0,
50.3194727933,57.1444837483,1.0,
50.3196083927,57.3140074321,1.0,
50.319628965,57.1511319078,2.0,
50.319643221,57.1450611839,1.0,
50.3198044992,57.1472682499,1.0,
50.319976748,57.3149988783,1.0,
50.3199971945,57.1527064793,2.0,
50.320102759,57.1447218335,1.0,
50.3201578251,57.1455143893,2.0,
50.3202273731,57.1481019503,1.0,
50.3203321848,57.1461971352,1.0,
50.3203655498,57.1308716341,2.0,
50.3204263659,57.1407658312,2.0,
50.320548035,57.1471829947,1.0,
50.3205746208,57.3378115524,1.0,
50.3206011827,57.1285349604,1.0,
50.3207041951,57.1419606518,1.0,
50.3207278975,57.3186484543,1.0,
50.3207743523,57.1412068049,1.0,
50.3208035157,57.1465198314,1.0,
50.3208475355,57.1390889655,1.0,
50.3208660306,57.1311626698,1.0,
50.3209847992,57.1519322371,2.0,
50.3211172254,57.1434752948,1.0,
50.3211623205,57.1321047994,1.0,
50.3212429791,57.145104255,1.0,
50.3212502058,57.2573751559,1.0,
50.3213866294,57.1567888669,1.0,
50.3214126626,57.1368465511,1.0,
50.3214267861,57.1342123969,1.0,
50.3214971032,57.1500829557,1.0,
50.3216177835,57.1388521728,1.0,
50.321690131,57.1478144776,1.0,
50.3217899621,57.1510811561,1.0,
50.3218687663,57.1396081896,1.0,
50.3220630705,57.1362845984,1.0,
50.3222076177,57.3224970534,1.0,
50.3224254981,57.1407868657,2.0,
50.3225531171,57.1554709033,1.0,
50.3227817047,57.1433829752,1.0,
50.322846131,57.1452291378,2.0,
50.3230984954,57.1423557557,2.0,
50.323438172,57.1456563749,1.0,
50.3234694403,57.1434144538,1.0,
50.3235713438,57.3345149581,1.0,
50.3236113752,57.3262148982,1.0,
50.3237083828,57.1427647138,1.0,
50.3237542082,57.1549700803,2.0,
50.3238391247,57.1408988994,1.0,
50.3239112334,57.149766314,2.0,
50.324437413,57.3330869358,1.0,
50.3245282405,57.1431000246,1.0,
50.3246881143,57.1491510125,1.0,
50.3247105532,57.1436965502,1.0,
50.3247617015,57.3393819696,1.0,
50.324921899,57.3295954925,1.0,
50.3249639166,57.1444824742,1.0,
50.3250123499,57.1480238538,1.0,
50.3250878262,57.2661915687,1.0,
50.3251041808,57.1452382618,2.0,
50.3258033733,57.1471920205,1.0,
50.3259467078,57.3393136168,1.0,
50.3264123696,57.1528373851,2.0,
50.3266860102,57.3413447634,1.0,
50.3269385813,57.3403652229,1.0,
50.3286685618,57.1508544817,1.0,
50.3289259897,57.1496179196,1.0,
50.3291403423,57.3328925767,1.0,
50.3292240688,57.151443717,2.0,
50.3293865884,57.1501940761,1.0,
50.3295036607,57.2804938231,1.0,
50.329633925,57.1496479348,1.0,
50.329696516,57.1477748937,1.0,
50.3297844229,57.1510113078,1.0,
50.3303526229,57.3320272713,1.0,
50.3306158409,57.3430499758,1.0,
50.3309991987,57.296372679,1.0,
50.3313543794,57.320845331,1.0,
50.3319242094,57.3438398374,1.0,
50.3323112266,57.3444491911,1.0,
50.3359429716,57.1557223326,1.0,
50.2811033965,57.214632342,8.0,
50.3189643786,57.1491964485,4.0,
50.2801077961,57.2298446332,8.0,
50.3086412495,57.1320375921,4.0,
50.2840768443,57.213770596,4.0,
50.2791088613,57.2284177083,4.0,
50.3125423412,57.1319733424,4.0,
50.2776557467,57.2296711431,4.0,
50.2798513562,57.2348494174,4.0,
50.2807618139,57.2291543184,4.0,
50.2562761019,57.2436459487,4.0,
50.2970719345,57.1624858875,2.0,
50.2933443022,57.1451814672,2.0,
50.2976326548,57.1696552754,2.0,
50.3050660265,57.1637336643,2.0,
50.3024421379,57.2127146224,4.0,
50.2882181548,57.2173169827,2.0,
50.2596595259,57.2296140108,2.0,
50.2997680664,57.1687524945,4.0,
50.2947954324,57.1601289989,2.0,
50.2650978583,57.2297705625,2.0,
50.2996028245,57.2067152584,2.0,
50.3046919308,57.1520286938,4.0,
50.293975782,57.2054381973,2.0,
50.2746416333,57.1924509866,4.0,
50.2927408587,57.1496828062,2.0,
50.2777695157,57.2288835043,2.0,
50.2919071465,57.2163722308,2.0,
50.3003033092,57.15928252,2.0,
50.2856167458,57.2259333562,2.0,
50.310751185,57.1371254829,2.0,
50.298945568,57.1608341223,2.0,
50.3095062262,57.1494962834,2.0,
50.2780072567,57.2214065552,2.0,
50.313873223,57.1441468417,2.0,
50.3012100383,57.1664841019,2.0,
50.2884622989,57.2093397384,2.0,
50.2727316733,57.2306399327,4.0,
50.2862758997,57.2192264357,2.0,
50.2917954837,57.1519749483,2.0,
50.293795655,57.1420372186,2.0,
50.2663918729,57.2158019255,2.0,
50.3234597628,57.1489318775,2.0,
50.2832967599,57.2034400924,2.0,
50.2949298633,57.1652160205,2.0,
50.276319306,57.2229557722,2.0,
50.3163134474,57.144757575,2.0,
50.2570141642,57.2454355387,2.0,
50.2883751281,57.1632137116,2.0,
50.3060554894,57.1471725618,2.0,
50.2790988509,57.2249961612,2.0,
50.3016577907,57.2098532462,2.0,
50.2722768803,57.2263770496,2.0,
50.2819082035,57.2265466357,2.0,
50.2936840303,57.1602238452,2.0,
50.2923798799,57.2021246711,4.0,
50.2807609699,57.2279476525,4.0,
50.3093829916,57.146890274,2.0,
50.252327386,57.2476670029,2.0,
50.2754501651,57.1860965617,2.0,
50.2834880587,57.2261268175,4.0,
50.2914787517,57.2707990485,2.0,
50.2884566816,57.2291605464,2.0,
50.3173928864,57.1548609673,2.0,
50.3018464803,57.1364535964,2.0,
50.2809131037,57.2249330386,2.0,
50.2862988333,57.2140130697,2.0,
50.2792203905,57.2339314349,4.0,
50.2803808472,57.2011713454,2.0,
50.2923247061,57.1630331278,2.0,
50.2923946063,57.1610996446,4.0,
50.3144783031,57.1557919751,2.0,
50.2802593018,57.238464324,2.0,
50.2938703672,57.2135334169,4.0,
50.2718205424,57.2321299051,4.0,
50.2933338873,57.2107901687,2.0,
50.2874603789,57.1496673099,4.0,
50.3143261656,57.2436976722,2.0,
50.2845300964,57.1560493716,4.0,
50.2539769867,57.2407958832,2.0,
50.2957819868,57.164633474,2.0,
50.2810344484,57.2195557906,2.0,
50.3130278857,57.1400325161,2.0,
50.3095753769,57.1651536661,2.0,
50.3116224091,57.1390502764,2.0,
50.3065213722,57.1358775803,2.0,
50.2883256624,57.1953212384,4.0,
50.2940402775,57.16964724,2.0,
50.2871926785,57.2306923038,2.0,
50.2910550291,57.156268175,4.0,
50.271998788,57.2065670313,2.0,
50.3010928018,57.1631485495,2.0,
50.2779517076,57.2306759263,2.0,
50.3033022966,57.1405155913,2.0,
50.3182583778,57.1311955239,2.0,
50.3241463273,57.1448546074,2.0,
50.2852679959,57.2140662817,2.0,
50.2852569562,57.2166455494,2.0,
50.3188972744,57.1300299627,2.0,
50.2824421654,57.2029924317,4.0,
