43.2879008141,76.9083533063,1.0,
51.0278388004,71.4550671068,1.0,
51.0323635555,71.4665604882,1.0,
51.0423042495,71.421686607,1.0,
51.0424409505,71.4312405995,2.0,
51.042479211,71.4340745074,1.0,
51.042988211,71.422853196,8.0,
51.0433237789,71.424655713,2.0,
51.0433863507,71.4242029607,1.0,
51.0434681218,71.4305933689,1.0,
51.0455942497,71.4256095686,1.0,
51.0545234528,71.3918186642,1.0,
51.0583417477,71.4312342234,1.0,
51.05912162,71.3996055606,1.0,
51.0595608958,71.3798900189,1.0,
51.0604640939,71.373071369,1.0,
51.0633029486,71.4275119851,1.0,
51.0676906346,71.3218245884,1.0,
51.0864174197,71.4075302739,1.0,
51.0876032009,71.3909548261,1.0,
51.09005736,71.4005959658,2.0,
51.0900753289,71.4006652357,1.0,
51.0921028132,71.4876648973,2.0,
51.0927697926,71.4898128588,1.0,
51.0933763927,71.4799938288,2.0,
51.0945609436,71.4855539376,1.0,
51.0946256603,71.4828272457,1.0,
51.0953920849,71.4934426353,2.0,
51.0956130078,71.4351319204,1.0,
51.0956646892,71.4783106198,1.0,
51.0959668316,71.4912407016,1.0,
51.0980023346,71.4415311168,2.0,
51.1018972517,71.4330606961,2.0,
51.1020380622,71.4388459108,1.0,
51.1031221879,71.4366277824,4.0,
51.1042125153,71.4341553753,4.0,
51.1044025992,71.4382626216,1.0,
51.1051315828,71.6812980261,4.0,
51.1052284357,71.414722385,1.0,
51.1059116714,71.4365520714,1.0,
51.1062265173,71.4142993936,4.0,
51.1063468528,71.4355240584,8.0,
51.1064086947,71.6791480516,1.0,
51.1065483703,71.4385689188,2.0,
51.1066299106,71.6855758274,1.0,
51.1082897894,71.4314765316,2.0,
51.1083048696,71.4397577686,4.0,
51.1096867457,71.442583003,4.0,
51.1098250327,71.397434749,4.0,
51.1099441939,71.6131839964,1.0,
51.1100224774,71.4072998698,1.0,
51.1103800411,71.2512692909,1.0,
51.1104001041,71.6499046923,2.0,
51.1104726298,71.6463764399,4.0,
51.110708011,71.4403863913,2.0,
51.1108780486,71.4000289284,2.0,
51.1108854381,71.6468048152,2.0,
51.1109616513,71.438121016,2.0,
51.1112732838,71.4384055823,1.0,
51.1126866379,71.4324003933,1.0,
51.1128765206,71.255795181,1.0,
51.1135878059,71.2397230221,1.0,
51.1137222153,71.4388133375,1.0,
51.1139361334,71.2496315764,1.0,
51.1145158734,71.2523789681,1.0,
51.1145972358,71.4282826593,4.0,
51.1149273855,71.3970809141,1.0,
51.11596518,71.4313014424,2.0,
51.1160035492,71.4207953006,8.0,
51.1160316954,71.6434789403,4.0,
51.1161571351,71.4169153915,4.0,
51.1161704666,71.4141346149,2.0,
51.116208216,71.2378553208,1.0,
51.1162175246,71.4211565591,1.0,
51.1162266182,71.4139241334,1.0,
51.1162539788,71.5353883095,1.0,
51.1167098371,71.5758255733,1.0,
51.1170799744,71.2606117153,1.0,
51.1173035078,71.4171085492,1.0,
51.1173148606,71.406911581,4.0,
51.1175427013,71.2557472434,1.0,
51.117617549,71.4362962337,1.0,
51.1177216668,71.427720547,1.0,
51.1178077953,71.2400078861,2.0,
51.1182926418,71.6581709072,1.0,
51.1185185352,71.4139835011,2.0,
51.1185246787,71.4662609219,1.0,
51.1186292496,71.5266296431,1.0,
51.1189436124,71.4180053864,8.0,
51.1191575563,71.4249354286,4.0,
51.1192227723,71.4632256295,2.0,
51.1192631097,71.6117547082,1.0,
51.1193590763,71.5196955608,2.0,
51.119806605,71.5730467762,4.0,
51.1199369293,71.2289265526,1.0,
51.1200253924,71.4111497309,1.0,
51.120029101,71.430112558,4.0,
51.120100371,71.6078286377,2.0,
51.120194029,71.4046532176,2.0,
51.1203175701,71.2381069862,2.0,
51.120381912,71.2346654392,1.0,
51.1204556637,71.3201255203,1.0,
51.1205045386,71.4409284196,1.0,
51.120651244,71.472033484,1.0,
51.1206688591,71.2812305109,1.0,
51.1206960723,71.4152575888,1.0,
51.1208675367,71.4244173053,1.0,
51.120960066,71.2835520402,1.0,
51.1211237211,71.4196321239,4.0,
51.1212434147,71.5774355418,1.0,
51.1214066768,71.4184567043,1.0,
51.121554205,71.4319945497,1.0,
51.1216491188,71.4079284289,2.0,
51.1218654991,71.432527088,2.0,
51.121951397,71.5812194005,1.0,
51.1219679801,71.5161288537,4.0,
51.1221879309,71.3139527843,1.0,
51.1223865968,71.5904119171,2.0,
51.1224140306,71.4728561535,2.0,
51.1224514609,71.5758779369,2.0,
51.1225285875,71.5251560547,1.0,
51.1225296982,71.5172746044,8.0,
51.1226218113,71.5984724732,1.0,
51.1227632805,71.4417472743,1.0,
51.1227994599,71.4729485468,1.0,
51.122857257,71.6017394336,4.0,
51.1228892266,71.2383764608,1.0,
51.1230592274,71.5211609301,8.0,
51.1231233956,71.463544014,2.0,
51.1231426079,71.3043251615,1.0,
51.1232966926,71.5126781549,2.0,
51.1234525676,71.4321853419,4.0,
51.1234812828,71.4343368204,2.0,
51.1236403085,71.2789394467,1.0,
51.1237373095,71.4181770388,4.0,
51.1238324922,71.4205949267,1.0,
51.1239248422,71.4358997506,1.0,
51.1240556783,71.4215994964,8.0,
51.1241560638,71.5916729538,8.0,
51.1242354017,71.5231953939,8.0,
51.124235723,71.5156447606,2.0,
51.1242783498,71.3237328764,1.0,
51.1244094502,71.5201659622,4.0,
51.1245710271,71.4251158657,16.0,
51.1246615931,71.2920239549,1.0,
51.1247008738,71.4291297453,1.0,
51.1247050766,71.4097488465,2.0,
51.1248787056,71.4690434757,1.0,
51.125129935,71.5110768649,2.0,
51.1252482826,71.5167102198,4.0,
51.1253118164,71.4067335882,2.0,
51.1253298874,71.5187128348,2.0,
51.1253985825,71.5214304171,2.0,
51.125548017,71.4407090035,1.0,
51.1255974204,71.4269065221,1.0,
51.1256047834,71.526177904,8.0,
51.1256161763,71.513939079,1.0,
51.1257043227,71.4222208262,4.0,
51.1257618937,71.4120143113,2.0,
51.1259366892,71.4903960952,1.0,
51.1261234695,71.2396017755,4.0,
51.1261327137,71.3109484839,1.0,
51.1261805782,71.2424038376,1.0,
51.1261878927,71.4193117142,2.0,
51.1262683064,71.4391891205,2.0,
51.1263807533,71.5952450153,1.0,
51.1263891891,71.4779927659,2.0,
51.1265953487,71.4322455301,2.0,
51.1266645152,71.4227596529,2.0,
51.1266738277,71.415794926,2.0,
51.1267106439,71.5145286447,2.0,
51.1267109388,71.4348668122,1.0,
51.1268344729,71.5907468758,8.0,
51.1268608999,71.4105257465,8.0,
51.1269068291,71.4085640696,2.0,
51.1270018959,71.5972451827,2.0,
51.1270916927,71.4250664748,8.0,
51.1271805083,71.5885862736,2.0,
51.1272076555,71.4108017771,4.0,
51.1274754813,71.5113756491,1.0,
51.1276325822,71.4710913922,2.0,
51.1276903973,71.5181579854,8.0,
51.1278067774,71.2388590789,1.0,
51.1280831096,71.4408795892,4.0,
51.1281674077,71.4219976278,4.0,
51.1282250799,71.4804852306,1.0,
51.1283564774,71.5278753742,2.0,
51.1283978547,71.6002966374,8.0,
51.1285989305,71.4175151921,2.0,
51.1286293201,71.420360478,2.0,
51.1286533747,71.5093382246,8.0,
51.128698665,71.5205685415,2.0,
51.1288062424,71.4831892894,1.0,
51.128999746,71.4818103584,4.0,
51.1290070979,71.4694638411,1.0,
51.1290424884,71.5954729096,2.0,
51.1292552287,71.3294428424,1.0,
51.1292751284,71.2461296457,2.0,
51.1292873858,71.5127725026,8.0,
51.1293399017,71.5246129028,1.0,
51.1294415512,71.5268804658,4.0,
51.1294433176,71.4349533961,1.0,
51.1295295398,71.2591043385,1.0,
51.1295470112,71.5376644078,1.0,
51.1295620901,71.4341257918,8.0,
51.1295746835,71.2453160832,1.0,
51.1295846545,71.5394784957,2.0,
51.1297114084,71.2412464618,1.0,
51.1297245449,71.4848394849,2.0,
51.1298278119,71.5195079615,1.0,
51.1299121034,71.4381349886,8.0,
51.1300202498,71.4874282852,1.0,
51.1301415062,71.4789991792,2.0,
51.1301560001,71.2508732456,1.0,
51.1302606132,71.465471224,1.0,
51.1304079859,71.5069570818,4.0,
51.130448542,71.4909676692,1.0,
51.1306063399,71.4124586648,4.0,
51.1306639446,71.4211735153,1.0,
51.1307115136,71.4280112904,4.0,
51.130759331,71.4596833359,2.0,
51.1308023516,71.529544111,4.0,
51.1308857664,71.5093615608,4.0,
51.1309444896,71.4261473593,8.0,
51.130959111,71.4184401268,1.0,
51.130975159,71.5257313172,2.0,
51.130981867,71.5114372959,2.0,
51.131045552,71.2554636866,1.0,
51.1310951582,71.5135668863,4.0,
51.1312523333,71.4809798438,4.0,
51.1312860955,71.2605595836,1.0,
51.1313933553,71.4470918366,1.0,
51.1314385657,71.4831161302,2.0,
51.1315337367,71.4847400657,8.0,
51.1315516948,71.5066795507,1.0,
51.1316937461,71.4600832616,4.0,
51.1317241321,71.4967618139,2.0,
51.1317306621,71.519026355,4.0,
51.131759785,71.4318011959,1.0,
51.1317771722,71.4378639778,1.0,
51.1317855779,71.4936051266,8.0,
51.1318654596,71.4888245835,8.0,
51.1320557581,71.4654827822,8.0,
51.1320721132,71.5261533162,8.0,
51.13208926,71.5913196024,1.0,
51.1321820639,71.5171059763,2.0,
51.1321915859,71.4364401334,4.0,
51.1322104646,71.4350433212,2.0,
51.1322477981,71.5044158061,1.0,
51.1322790759,71.4483894577,2.0,
51.1322857804,71.3244923055,1.0,
51.1322942407,71.2574973194,1.0,
51.132402934,71.5214636208,1.0,
51.132405425,71.4039541795,2.0,
51.1324474407,71.5050205301,4.0,
51.1324911383,71.4037454448,4.0,
51.132634847,71.4716490272,8.0,
51.1328222993,71.4797897726,2.0,
51.1328378422,71.5218909113,4.0,
51.1328698707,71.4997250005,2.0,
51.1328753852,71.4225718756,4.0,
51.1329327157,71.478527263,8.0,
51.1329983795,71.4894896075,1.0,
51.1330621518,71.4857189593,4.0,
51.1330857096,71.3452311061,1.0,
51.1331813632,71.5076469781,4.0,
51.1331912701,71.5357444947,1.0,
51.1332049349,71.4713825559,2.0,
51.1332365598,71.4770085898,1.0,
51.1334537429,71.3324559608,2.0,
51.1335440813,71.5381368373,1.0,
51.1335496028,71.4906286103,4.0,
51.1338109749,71.4287900331,1.0,
51.1338540274,71.5012291363,1.0,
51.1338773214,71.4132171568,2.0,
51.1339402134,71.5098201432,1.0,
51.134087832,71.4842214947,8.0,
51.1340888064,71.5087397205,2.0,
51.1340951321,71.491854341,8.0,
51.1341291327,71.5112016536,4.0,
51.134138689,71.4679508098,2.0,
51.134156839,71.413672934,1.0,
51.1344073105,71.4940757432,2.0,
51.1345115457,71.4758394622,8.0,
51.1345193877,71.4209437433,2.0,
51.134655318,71.4781781441,2.0,
51.1346821462,71.4303982774,2.0,
51.1348163009,71.4977120172,4.0,
51.1348775151,71.4168640131,2.0,
51.1348956817,71.5042965365,8.0,
51.1350176891,71.4337781886,1.0,
51.135126976,71.4735155597,4.0,
51.1351365531,71.5127206885,2.0,
51.1351614421,71.5159026085,8.0,
51.1351868115,71.499467869,8.0,
51.135195826,71.5237458866,1.0,
51.1352130261,71.487278582,1.0,
51.1352717699,71.5192908815,4.0,
51.1355155387,71.4945770698,8.0,
51.1357519119,71.469860291,4.0,
51.1362387651,71.4915081713,4.0,
51.1362816464,71.5008457231,1.0,
51.1364357506,71.4876798823,8.0,
51.1365919498,71.4802712023,4.0,
51.1366263389,71.5023426429,16.0,
51.1366627402,71.3645544573,1.0,
51.1366939899,71.4073599236,4.0,
51.1367169606,71.4220885365,2.0,
51.1367189473,71.4731063578,1.0,
51.1369704597,71.4947070029,1.0,
51.1370103496,71.4321050454,4.0,
51.1370775571,71.5380523417,4.0,
51.1371435699,71.5089785409,8.0,
51.1371721057,71.4725240529,8.0,
51.1372020518,71.5195521373,1.0,
51.1372573038,71.5119493419,4.0,
51.1372870503,71.4844879453,1.0,
51.1372984694,71.5046034316,1.0,
51.1373069868,71.4817457792,1.0,
51.1373075738,71.4792315932,8.0,
51.1373187469,71.4285937273,4.0,
51.1373642932,71.5052025816,16.0,
51.1374525357,71.5358350935,1.0,
51.1374547984,71.4143349896,1.0,
51.1375179846,71.4406536573,1.0,
51.1375610026,71.5143261305,1.0,
51.1376152679,71.5011499623,4.0,
51.1377296879,71.4990193022,8.0,
51.1378658079,71.4702658303,8.0,
51.1379455399,71.4738474032,2.0,
51.1379491101,71.4689378888,2.0,
51.1379534854,71.4869477692,2.0,
51.1379569432,71.477353057,4.0,
51.1380448971,71.4826843987,2.0,
51.138048997,71.4682168935,4.0,
51.1380632684,71.50815465,2.0,
51.1380820411,71.4890462588,4.0,
51.1381562547,71.5163413765,2.0,
51.1383925614,71.4177531318,8.0,
51.1384562997,71.4749674372,4.0,
51.1384625789,71.5209451087,4.0,
51.1385100727,71.4713435494,2.0,
51.1385133151,71.4205482381,8.0,
51.1386939025,71.5246086688,1.0,
51.1387216642,71.4897689929,1.0,
51.138722916,71.4854797169,4.0,
51.138727138,71.4262064114,1.0,
51.1387840369,71.4178173032,1.0,
51.1388289333,71.5034853616,2.0,
51.1388377662,71.5131322502,8.0,
51.1391037035,71.507774239,8.0,
51.1391712249,71.5118461285,2.0,
51.1392474752,71.4298315689,2.0,
51.1392616609,71.491781303,8.0,
51.1393397774,71.5102250123,8.0,
51.139546448,71.534048371,2.0,
51.1395909595,71.4773143249,16.0,
51.1396910248,71.4665186144,4.0,
51.1399034292,71.4519454479,2.0,
51.1401706875,71.5143590473,1.0,
51.1402317894,71.5091586464,2.0,
51.1403942784,71.496950448,1.0,
51.1404376402,71.4847858309,1.0,
51.1404418294,71.4959925933,8.0,
51.1405058589,71.4911216608,4.0,
51.1405814217,71.4149958891,4.0,
51.1405992701,71.5177927315,2.0,
51.1407644128,71.4327024577,4.0,
51.1408347567,71.4853604831,8.0,
51.1408685905,71.4090188959,8.0,
51.1408842002,71.488097933,1.0,
51.1408935196,71.4982896799,8.0,
51.1409200986,71.4806309004,8.0,
51.1410563343,71.4283841068,4.0,
51.1410587739,71.4523927184,1.0,
51.1410776056,71.4044769554,4.0,
51.1411621569,71.4880577061,4.0,
51.1413366801,71.4498625084,1.0,
51.1414156192,71.4774822861,2.0,
51.1414531343,71.4748993073,4.0,
51.1414888341,71.401585031,4.0,
51.1414961518,71.4607012614,4.0,
51.1415050636,71.4829531534,4.0,
51.1415868394,71.4899678885,8.0,
51.1416140349,71.4262148501,1.0,
51.1416433564,71.5601994476,1.0,
51.1416848281,71.4937147603,2.0,
51.1417150377,71.3991530214,2.0,
51.141779191,71.4072285702,4.0,
51.1420562976,71.4934197415,1.0,
51.1420587705,71.404691727,1.0,
51.1420945029,71.4735760732,8.0,
51.1420989071,71.5235543812,2.0,
51.1421197545,71.4359298499,4.0,
51.1421233596,71.4205145345,8.0,
51.142124112,71.4268838941,2.0,
51.1422082068,71.5134614655,2.0,
51.1422397062,71.4775369586,8.0,
51.1423933479,71.4131953614,4.0,
51.1424714757,71.5806200255,1.0,
51.1425603915,71.5162745636,2.0,
51.1425968451,71.5254651009,1.0,
51.1426431717,71.4961960972,4.0,
51.1426465076,71.512108921,8.0,
51.1426883852,71.5198688445,4.0,
51.1427134413,71.4442448811,1.0,
51.1427221176,71.4797041022,2.0,
51.1427487116,71.4663717027,8.0,
51.1428601464,71.4159509134,8.0,
51.1428760831,71.408429452,1.0,
51.1429822223,71.582743217,2.0,
51.143054085,71.4942106796,8.0,
51.1431244395,71.396375716,2.0,
51.1431969843,71.5068816581,4.0,
51.1432606087,71.4916857328,4.0,
51.1435578436,71.3918054668,1.0,
51.1436519633,71.5076057471,8.0,
51.1436876392,71.468932122,2.0,
51.1437507481,71.4700911916,8.0,
51.1437795348,71.4211637414,1.0,
51.1438588327,71.483353908,2.0,
51.1439273012,71.4664885025,2.0,
51.1439419043,71.4782723397,4.0,
51.1439800661,71.4021956619,8.0,
51.1440084666,71.4296027023,4.0,
51.1440934351,71.5202992856,2.0,
51.14411008,71.4960500661,1.0,
51.1441239875,71.4865352415,2.0,
51.144205101,71.4725431724,8.0,
51.1442381451,71.5192186962,8.0,
51.1442821333,71.5755985649,4.0,
51.1443113167,71.4490561708,4.0,
51.1443424084,71.4092709306,4.0,
51.1443490833,71.4743733341,16.0,
51.1443917882,71.4632353614,16.0,
51.1444014403,71.4280033871,8.0,
51.144466313,71.4222887025,2.0,
51.1444752885,71.4861930888,4.0,
51.1445942643,71.509766019,2.0,
51.1446197181,71.513949143,4.0,
51.144659871,71.4621211452,2.0,
51.1447323283,71.4748216826,1.0,
51.1448093079,71.4493887095,1.0,
51.1449440051,71.4682833369,16.0,
51.144996483,71.4005338098,1.0,
51.1450574497,71.5159202292,8.0,
51.1450832818,71.4189735618,2.0,
51.1450937509,71.5660956902,1.0,
51.1451522,71.5652767485,2.0,
51.1452058694,71.4308215217,1.0,
51.1452272754,71.4144332926,8.0,
51.1452294413,71.4247175878,2.0,
51.1452445666,71.4822695581,4.0,
51.1453179933,71.576753703,2.0,
51.1453321362,71.5047933188,16.0,
51.1453421003,71.4625574167,1.0,
51.1454649996,71.5749579222,1.0,
51.1455142781,71.493392418,2.0,
51.1456917378,71.5007143723,8.0,
51.1457586802,71.5626681615,4.0,
51.1458025197,71.4236977039,4.0,
51.1459166903,71.4730999309,4.0,
51.1460026398,71.422409389,1.0,
51.1460175984,71.471090488,16.0,
51.1460240494,71.4774785992,8.0,
51.1460368659,71.4805100623,8.0,
51.146064924,71.5272988701,1.0,
51.1460774953,71.5681022094,2.0,
51.146096922,71.4779117836,1.0,
51.1461961034,71.4544524836,2.0,
51.146388803,71.5665203197,4.0,
51.1464443467,71.484119849,2.0,
51.1465382929,71.4956377489,1.0,
51.1465981138,71.4582451491,4.0,
51.1466714578,71.5634663523,2.0,
51.146682354,71.5132621509,1.0,
51.1467546269,71.4998247944,1.0,
51.1468532896,71.4649567104,16.0,
51.1468779663,71.4508888577,4.0,
51.1469675822,71.3698904332,4.0,
51.146987714,71.474284611,2.0,
51.1470585669,71.5026438876,2.0,
51.1470604174,71.4609438522,16.0,
51.1470644416,71.3989749605,2.0,
51.1471164685,71.4161008704,2.0,
51.1471907985,71.4812520797,2.0,
51.1473254265,71.40137646,1.0,
51.1473618987,71.5827661671,1.0,
51.1475122086,71.4690086709,8.0,
51.1475592538,71.405449254,2.0,
51.1475946853,71.4918624965,2.0,
51.1476696311,71.4114630843,8.0,
51.1476712006,71.4625741972,2.0,
51.1477331017,71.3966388618,2.0,
51.1477580524,71.5119905778,8.0,
51.1477611116,71.5403327157,1.0,
51.1478056324,71.4765810288,32.0,
51.1478793703,71.5241098207,8.0,
51.1479788903,71.4309684351,4.0,
51.1480625472,71.5150726993,4.0,
51.148070691,71.5075964072,4.0,
51.1480801424,71.5042363267,16.0,
51.1481128057,71.4584092229,8.0,
51.1481332116,71.4632549192,4.0,
51.1481436116,71.481853397,8.0,
51.1481752384,71.4702298571,1.0,
51.148186076,71.4726423496,4.0,
51.1482080037,71.5568270544,8.0,
51.1482245841,71.394399403,2.0,
51.1482674828,71.4165270274,4.0,
51.148308838,71.5058703638,2.0,
51.148382271,71.4505646169,1.0,
51.1484388439,71.3794123971,2.0,
51.1484437792,71.5287587575,1.0,
51.1485330529,71.4795564737,8.0,
51.1486082944,71.5770947454,2.0,
51.1486967985,71.5539404543,1.0,
51.1487141003,71.5271512075,4.0,
51.1487733219,71.4840563801,4.0,
51.1488110687,71.3786326552,1.0,
51.1488129504,71.447729807,2.0,
51.1488897786,71.4079640377,1.0,
51.1488986426,71.4683334828,16.0,
51.1489518089,71.4651710334,8.0,
51.1489601341,71.4550725005,1.0,
51.1489791024,71.3864772347,2.0,
51.1490827133,71.5621986149,2.0,
51.1490843598,71.503253554,8.0,
51.1491017418,71.4951317611,2.0,
51.1493305794,71.5011424869,4.0,
51.1494096197,71.4837091765,2.0,
51.1494283187,71.4184738712,1.0,
51.1494658615,71.4614900083,1.0,
51.1495314493,71.5233034535,2.0,
51.1495704866,71.4812899015,2.0,
51.1496344421,71.5675917905,2.0,
51.1496395789,71.4278518583,4.0,
51.1497107795,71.4741729016,1.0,
51.1497961169,71.4708500341,8.0,
51.1498005762,71.4467412722,4.0,
51.1498008857,71.5049945283,1.0,
51.1498631832,71.5192552191,2.0,
51.1498897675,71.5655896129,1.0,
51.1499015344,71.449040226,4.0,
51.1499162027,71.3888606261,1.0,
51.1500275949,71.5255992014,2.0,
51.1500868726,71.4003780129,2.0,
51.1502061319,71.456915054,4.0,
51.1502178553,71.4234419565,1.0,
51.1502269833,71.5010564262,1.0,
51.1503077898,71.4684959664,2.0,
51.1504956568,71.3765158559,1.0,
51.1505245897,71.505675184,16.0,
51.1505386565,71.3954959047,1.0,
51.1505473336,71.4469790339,1.0,
51.1505897251,71.473959349,16.0,
51.1505900849,71.5111793153,2.0,
51.1506202414,71.4610719497,8.0,
51.1506261361,71.4114293023,1.0,
51.1506311241,71.5276117735,1.0,
51.1506595479,71.5148456703,4.0,
51.1507140141,71.499767724,2.0,
51.1507238851,71.4806908883,1.0,
51.1507451385,71.4767476693,16.0,
51.1507478295,71.4582691633,1.0,
51.1507850228,71.4983538575,4.0,
51.1509738663,71.4636689006,16.0,
51.1510003775,71.4372095161,4.0,
51.1510098072,71.5077944376,8.0,
51.151048595,71.507326032,4.0,
51.1510992871,71.4909536384,2.0,
51.1511132241,71.5313358504,1.0,
51.1511440419,71.6004100961,1.0,
51.1511691349,71.5699937257,1.0,
51.1512695066,71.5241082559,4.0,
51.1513220198,71.5110003961,1.0,
51.1513682158,71.4117764162,4.0,
51.1514286452,71.4798926947,16.0,
51.1514941506,71.4706502642,1.0,
51.1515134993,71.434071608,2.0,
51.1516677847,71.5472115356,1.0,
51.1516919469,71.4681858199,16.0,
51.1517730776,71.4828827649,8.0,
51.1517749129,71.5020986802,8.0,
51.1518642655,71.4839554381,2.0,
51.1518763908,71.4357197749,1.0,
51.1518781836,71.497226631,8.0,
51.1519690202,71.5174075555,8.0,
51.1520167409,71.4960520669,4.0,
51.1520780699,71.4523888735,2.0,
51.1521315901,71.4653787139,2.0,
51.1521330013,71.5003900835,16.0,
51.152166208,71.5499275837,1.0,
51.1521818387,71.5332820793,2.0,
51.1522456451,71.5216433557,2.0,
51.1522838845,71.5769631216,1.0,
51.152397301,71.5041841756,4.0,
51.1524165822,71.440867921,2.0,
51.1525224628,71.4288750967,2.0,
51.1525704361,71.502084148,2.0,
51.1526588986,71.4731167519,4.0,
51.1526848939,71.4936785981,2.0,
51.1526908094,71.4539898191,4.0,
51.1526930982,71.4751976886,2.0,
51.1527005753,71.5092865413,16.0,
51.1527398427,71.477130832,4.0,
51.1527617289,71.4859562405,8.0,
51.1527931907,71.5180991508,1.0,
51.1528187966,71.4461519177,1.0,
51.1528351281,71.4289773262,1.0,
51.1529078885,71.4257544716,2.0,
51.1529427471,71.4603392829,2.0,
51.1529431107,71.4833412434,1.0,
51.1529611603,71.4801087998,4.0,
51.1530463867,71.443002611,4.0,
51.1530609606,71.4980209604,2.0,
51.1531346116,71.4451980693,8.0,
51.1532355599,71.4245990193,4.0,
51.1533025542,71.4381858703,16.0,
51.1534258338,71.4626649782,4.0,
51.1535171747,71.4600181329,1.0,
51.1535434574,71.5366460081,1.0,
51.1536110332,71.4971635921,1.0,
51.1536188187,71.4178247682,2.0,
51.1536511124,71.4916690375,8.0,
51.1536930511,71.4667327828,16.0,
51.153740316,71.4903172875,2.0,
51.1537691239,71.4954699979,8.0,
51.1537995619,71.4463468163,2.0,
51.1538730543,71.5028689649,16.0,
51.1539483154,71.5114681411,4.0,
51.1539876669,71.4556216689,2.0,
51.1540148236,71.5673773883,1.0,
51.154136677,71.4742749323,16.0,
51.1541473744,71.4348238439,4.0,
51.1541605561,71.5000678756,1.0,
51.1541778848,71.4515506042,4.0,
51.1541954411,71.4987483539,8.0,
51.1542158117,71.5048577387,8.0,
51.154269543,71.4940718324,4.0,
51.1542696263,71.4486426269,8.0,
51.1544683459,71.5300750702,1.0,
51.1544890508,71.5411457194,1.0,
51.1545404673,71.4434020564,8.0,
51.1547291734,71.4874253088,2.0,
51.1547501784,71.4672345432,1.0,
51.1547689745,71.4854481089,16.0,
51.1548182581,71.4835355731,4.0,
51.154899542,71.436127265,8.0,
51.1550144355,71.502405907,4.0,
51.1550409174,71.4812076433,16.0,
51.1551162872,71.4771861769,8.0,
51.1552291785,71.4452926229,1.0,
51.1552543232,71.4900564016,16.0,
51.1552736887,71.4781640295,4.0,
51.155279355,71.4741133414,1.0,
51.1553000066,71.4101733258,2.0,
51.1553065254,71.5568656271,1.0,
51.155398808,71.4693143166,2.0,
51.1554014396,71.4734830238,4.0,
51.1554279397,71.4954739885,1.0,
51.1554712661,71.4517698416,1.0,
51.1554951207,71.4996966815,2.0,
51.1555362043,71.501323059,8.0,
51.1556218605,71.5089021404,4.0,
51.1557011232,71.5602055447,1.0,
51.1557104698,71.4797961951,1.0,
51.1558117529,71.4651711212,2.0,
51.1559061348,71.4008676455,4.0,
51.1559093389,71.4308111942,4.0,
51.1559654798,71.5481062197,1.0,
51.1559699803,71.4438929876,4.0,
51.1559707875,71.4540814252,2.0,
51.1560336268,71.5124918976,4.0,
51.1561004636,71.4347942433,16.0,
51.1561321351,71.4380811628,8.0,
51.1561992954,71.4710161128,1.0,
51.1563274111,71.480233487,2.0,
51.1563311018,71.4551461257,4.0,
51.156338482,71.4974699417,4.0,
51.1563639917,71.436103586,2.0,
51.1564446879,71.4997694769,4.0,
51.1564612352,71.4592664068,4.0,
51.1565178206,71.5195105614,2.0,
51.1565610141,71.4495301873,8.0,
51.1566073745,71.4471648248,4.0,
51.1567188175,71.4003196977,1.0,
51.1567431809,71.5144741111,2.0,
51.1567530126,71.4923847091,2.0,
51.1567567225,71.4610057331,2.0,
51.1568101814,71.4430106157,16.0,
51.156937916,71.4525759368,8.0,
51.1569494762,71.4797336435,16.0,
51.1569581362,71.4884554675,2.0,
51.1569619094,71.4876036354,8.0,
51.1570218114,71.50631543,1.0,
51.1571371054,71.4908277194,4.0,
51.1571712475,71.4566304796,8.0,
51.1571871782,71.5411510022,1.0,
51.157291011,71.4750401244,8.0,
51.1573208069,71.3977193353,1.0,
51.1573735331,71.4146553571,2.0,
51.1573773376,71.4853490647,4.0,
51.1573911066,71.5084444225,16.0,
51.1574617444,71.446054316,1.0,
51.1574627841,71.4322096495,1.0,
51.1574941738,71.4822880175,16.0,
51.1577457651,71.4406564912,2.0,
51.1577472861,71.4921565769,8.0,
51.1577922812,71.5224705074,2.0,
51.157859055,71.4677545996,2.0,
51.1579523416,71.4328625195,16.0,
51.1579623032,71.3989695087,2.0,
51.1579717377,71.4394324651,8.0,
51.1579928983,71.4326223232,2.0,
51.1580191583,71.4734231436,4.0,
51.1580569283,71.5698688781,2.0,
51.1580893623,71.562039852,1.0,
51.1580953904,71.4516999706,4.0,
51.1581693542,71.4280060273,16.0,
51.1581754188,71.4988801987,16.0,
51.1582049837,71.4699309829,4.0,
51.1582320804,71.4955681447,1.0,
51.1582797753,71.4304819057,16.0,
51.1584223787,71.4874830241,1.0,
51.1584683143,71.436120283,16.0,
51.158711593,71.4576485149,1.0,
51.1587636422,71.4828529425,1.0,
51.1587637282,71.4994157254,4.0,
51.1588498028,71.4960331801,2.0,
51.1589260667,71.5007618364,2.0,
51.1589668537,71.4438293125,8.0,
51.1590022016,71.4264298417,2.0,
51.1590331248,71.5244463324,1.0,
51.1591292785,71.4839295809,8.0,
51.1591574508,71.4285657515,1.0,
51.159202302,71.4780919371,4.0,
51.1592772729,71.409298868,2.0,
51.1593380919,71.4127842922,2.0,
51.1593516443,71.4720285383,16.0,
51.1594104926,71.426288984,1.0,
51.1594748458,71.5030292893,2.0,
51.1595135629,71.5325896624,2.0,
51.1595881285,71.4142853604,1.0,
51.1596087933,71.497644914,1.0,
51.1596215614,71.4907228587,2.0,
51.1597056246,71.4092562014,16.0,
51.1597813929,71.4590520946,16.0,
51.1598252298,71.4284592816,8.0,
51.1599013423,71.503310522,1.0,
51.1599200816,71.4656081356,2.0,
51.1599656582,71.4379650091,4.0,
51.159994703,71.453893738,16.0,
51.1600232273,71.4750898882,16.0,
51.1601222405,71.5164815983,1.0,
51.1601343227,71.5383879622,2.0,
51.1601462289,71.4061084269,4.0,
51.1601564212,71.4873287982,8.0,
51.1602572451,71.4129081588,16.0,
51.160411828,71.4605173431,4.0,
51.1604683217,71.4622695357,16.0,
51.160479288,71.5748453361,1.0,
51.1605110734,71.4167426546,4.0,
51.160538041,71.4421795494,8.0,
51.160570596,71.4517828335,1.0,
51.1606212686,71.4766877989,1.0,
51.1606255311,71.4716252102,4.0,
51.1606780346,71.4342229841,2.0,
51.1607431251,71.427127955,4.0,
51.1607877145,71.4297259014,16.0,
51.1607975629,71.4568383999,8.0,
51.1608919955,71.4791911217,1.0,
51.1609060435,71.461927507,1.0,
51.16092095,71.4289659239,2.0,
51.1609493754,71.4153896523,2.0,
51.1611058683,71.5217560027,1.0,
51.1611092176,71.4659433315,1.0,
51.1611194336,71.4639376542,8.0,
51.1611578439,71.4838317094,16.0,
51.1613206672,71.4886623234,4.0,
51.1613779817,71.4321999335,16.0,
51.161523378,71.492641915,1.0,
51.1615662005,71.3992411632,2.0,
51.1616438523,71.4387036896,8.0,
51.1617633061,71.4933056788,4.0,
51.161806527,71.4816575218,2.0,
51.161873518,71.4147655611,8.0,
51.1618749744,71.4217453597,2.0,
51.16191218,71.445642597,8.0,
51.1619811503,71.4266703936,2.0,
51.1619839649,71.4754090962,2.0,
51.1620261768,71.4517668248,8.0,
51.1620295136,71.4457196923,2.0,
51.1620608083,71.4589262743,4.0,
51.1621145793,71.4274912742,16.0,
51.1621388488,71.4441235469,16.0,
51.1621841411,71.4014416541,8.0,
51.1621946277,71.4189670206,8.0,
51.1622161168,71.4671736217,4.0,
51.1622274412,71.4348726472,8.0,
51.1622849017,71.4042700142,8.0,
51.1623226318,71.4760620066,8.0,
51.1623365103,71.4543398269,8.0,
51.162446747,71.4252198036,1.0,
51.162448223,71.3972157851,1.0,
51.162465348,71.4289097932,8.0,
51.1624699614,71.3998302102,4.0,
51.1624714971,71.4746842442,1.0,
51.1625198712,71.4487230314,16.0,
51.1626296667,71.4351770065,4.0,
51.1626323143,71.4687001669,2.0,
51.1626497313,71.4851500806,2.0,
51.1627746145,71.4249900656,32.0,
51.1628834161,71.4415186696,4.0,
51.1629144782,71.4625869551,16.0,
51.1630196325,71.4311377643,8.0,
51.1630338803,71.4894893468,2.0,
51.1630648717,71.4070926831,8.0,
51.1631119987,71.4974336937,1.0,
51.1634860098,71.4096469782,4.0,
51.1635412532,71.4654433814,2.0,
51.1635604204,71.4000169725,1.0,
51.163622944,71.4949866344,1.0,
51.1636485221,71.4711620569,4.0,
51.1636817678,71.4375682212,8.0,
51.1637646223,71.417397441,32.0,
51.1640146467,71.4110977524,32.0,
51.1640168624,71.4208312894,16.0,
51.1640326332,71.4490341771,4.0,
51.1640829999,71.4267504781,8.0,
51.1641944712,71.4659120326,1.0,
51.1641979471,71.4472213668,32.0,
51.1642705566,71.4107559756,2.0,
51.1643260425,71.4528331705,2.0,
51.1643908282,71.4149690209,8.0,
51.1644388067,71.4144840222,2.0,
51.1644539643,71.4138448567,4.0,
51.1644579155,71.4402647599,16.0,
51.1644595115,71.5475302438,1.0,
51.164463935,71.4180366797,2.0,
51.1644905234,71.4061804462,2.0,
51.1644966888,71.4504674384,16.0,
51.1646163097,71.4408742813,8.0,
51.1647129101,71.4338778323,16.0,
51.1647168379,71.4678900736,16.0,
51.1648404965,71.4732090213,4.0,
51.1648527785,71.5673785985,1.0,
51.1648851429,71.4582105221,1.0,
51.1649850927,71.3998082666,8.0,
51.1651473213,71.4905628813,1.0,
51.1651937902,71.4126531289,8.0,
51.1651977254,71.4427730695,4.0,
51.1653043311,71.464613008,8.0,
51.1654316842,71.4061756266,16.0,
51.1656105805,71.4290812206,16.0,
51.1656108594,71.4258764273,2.0,
51.1656747308,71.4184643486,1.0,
51.1656987393,71.4527932754,8.0,
51.1657077101,71.4751865391,2.0,
51.1657759082,71.4381259035,1.0,
51.1658938912,71.4876983635,1.0,
51.1659481603,71.4015043784,4.0,
51.1659501586,71.423148596,16.0,
51.1659532316,71.4042774124,2.0,
51.1659699859,71.4000562646,1.0,
51.1660288603,71.4694453441,2.0,
51.1662007079,71.4308507232,4.0,
51.1662982234,71.4392218983,8.0,
51.1663000308,71.4646037995,1.0,
51.1663041327,71.4222321752,1.0,
51.1664963957,71.3551514131,1.0,
51.1665163346,71.4069219347,4.0,
51.1665351666,71.4016591808,2.0,
51.1666354886,71.4212411756,8.0,
51.1666459637,71.5629219042,2.0,
51.1666459802,71.5864044802,1.0,
51.166673161,71.4485492718,8.0,
51.1667127037,71.4027416574,8.0,
51.166727798,71.407598688,2.0,
51.166802615,71.4926548436,1.0,
51.1668611395,71.4239842814,2.0,
51.1669261556,71.4295318679,1.0,
51.1669608097,71.4515104115,4.0,
51.1670985862,71.4334969854,1.0,
51.167163173,71.4360752273,16.0,
51.1671683422,71.4263230349,32.0,
51.1671716299,71.4110169105,32.0,
51.1671919766,71.4162704542,1.0,
51.1671921786,71.4041971531,4.0,
51.1672178137,71.424109552,8.0,
51.1672225022,71.4502166395,1.0,
51.167243241,71.4636932238,16.0,
51.1672946889,71.4404956924,16.0,
51.1673500156,71.4379830733,2.0,
51.1673557499,71.4567491526,1.0,
51.1673723456,71.4321003252,8.0,
51.1674384076,71.4579815133,2.0,
51.1675136618,71.4281606942,8.0,
51.1675294857,71.4765814377,2.0,
51.1675390827,71.4871887641,2.0,
51.1675480061,71.4143325958,4.0,
51.1675494215,71.3983089801,8.0,
51.1675803697,71.397622141,4.0,
51.1676460232,71.4613377718,16.0,
51.1676818093,71.4089473093,16.0,
51.1677026141,71.4453373514,8.0,
51.1677679536,71.5676371152,4.0,
51.1678677943,71.4554422559,16.0,
51.1678964058,71.4464062891,2.0,
51.16813955,71.4703455285,2.0,
51.1681539505,71.440884495,8.0,
51.1681727808,71.5714185201,2.0,
51.1683558879,71.4199384846,4.0,
51.1683817651,71.410861274,2.0,
51.1683822343,71.4213396929,1.0,
51.1683987904,71.4298865122,16.0,
51.1685242655,71.4142567972,1.0,
51.1685245648,71.423200469,16.0,
51.1685482664,71.4004762995,64.0,
51.1685588066,71.5812468703,1.0,
51.1687127779,71.4493238819,4.0,
51.168752688,71.4043788868,32.0,
51.1687614552,71.4130896824,32.0,
51.1687896476,71.3976419574,1.0,
51.1688511255,71.4143104387,2.0,
51.1689307673,71.5011362708,1.0,
51.1689384672,71.4382995858,16.0,
51.1689629795,71.4204402382,2.0,
51.1689786482,71.4610796881,2.0,
51.1690026048,71.4086558075,4.0,
51.1690419427,71.4059381634,1.0,
51.1690499267,71.4338607078,8.0,
51.1690757453,71.4578163549,16.0,
51.1691231786,71.4255129417,1.0,
51.1691583121,71.3931480933,4.0,
51.1691798957,71.4653725509,1.0,
51.1691992473,71.4250898511,4.0,
51.1692040328,71.4168823391,32.0,
51.1692051028,71.5760039267,2.0,
51.1692454612,71.4076297112,2.0,
51.169302902,71.4313656055,4.0,
51.1694717785,71.435388476,16.0,
51.1695053762,71.5584380714,4.0,
51.1695463392,71.3936326066,1.0,
51.1695542855,71.4368387633,4.0,
51.1695935035,71.4425184362,16.0,
51.1695938175,71.4066460673,32.0,
51.1697803959,71.568660984,2.0,
51.1697815007,71.4115665419,8.0,
51.1698533855,71.4092625475,32.0,
51.1698893277,71.4002471453,4.0,
51.1699023306,71.4560131861,8.0,
51.1699081019,71.4659951839,8.0,
51.1699359888,71.4506265132,16.0,
51.1699639428,71.4009003173,2.0,
51.1700716953,71.4024690237,16.0,
51.1700831556,71.3906646404,4.0,
51.1700844592,71.4277774176,2.0,
51.1701105716,71.4230039432,1.0,
51.1702359342,71.5964913593,1.0,
51.1702550732,71.446211833,16.0,
51.1702996161,71.4344405519,4.0,
51.1703218032,71.4467635977,2.0,
51.1703357892,71.5794862626,4.0,
51.1703760198,71.5531713451,2.0,
51.1703878033,71.4782198397,2.0,
51.1703983424,71.5457545747,1.0,
51.1704254328,71.4529780763,2.0,
51.1704344861,71.4641191997,4.0,
51.1705824899,71.5936423062,2.0,
51.1705886618,71.4621142924,1.0,
51.1706662687,71.4383255165,2.0,
51.1707142179,71.6077348343,1.0,
51.1707332195,71.4492255545,1.0,
51.170739471,71.4450857123,1.0,
51.1707477819,71.4207953255,8.0,
51.1708531322,71.4149160464,16.0,
51.1709113309,71.5642601081,2.0,
51.1709532132,71.467194462,2.0,
51.1709760825,71.3970151386,1.0,
51.171062814,71.5768013756,4.0,
51.1710780784,71.415815457,4.0,
51.1710928128,71.5745211011,4.0,
51.1711113743,71.4117138733,16.0,
51.1711640251,71.5872868924,2.0,
51.1712172303,71.3956000667,8.0,
51.1712198014,71.5902515564,2.0,
51.1712706664,71.4414539499,2.0,
51.1713388521,71.5808012796,1.0,
51.1713624191,71.403312108,1.0,
51.1714064299,71.5822214527,2.0,
51.1714298601,71.6050854863,1.0,
51.171490633,71.458721766,4.0,
51.1715014866,71.4143521775,2.0,
51.1715200573,71.6018428514,1.0,
51.1715393358,71.3481263834,1.0,
51.1716097898,71.4644149696,2.0,
51.1716401286,71.4092938441,8.0,
51.1717122618,71.438110062,1.0,
51.1717393272,71.39137955,2.0,
51.1717486579,71.551372964,4.0,
51.1718001803,71.5671494092,8.0,
51.1718092499,71.4242660416,16.0,
51.1718563977,71.4297656264,4.0,
51.1718577,71.5595519375,4.0,
51.1719158155,71.4315477508,8.0,
51.1719657161,71.4046452599,16.0,
51.1719834544,71.5920148188,4.0,
51.1720425452,71.3979361119,2.0,
51.1720427622,71.5479912482,4.0,
51.1720935041,71.4539255709,8.0,
51.1721035251,71.4657717584,1.0,
51.1722151954,71.4215572376,32.0,
51.1722525205,71.5841769736,8.0,
51.172283642,71.4517764356,16.0,
51.1723204995,71.5576693365,8.0,
51.1723743287,71.4068055549,2.0,
51.1725074549,71.5800152634,2.0,
51.1725323818,71.4126924357,8.0,
51.1725769614,71.402488501,2.0,
51.1726269264,71.3920678267,8.0,
51.1727362485,71.5451608744,2.0,
51.1727700957,71.5865988604,8.0,
51.1727959613,71.4793862664,1.0,
51.1727971474,71.4522690938,1.0,
51.172800207,71.5374598614,1.0,
51.1728041321,71.4502000032,2.0,
51.1728429074,71.4343497108,1.0,
51.1729229585,71.5554653617,4.0,
51.1729941043,71.5664860627,1.0,
51.173009516,71.5661936231,4.0,
51.173060305,71.585118169,1.0,
51.1730959739,71.4771131925,1.0,
51.1731315299,71.4159944423,32.0,
51.1731483578,71.5717455059,1.0,
51.1732982026,71.4106379443,1.0,
51.1733121585,71.5632111899,8.0,
51.1733214459,71.5813895376,8.0,
51.1733461493,71.4588130051,2.0,
51.1733600005,71.5773998627,8.0,
51.1733954386,71.5531879692,8.0,
51.1734111585,71.4082116013,1.0,
51.1734236423,71.590341133,8.0,
51.1734410062,71.4272268694,16.0,
51.1735149957,71.4463522176,16.0,
51.1735381307,71.4335087633,16.0,
51.1735725335,71.5504310064,8.0,
51.1736148687,71.4012753164,4.0,
51.1736387246,71.3948132681,4.0,
51.1736541588,71.5399676759,2.0,
51.1737127704,71.5756257113,4.0,
51.1737145711,71.372934081,8.0,
51.1737278065,71.5740240768,1.0,
51.173759303,71.4395629945,8.0,
51.1737646726,71.4072102192,16.0,
51.1738485214,71.4192654149,1.0,
51.1738854737,71.4541924333,4.0,
51.1738880474,71.4058040567,8.0,
51.1739523536,71.3716128759,1.0,
51.1740156288,71.5449559191,4.0,
51.1740166258,71.4605895419,4.0,
51.174050122,71.54368085,1.0,
51.1741024207,71.5599830184,16.0,
51.1741047002,71.438804785,4.0,
51.1741069476,71.4496429757,8.0,
51.1741381962,71.4047870822,1.0,
51.1741427313,71.3996032655,16.0,
51.1741638667,71.3984864266,1.0,
51.1741874272,71.429485222,2.0,
51.1742252506,71.4419790433,32.0,
51.1742501267,71.4187642184,2.0,
51.1742657082,71.4098925976,16.0,
51.1742794407,71.4208519747,8.0,
51.174286109,71.4863170983,2.0,
51.1743058368,71.5716668581,2.0,
51.1743259773,71.4223079375,4.0,
51.1743290482,71.5609801334,1.0,
51.1743324221,71.4375614866,16.0,
51.1744045588,71.4128131892,1.0,
51.1745719221,71.5783706655,2.0,
51.1746170176,71.4046558741,4.0,
51.1746358938,71.3927524098,2.0,
51.1746480494,71.477995456,4.0,
51.1746694174,71.4244312364,32.0,
51.1748512372,71.5514942213,2.0,
51.1749970757,71.4439777408,2.0,
51.1750648595,71.5832879946,8.0,
51.1751520384,71.3978868737,2.0,
51.1751650162,71.4123166346,2.0,
51.1751859158,71.3695169076,2.0,
51.1752288623,71.4307742969,8.0,
51.1752359135,71.4084777557,8.0,
51.1752367128,71.4659515789,2.0,
51.1752387725,71.4646656746,1.0,
51.1752994734,71.4217308058,1.0,
51.1753029147,71.4632119722,4.0,
51.1753150066,71.5624691938,4.0,
51.1753240284,71.5866685154,2.0,
51.1753777709,71.5724616122,8.0,
51.1753857972,71.4529695776,1.0,
51.175480277,71.427644183,8.0,
51.1755000094,71.554219999,4.0,
51.1755018796,71.5273349567,1.0,
51.1755091342,71.4541809691,8.0,
51.1755386968,71.4754570044,2.0,
51.1755694497,71.5747347832,2.0,
51.1755948693,71.4172835733,32.0,
51.175611234,71.4612873748,2.0,
51.1756636332,71.4371023934,1.0,
51.1756786571,71.445070631,8.0,
51.1757327919,71.4034605729,32.0,
51.1757349271,71.5490193927,8.0,
51.175735746,71.578106528,4.0,
51.1757588838,71.5907922211,1.0,
51.1757666119,71.5963228679,2.0,
51.1758058939,71.5811438252,2.0,
51.1758165629,71.5922477625,2.0,
51.1758422184,71.4200091958,16.0,
51.1758728349,71.5633836616,2.0,
51.1759241713,71.4810776577,4.0,
51.1759564739,71.4557756606,1.0,
51.1759744206,71.4471875164,4.0,
51.1759941903,71.4736994079,4.0,
51.1760039407,71.4074882518,32.0,
51.1760123919,71.3701828514,8.0,
51.176091637,71.4227023764,8.0,
51.1761118478,71.4267955459,1.0,
51.1761289611,71.3750832575,1.0,
51.1761930922,71.4330486265,16.0,
51.1761990056,71.3761917634,4.0,
51.1762717378,71.4847679549,1.0,
51.1762992024,71.5699266576,8.0,
51.1763845319,71.3953587935,2.0,
51.1763999756,71.4619911191,1.0,
51.176566029,71.3978573651,8.0,
51.1765781534,71.3927210812,16.0,
51.1766139572,71.3908038944,4.0,
51.1767218957,71.4389838979,16.0,
51.1767284516,71.4109255415,32.0,
51.1767350176,71.4500594249,1.0,
51.1767500188,71.3721303698,2.0,
51.1767524922,71.5718602909,1.0,
51.1767586549,71.3800127789,1.0,
51.176765302,71.3377753188,1.0,
51.1768365921,71.534233183,1.0,
51.1768455488,71.4150311856,4.0,
51.1770658152,71.4302930844,4.0,
51.1771552451,71.5602711233,2.0,
51.1771560253,71.4189692666,8.0,
51.1771600807,71.5778569132,2.0,
51.1771647183,71.3679860618,1.0,
51.1771949181,71.5299387522,2.0,
51.1772111262,71.415879656,1.0,
51.1772946565,71.4434758112,16.0,
51.1773004008,71.3492204428,1.0,
51.1773671012,71.3954884983,8.0,
51.1773786623,71.4710899443,1.0,
51.1774156102,71.457977035,8.0,
51.1775191384,71.4010865802,8.0,
51.1775750276,71.3996942651,4.0,
51.1775945603,71.4477212551,8.0,
51.1776372963,71.3777431945,1.0,
51.1776376766,71.5527069842,4.0,
51.1776587546,71.3304175002,8.0,
51.1777089819,71.4037735337,1.0,
51.1777103872,71.4076459864,4.0,
51.1777482415,71.4453826231,1.0,
51.1777910682,71.4355714026,2.0,
51.1778015361,71.3848884928,1.0,
51.1778108792,71.4044484029,4.0,
51.1779339705,71.4377802016,1.0,
51.1780234467,71.421619547,16.0,
51.1780258378,71.3887811922,8.0,
51.1781081093,71.3932140834,4.0,
51.1781381267,71.4410018133,32.0,
51.178162587,71.4123274761,16.0,
51.1781708461,71.45477293,2.0,
51.1781821321,71.4697771547,4.0,
51.1782201042,71.3944486752,1.0,
51.1782214785,71.4438265437,2.0,
51.1782660193,71.5831701018,2.0,
51.1783434434,71.429791818,2.0,
51.1783783907,71.4261263098,2.0,
51.1783867047,71.4056769377,8.0,
51.1784089112,71.3861969026,4.0,
51.1784465572,71.431859108,16.0,
51.1785174127,71.4154056159,16.0,
51.1785830079,71.550190726,4.0,
51.1786316137,71.5393827995,1.0,
51.1786338049,71.4171911977,8.0,
51.1786553039,71.4449965792,4.0,
51.178666155,71.3344660264,1.0,
51.1786793595,71.5586456437,1.0,
51.1786942235,71.390422167,16.0,
51.1786977818,71.4528183289,8.0,
51.1787213455,71.4226643474,4.0,
51.1787997198,71.4668303089,1.0,
51.1789231375,71.4185161773,32.0,
51.1789252307,71.4247461047,8.0,
51.1789735461,71.4029132506,8.0,
51.1790347826,71.364018184,1.0,
51.1790888281,71.3508321045,1.0,
51.179089578,71.3724215613,4.0,
51.1790936593,71.4346071346,8.0,
51.1791213601,71.395560939,2.0,
51.1791446279,71.3415731053,1.0,
51.179153344,71.5694325743,1.0,
51.1791812599,71.4735418221,8.0,
51.1791901712,71.3456471373,4.0,
51.1792131459,71.3747730795,4.0,
51.1792712651,71.3917928763,2.0,
51.1792922924,71.3323972744,4.0,
51.179301875,71.3621502176,2.0,
51.179311975,71.3985457671,1.0,
51.1793511239,71.374594431,1.0,
51.1793711677,71.4760800003,1.0,
51.1794010335,71.3418463175,2.0,
51.1794272376,71.42967341,8.0,
51.179481742,71.3364896773,16.0,
51.179493041,71.3833123936,4.0,
51.1795588701,71.3770466939,2.0,
51.1795610658,71.5852100884,1.0,
51.179566405,71.4497942883,8.0,
51.1795814319,71.4446587281,16.0,
51.179613135,71.3473633994,1.0,
51.1796407285,71.409459284,2.0,
51.1796542532,71.3972954817,8.0,
51.1796901241,71.4372816241,8.0,
51.1797048927,71.4042796501,16.0,
51.1797999339,71.4089794841,32.0,
51.179810614,71.4155285297,4.0,
51.1798133919,71.3443366737,2.0,
51.1798928155,71.4326307795,1.0,
51.1799603235,71.447982402,2.0,
51.1799655823,71.4279869015,16.0,
51.1799936855,71.3962225504,16.0,
51.179996303,71.3678317906,4.0,
51.1800055215,71.4624943722,4.0,
51.180035645,71.4667237089,2.0,
51.180063159,71.3933311564,16.0,
51.1801087139,71.434658583,16.0,
51.1801087889,71.3293232327,2.0,
51.1801532392,71.3921375082,4.0,
51.1802395592,71.4471028571,1.0,
51.1802771325,71.487225212,1.0,
51.1802943437,71.3409219036,8.0,
51.1803114346,71.444801061,2.0,
51.1803327454,71.3814501611,8.0,
51.1803376017,71.3468867505,8.0,
51.1803433975,71.402068786,16.0,
51.1803547447,71.3386294967,1.0,
51.1803606894,71.4391531911,1.0,
51.1803801883,71.4043393063,1.0,
51.1805252196,71.4899536855,2.0,
51.1805640992,71.4218953635,64.0,
51.1805794081,71.3928734814,1.0,
51.1805837964,71.3595236841,8.0,
51.1806558744,71.5644933867,1.0,
51.1806771345,71.4185111068,4.0,
51.180715024,71.4368251269,1.0,
51.1807356346,71.4466797685,4.0,
51.1807383078,71.4371100016,2.0,
51.1807457245,71.3993275473,8.0,
51.1807939516,71.4201797067,16.0,
51.1808310125,71.475250069,2.0,
51.1810595672,71.3789642894,2.0,
51.1810700321,71.4367293772,4.0,
51.1811080279,71.3850055271,8.0,
51.1811088615,71.3377374661,2.0,
51.1811407107,71.4701177923,1.0,
51.1811435847,71.4293621579,2.0,
51.1811877267,71.4263978499,8.0,
51.1811988779,71.3644859122,8.0,
51.1812031176,71.4132900093,16.0,
51.1812562916,71.4560634257,2.0,
51.1813184007,71.4072637227,4.0,
51.1813687704,71.3694066496,1.0,
51.1814169975,71.3987795474,2.0,
51.181461256,71.4424308523,2.0,
51.1815892794,71.4315053754,4.0,
51.181612841,71.460902679,4.0,
51.1816849015,71.3845452115,1.0,
51.181690038,71.3275999492,2.0,
51.1817052836,71.434203318,4.0,
51.1817256901,71.4340737025,1.0,
51.1817411189,71.3387693961,4.0,
51.181748005,71.3618534992,4.0,
51.1817813456,71.3782015167,8.0,
51.1818014275,71.4055717339,32.0,
51.1818064161,71.4923625753,2.0,
51.1818219515,71.4259793575,1.0,
51.1818458095,71.4725023431,1.0,
51.1818818622,71.4171543796,32.0,
51.1819302231,71.3932514744,8.0,
51.1819347751,71.4208165268,4.0,
51.1819657252,71.3595456291,1.0,
51.1820545943,71.4230007893,1.0,
51.1820571288,71.4590693349,2.0,
51.1821160813,71.4211991642,2.0,
51.1821249835,71.4100617897,1.0,
51.1821380195,71.4086156764,16.0,
51.1822294855,71.3486849751,4.0,
51.1822635612,71.3432686528,8.0,
51.182309585,71.4904864624,1.0,
51.182529973,71.3798543394,4.0,
51.1826194282,71.3450047669,2.0,
51.1826472122,71.4592366978,1.0,
51.182700845,71.335608226,2.0,
51.1827195025,71.3717052329,1.0,
51.1827555197,71.374805217,2.0,
51.1828614012,71.4161742049,1.0,
51.1828957541,71.4349924545,2.0,
51.1829096655,71.4643880872,4.0,
51.1829147092,71.3604170332,8.0,
51.1829470308,71.330196235,1.0,
51.1829485388,71.4171122086,8.0,
51.1829576604,71.3731823481,16.0,
51.183132938,71.3710538831,2.0,
51.1831666248,71.3996045428,1.0,
51.183222149,71.4396500217,16.0,
51.1832485053,71.3618398593,1.0,
51.1832755995,71.4548183063,4.0,
51.1832797163,71.3407098461,8.0,
51.1832885826,71.4220048959,32.0,
51.1832988164,71.4025380088,16.0,
51.1833029315,71.3818855375,16.0,
51.1833912476,71.3396990847,1.0,
51.1834452772,71.3863590346,4.0,
51.1835187432,71.4270760511,4.0,
51.1835549071,71.4455469417,2.0,
51.1835857273,71.4242681519,2.0,
51.1835917549,71.4395849884,4.0,
51.1836112115,71.3800510281,2.0,
51.1836252949,71.3929810496,1.0,
51.1836655377,71.3694288229,4.0,
51.1838663667,71.4001375741,8.0,
51.1839050037,71.4041568029,4.0,
51.1839312592,71.569340608,1.0,
51.1839598041,71.3577375299,2.0,
51.1839856553,71.3456437115,8.0,
51.1840107551,71.3964036643,16.0,
51.1840508888,71.3859186003,16.0,
51.1840820805,71.4086463365,32.0,
51.184101138,71.492937189,2.0,
51.1841246276,71.4048876865,8.0,
51.1841604643,71.3676148631,1.0,
51.184162366,71.406438295,4.0,
51.184192215,71.4379252952,2.0,
51.184196608,71.3374732202,4.0,
51.1841966642,71.5572339799,1.0,
51.1842934386,71.365656,4.0,
51.1842946802,71.3748566985,1.0,
51.184359091,71.3682497902,16.0,
51.1843715343,71.3541507162,4.0,
51.1843826575,71.5548972724,1.0,
51.1843886198,71.3709665672,8.0,
51.184406354,71.4520752904,4.0,
51.1844164798,71.3509132392,1.0,
51.184491418,71.492022088,1.0,
51.1845443194,71.3433474384,8.0,
51.1846358781,71.3201137117,1.0,
51.1847017455,71.565791377,1.0,
51.1847133655,71.4158892645,32.0,
51.1847311668,71.4198943804,4.0,
51.1847555735,71.4493535333,4.0,
51.184756086,71.4093468955,1.0,
51.1849070862,71.4065999289,2.0,
51.1849097948,71.4353577556,1.0,
51.1850524756,71.4739763111,1.0,
51.1850736996,71.4601816267,1.0,
51.1850773557,71.4184583975,2.0,
51.185211839,71.4132234062,2.0,
51.1852669568,71.3807053249,4.0,
51.1852802472,71.4680923432,2.0,
51.1852963833,71.3596947905,2.0,
51.1852974513,71.3502305589,2.0,
51.1853020263,71.4024263142,1.0,
51.1853212483,71.3694576236,2.0,
51.185395957,71.3273502261,2.0,
51.1854082892,71.5367070967,1.0,
51.185459012,71.3178629478,2.0,
51.1854898994,71.4235255756,4.0,
51.1856013319,71.4879440414,2.0,
51.1856833113,71.4310336491,1.0,
51.1856866269,71.4159641441,8.0,
51.1856909246,71.3577471904,1.0,
51.185716998,71.387889621,8.0,
51.1857200423,71.4452322454,1.0,
51.1857204853,71.4012035888,16.0,
51.1857490097,71.4037326852,16.0,
51.1858058698,71.377442284,2.0,
51.1858170927,71.4117842173,16.0,
51.1858631084,71.3990290755,2.0,
51.1858650267,71.4939284897,1.0,
51.1858934702,71.4703576729,1.0,
51.1860547134,71.3728381317,8.0,
51.186069794,71.4249145798,2.0,
51.1861110512,71.4214234974,16.0,
51.1861175192,71.472101542,2.0,
51.1862245354,71.4074986373,32.0,
51.1862652715,71.4191537851,16.0,
51.1863488073,71.3496377259,1.0,
51.1865584705,71.3163220395,4.0,
51.1868253916,71.3821405933,8.0,
51.1868486926,71.3915695263,4.0,
51.1868810729,71.4763927472,1.0,
51.1869082199,71.3893095856,4.0,
51.1869215215,71.4048384225,4.0,
51.1869277882,71.4019903752,2.0,
51.1870067386,71.3749365859,8.0,
51.1870697041,71.4179614588,4.0,
51.1870703974,71.3412121675,8.0,
51.1870929091,71.4172685816,2.0,
51.1871462277,71.3384962102,4.0,
51.1871627396,71.4047210201,1.0,
51.1872172955,71.396079503,8.0,
51.1872355988,71.3295769148,2.0,
51.1872368921,71.3830858588,1.0,
51.1873205275,71.585730335,1.0,
51.1873684706,71.3784104739,8.0,
51.1874000299,71.4524107044,8.0,
51.1874315357,71.3359967332,1.0,
51.1874457573,71.3734704957,1.0,
51.1874711216,71.3938386457,4.0,
51.1876115362,71.4208290267,4.0,
51.1876876517,71.4579315814,2.0,
51.187781765,71.4429799619,1.0,
51.1878450675,71.4022822331,16.0,
51.1878626662,71.414409719,32.0,
51.1879254591,71.484821233,1.0,
51.1879470956,71.3318549986,4.0,
51.187964948,71.3993815673,1.0,
51.1879816407,71.4953145584,2.0,
51.1880170071,71.4075274697,4.0,
51.1880477559,71.3926308279,16.0,
51.1881493934,71.3364027182,4.0,
51.1883732787,71.3976710423,2.0,
51.1883874868,71.4065081535,16.0,
51.1884117915,71.4087075249,1.0,
51.1884161306,71.4540836771,16.0,
51.1885603345,71.4090169186,16.0,
51.1886120531,71.4475751221,1.0,
51.1886205786,71.409499879,8.0,
51.188661055,71.4211345572,8.0,
51.1886624149,71.4511269943,2.0,
51.1886828815,71.3896581449,8.0,
51.1886899668,71.3838619522,8.0,
51.1887203055,71.4599894663,1.0,
51.1887891481,71.3944567388,8.0,
51.1888444933,71.3764444126,2.0,
51.18887588,71.3851884289,1.0,
51.1889557107,71.4407116347,1.0,
51.1889652365,71.3824594417,4.0,
51.1890390067,71.3709007873,2.0,
51.1890995803,71.3799474513,1.0,
51.1891064204,71.4114347841,16.0,
51.1891083658,71.4157922287,2.0,
51.1892883299,71.4147862553,4.0,
51.1893007557,71.3207130201,2.0,
51.1893475872,71.3334241916,2.0,
51.1893694954,71.4020960354,4.0,
51.1894309434,71.455704994,1.0,
51.1894332031,71.3794637194,2.0,
51.1895128447,71.320902579,4.0,
51.1895459249,71.4429282636,8.0,
51.1895484082,71.4007719915,8.0,
51.1896458331,71.4516628352,8.0,
51.1897065381,71.3211126832,1.0,
51.189732275,71.3731069322,2.0,
51.1897767387,71.3293957472,8.0,
51.1899397885,71.3846673735,4.0,
51.1900059815,71.4445718176,1.0,
51.190006715,71.4103078333,1.0,
51.1900242133,71.4783795082,2.0,
51.1900392382,71.4352195164,4.0,
51.1900801488,71.4185127005,1.0,
51.190244851,71.4768164547,1.0,
51.1903466243,71.4067948423,32.0,
51.190346849,71.4213789565,4.0,
51.1903650675,71.3227158922,16.0,
51.1904119542,71.3913739201,16.0,
51.1905252766,71.4686589321,1.0,
51.1905312383,71.3370552131,1.0,
51.190539919,71.53854911,1.0,
51.1905744887,71.3778515405,4.0,
51.1906394988,71.4310083124,1.0,
51.1906573591,71.4130617076,2.0,
51.1906944802,71.4717027603,1.0,
51.190747991,71.3268456849,4.0,
51.190752065,71.4586413844,4.0,
51.1907651956,71.4129435243,32.0,
51.1907712145,71.4039714529,2.0,
51.1907979701,71.3943332146,16.0,
51.1908364504,71.3973540398,4.0,
51.1909184664,71.3819187492,16.0,
51.1909607628,71.4190009726,2.0,
51.1910216246,71.4097488779,16.0,
51.1910277958,71.4213962584,2.0,
51.1910884487,71.4080288334,8.0,
51.1912407538,71.4581771858,1.0,
51.1913433155,71.3879453562,4.0,
51.1913863251,71.3736388742,1.0,
51.1914798562,71.431666257,8.0,
51.1915082425,71.4608536468,2.0,
51.1915353026,71.3812901832,1.0,
51.1915518079,71.4428344836,2.0,
51.1915738468,71.3432819827,4.0,
51.1915994263,71.3247502279,2.0,
51.1916554565,71.3930895858,1.0,
51.1917175084,71.3414446599,1.0,
51.1920021897,71.4391118674,4.0,
51.1920441976,71.415738645,1.0,
51.1921542026,71.4030479375,4.0,
51.1921750756,71.3697665074,1.0,
51.1922215712,71.3743616779,2.0,
51.1922659704,71.4164740921,4.0,
51.1924486613,71.410084624,2.0,
51.1925455054,71.328054069,1.0,
51.1925767305,71.3967465242,2.0,
51.1925960627,71.4025082875,8.0,
51.1927510094,71.3887736794,2.0,
51.1927527699,71.4073579772,32.0,
51.1927750318,71.4007765713,1.0,
51.1928028979,71.3458412048,8.0,
51.1928080829,71.3788038829,4.0,
51.1928233934,71.4000589491,16.0,
51.192869758,71.389104033,16.0,
51.1928717836,71.382924558,4.0,
51.1930829854,71.4656029728,2.0,
51.1930855961,71.3672124213,1.0,
51.1931315071,71.5093199894,1.0,
51.1931539709,71.3848941359,1.0,
51.1932114804,71.4041893216,32.0,
51.1932215434,71.4810862616,2.0,
51.1932800259,71.3223228642,1.0,
51.1933260464,71.3953072312,8.0,
51.1933759436,71.3382012166,8.0,
51.1933804718,71.3866935353,8.0,
51.1934381372,71.4363371589,2.0,
51.1935256615,71.4639539159,8.0,
51.1935654808,71.4112708978,32.0,
51.193585281,71.3738110825,8.0,
51.1936609899,71.4088292404,8.0,
51.1937136256,71.3724130459,1.0,
51.1937305539,71.3399328427,1.0,
51.1937514895,71.369541679,16.0,
51.1937992077,71.3434111816,2.0,
51.1938918793,71.4111011846,64.0,
51.1939044762,71.4049003635,1.0,
51.1939069644,71.3461318653,4.0,
51.1939202037,71.3764135668,4.0,
51.1939923341,71.4608583501,8.0,
51.1940238763,71.3643223943,2.0,
51.1940562275,71.4392611514,1.0,
51.1940908113,71.4128827902,1.0,
51.1941223365,71.4126625753,2.0,
51.1941963357,71.4059624439,4.0,
51.1942414602,71.4273332422,2.0,
51.1943018338,71.3411609069,16.0,
51.1944174302,71.3957521497,32.0,
51.1944524917,71.3943009333,4.0,
51.1947468677,71.3663171701,8.0,
51.1947631715,71.3301328443,4.0,
51.1947857663,71.4048029225,2.0,
51.1947887709,71.4011244432,4.0,
51.1947952389,71.4399765741,4.0,
51.1948039236,71.4527486391,2.0,
51.1948425281,71.391154593,16.0,
51.194904388,71.4026042683,8.0,
51.194943185,71.4600347411,1.0,
51.1950447728,71.4362788018,1.0,
51.1950682575,71.3623831965,8.0,
51.1951192989,71.4219622209,8.0,
51.1951535078,71.3647192141,1.0,
51.1951618023,71.387299603,4.0,
51.1952055023,71.4092045526,4.0,
51.1952203575,71.3706726766,2.0,
51.1952371916,71.3820542729,4.0,
51.1952456971,71.3969400611,8.0,
51.1952852524,71.3273190641,1.0,
51.1953036986,71.3261198578,4.0,
51.1953095788,71.3992038723,16.0,
51.1953614734,71.33316037,16.0,
51.1953798655,71.4552765902,4.0,
51.1953983165,71.4424006435,8.0,
51.1954187687,71.4095454353,1.0,
51.1954560229,71.4252560671,16.0,
51.195490316,71.4622237665,16.0,
51.1955727301,71.4668675627,1.0,
51.1955821174,71.3786507793,16.0,
51.1956415531,71.3424797999,1.0,
51.195678197,71.4289254042,4.0,
51.1957355868,71.3744936997,4.0,
51.1957464646,71.3933601769,16.0,
51.1959768129,71.4626936323,1.0,
51.1959909158,71.4368162369,2.0,
51.1960087297,71.4722991675,2.0,
51.1960199566,71.448583352,1.0,
51.1960948289,71.4694434986,2.0,
51.1961331133,71.358653555,4.0,
51.1961785477,71.4567719872,8.0,
51.1961937247,71.4568419922,2.0,
51.1963748374,71.405032285,16.0,
51.1965173111,71.4002983923,1.0,
51.1965269362,71.3599039949,8.0,
51.1965296242,71.324103828,4.0,
51.19653497,71.3849645144,4.0,
51.1965621136,71.4544083659,2.0,
51.1965794616,71.4212794652,2.0,
51.1966079949,71.3862172666,2.0,
51.196614312,71.3889134376,32.0,
51.1967048862,71.3677678374,16.0,
51.1967737209,71.4743037851,1.0,
51.1967741379,71.3767258138,16.0,
51.1968445825,71.4595520438,4.0,
51.196849067,71.4338546475,1.0,
51.1968828771,71.4248668642,1.0,
51.1969276892,71.3924290421,8.0,
51.1969564962,71.3723719187,8.0,
51.1970038128,71.3295036779,8.0,
51.1970056381,71.4382294571,8.0,
51.1970495072,71.4752233066,2.0,
51.1970791754,71.3934592517,2.0,
51.1970826827,71.4407459788,2.0,
51.1972259191,71.4210351087,8.0,
51.1972494706,71.3960766427,32.0,
51.1972713943,71.4914352362,2.0,
51.1973083798,71.416694046,4.0,
51.1973414714,71.3416799844,2.0,
51.1973578578,71.3397259716,8.0,
51.1975085231,71.3306497634,4.0,
51.1975379912,71.3641907463,16.0,
51.1975402054,71.3913925154,4.0,
51.1975773351,71.3946562397,1.0,
51.1976773011,71.4260251492,4.0,
51.1977278105,71.3441688604,2.0,
51.1977793818,71.4223555777,1.0,
51.1978265685,71.3258148877,16.0,
51.1979993044,71.4615259318,4.0,
51.1980013068,71.3754104465,2.0,
51.1980901666,71.3330520109,4.0,
51.1981284681,71.3854465953,8.0,
51.1981287528,71.3254368669,2.0,
51.1981660062,71.423059,2.0,
51.1982174626,71.3966242419,2.0,
51.1982358901,71.388777057,2.0,
51.1982586485,71.3886077323,1.0,
51.1982621312,71.3937313641,4.0,
51.1982670162,71.334297532,2.0,
51.1982992554,71.4207505397,4.0,
51.1983530166,71.4266189459,2.0,
51.1984567734,71.4575237407,1.0,
51.1984637172,71.3445618338,1.0,
51.198477552,71.3830901687,16.0,
51.1984857415,71.3618481447,4.0,
51.1985092709,71.3662151263,2.0,
51.1985282342,71.3797232963,8.0,
51.1985676398,71.4600783972,16.0,
51.1986066812,71.3567647624,1.0,
51.1987031872,71.475757636,4.0,
51.198725179,71.3980106997,4.0,
51.1987568986,71.462700256,1.0,
51.1987605316,71.4271591133,1.0,
51.198781675,71.4008384248,2.0,
51.1988994726,71.429539345,1.0,
51.1989105802,71.3286327074,1.0,
51.1991103506,71.379475768,1.0,
51.1991532091,71.361167453,2.0,
51.1991780788,71.4047456282,1.0,
51.199191254,71.4780821143,4.0,
51.1992396147,71.3945115143,2.0,
51.1992411369,71.4596625343,2.0,
51.1993142642,71.3873079541,16.0,
51.1993326632,71.3377722655,2.0,
51.1993704547,71.3353258778,8.0,
51.1994682052,71.4539913956,2.0,
51.1995786661,71.3546802825,4.0,
51.1996330452,71.341996632,2.0,
51.1998126361,71.3727980532,4.0,
51.1998866397,71.406808179,2.0,
51.1999240291,71.4521082835,4.0,
51.1999509387,71.47821267,8.0,
51.1999654249,71.3848945447,4.0,
51.1999672672,71.4515618016,8.0,
51.2000373825,71.3426837042,4.0,
51.2001484473,71.3677379853,8.0,
51.2001747549,71.3732980238,1.0,
51.2002234933,71.3311649219,1.0,
51.2002327883,71.3911486275,2.0,
51.2002987753,71.3455061134,2.0,
51.2003021169,71.3397452188,4.0,
51.2004686471,71.4093366074,1.0,
51.20048504,71.4627431888,2.0,
51.2007191195,71.4526692599,1.0,
51.2007387597,71.5443639742,1.0,
51.200781346,71.456988802,2.0,
51.2007901771,71.3697396395,16.0,
51.2008042818,71.483554574,4.0,
51.2008337681,71.4587739173,1.0,
51.2008878522,71.4969717518,1.0,
51.2009477861,71.486137782,1.0,
51.201004373,71.4842256801,2.0,
51.2010356648,71.404291241,2.0,
51.2010987461,71.361908416,4.0,
51.2011774445,71.3709349615,4.0,
51.2012064415,71.3843883933,1.0,
51.2013042768,71.431970789,1.0,
51.20137078,71.3656338578,8.0,
51.2013909268,71.3735586566,2.0,
51.2014689901,71.3866967814,8.0,
51.2014779398,71.3843131072,8.0,
51.2014889775,71.3377774679,1.0,
51.2014952237,71.4558386045,4.0,
51.2015578275,71.4483581741,8.0,
51.2015741759,71.4633372528,1.0,
51.2016950277,71.3552265625,2.0,
51.2017343829,71.3551450535,1.0,
51.2018414712,71.3946054453,1.0,
51.2018625079,71.4466026875,1.0,
51.2018952758,71.4112471176,4.0,
51.2019318024,71.4063915677,1.0,
51.2020248566,71.3807822811,8.0,
51.2021410303,71.4405903055,1.0,
51.2022397907,71.3826874961,16.0,
51.2022820557,71.4596169904,2.0,
51.2023882619,71.3676663432,16.0,
51.2023915071,71.4449432396,2.0,
51.2024838241,71.4871357014,2.0,
51.2024924597,71.3623380784,2.0,
51.202798201,71.4139327721,8.0,
51.2029334695,71.4467719198,4.0,
51.2029416635,71.3728786019,8.0,
51.2029514829,71.3776694885,2.0,
51.2033485817,71.3756104809,4.0,
51.2034271439,71.416102306,2.0,
51.2037336982,71.3966292011,2.0,
51.2039672093,71.3737131425,1.0,
51.2039774107,71.3772604169,8.0,
51.2040354518,71.3792071069,4.0,
51.2040581562,71.4581296254,1.0,
51.2041534631,71.3994421148,2.0,
51.2042228199,71.397715489,4.0,
51.2045990448,71.3636093063,2.0,
51.2046990727,71.4924389625,1.0,
51.2047510906,71.3999216262,1.0,
51.2047860292,71.4060612328,4.0,
51.2049552977,71.3622244876,1.0,
51.2049777674,71.4161578412,1.0,
51.2050275868,71.3966892324,1.0,
51.205172975,71.3742448903,16.0,
51.2055767829,71.292116989,1.0,
51.2056476598,71.4200800583,2.0,
51.205813655,71.3745246364,2.0,
51.205929278,71.3860195382,2.0,
51.2060473594,71.409003305,2.0,
51.2060627255,71.4004373215,4.0,
51.2060712377,71.3969366784,8.0,
51.206379929,71.3892267483,2.0,
51.2063936288,71.3723089909,4.0,
51.206410012,71.3831737453,4.0,
51.2066180177,71.3538050217,1.0,
51.2066374923,71.4106412425,8.0,
51.2066782224,71.3579601588,1.0,
51.2067445558,71.3658095405,1.0,
51.206841554,71.3875915334,1.0,
51.2073625863,71.4081049103,4.0,
51.2074286009,71.4049033385,1.0,
51.207532978,71.3852465279,4.0,
51.2075808142,71.380556361,8.0,
51.2075937437,71.3987410928,2.0,
51.2076725021,71.4055254292,4.0,
51.2076791694,71.3756078836,1.0,
51.2079885017,71.4025129224,2.0,
51.2080763187,71.3976147124,1.0,
51.2080822057,71.3964111692,2.0,
51.2081746655,71.3922103134,4.0,
51.2084617442,71.4049661283,2.0,
51.2084989063,71.3555332105,1.0,
51.2086431758,71.3848067966,1.0,
51.2088712977,71.3886129139,1.0,
51.2089472469,71.3756883258,16.0,
51.2090320129,71.391091137,2.0,
51.2092905974,71.3825536631,2.0,
51.2094959624,71.3966564064,4.0,
51.2096959761,71.4989375057,1.0,
51.2098196642,71.3741383079,8.0,
51.2099326277,71.3807059067,4.0,
51.2099787433,71.3713161576,2.0,
51.2099968936,71.3916118687,8.0,
51.210038815,71.3876884976,4.0,
51.2100531903,71.3866694888,1.0,
51.2102354899,71.3995577594,8.0,
51.21041831,71.407908723,1.0,
51.2109369585,71.3947077604,8.0,
51.2109393469,71.349046048,1.0,
51.2109808198,71.3774794356,2.0,
51.211000801,71.3516190857,2.0,
51.2113298388,71.3844959366,4.0,
51.2113884678,71.375197448,2.0,
51.2116777725,71.3973854524,2.0,
51.2118995273,71.3892730875,4.0,
51.2119162686,71.3808663607,2.0,
51.2119660753,71.3881287522,1.0,
51.2123889303,71.3570765307,2.0,
51.2124086232,71.3994639314,1.0,
51.2125065455,71.3552652566,1.0,
51.212553546,71.3907532165,8.0,
51.2127566195,71.3846470895,1.0,
51.2129802621,71.3965867956,1.0,
51.2131933814,71.3947561812,4.0,
51.2135525945,71.3622636643,1.0,
51.2135809081,71.5123938806,1.0,
51.2136499078,71.3875054446,8.0,
51.2139953366,71.3804019095,4.0,
51.2142420583,71.383616724,8.0,
51.2143845511,71.3960869408,2.0,
51.2144787443,71.3574294299,4.0,
51.2146402233,71.361180913,2.0,
51.2146410193,71.3938280291,2.0,
51.2154723789,71.3896717204,2.0,
51.2158938645,71.3461001045,2.0,
51.2160981055,71.3967344342,1.0,
51.216144086,71.3900921136,1.0,
51.2165227115,71.3808514314,1.0,
51.217013982,71.3842656622,2.0,
51.2172154746,71.3567945175,1.0,
51.2175627731,71.3865967886,4.0,
51.2175827144,71.5174380773,1.0,
51.2181925145,71.3945599698,1.0,
51.2191591235,71.378075126,1.0,
51.219441474,71.3556765978,1.0,
51.2197235804,71.5218085205,2.0,
51.2199205652,71.3389734753,1.0,
51.2227820394,71.4019227615,1.0,
51.2228232588,71.5121381998,1.0,
51.2251848502,71.5476605036,1.0,
51.2272636551,71.2446517206,1.0,
51.227674601,71.5510353802,1.0,
51.2277758613,71.2698435859,1.0,
51.2295124428,71.4717196949,1.0,
51.2305090493,71.2306139902,1.0,
51.2318722008,71.2256231962,1.0,
51.2333120367,71.4872235856,1.0,
51.2344663492,71.4828446759,1.0,
51.2344935273,71.4739207971,1.0,
51.2349817844,71.3633041573,1.0,
51.2351303718,71.449213017,1.0,
51.2369292603,71.4879918323,1.0,
51.2371982543,71.4588934399,2.0,
51.2383072783,71.452978013,1.0,
51.2384723635,71.4813984363,1.0,
51.2387207298,71.4764687522,2.0,
51.2390042325,71.4843069567,1.0,
51.2391698449,71.4487255791,1.0,
51.2396948279,71.4558601309,1.0,
51.2415612682,71.4573494457,1.0,
51.2420541061,71.4674774601,2.0,
51.2423994764,71.4717802702,1.0,
51.2449046256,71.4660108305,1.0,
51.2474064096,71.2452743845,1.0,
51.2495358093,71.5803161315,1.0,
51.2724173638,71.3702434361,1.0,
51.2929179005,70.9266105604,1.0,
51.1960795722,71.4303610581,4.0,
51.1561930001,71.4839101166,4.0,
51.1485242555,71.4256974086,8.0,
51.139308055,71.4941108711,8.0,
51.1941568307,71.3826782163,4.0,
51.2363433971,71.4709720141,4.0,
51.1572431356,71.4946899077,16.0,
51.1388540528,71.4108549061,4.0,
51.175393342,71.5565284594,8.0,
51.2054800681,71.4125529946,4.0,
51.1127656379,71.3985514676,4.0,
51.1576738749,71.4756374049,4.0,
51.1940347827,71.335722397,8.0,
51.1604099862,71.4403835138,8.0,
51.1648585401,71.4595358234,16.0,
51.1413421831,71.4225891124,4.0,
51.1720616306,71.5723896514,8.0,
51.1731818073,71.4139861441,8.0,
51.2026682919,71.4128595203,4.0,
51.1953572488,71.3780204788,4.0,
51.1701361197,71.4729434542,4.0,
51.1534804431,71.469946864,16.0,
51.1754371598,71.5656398801,16.0,
51.1623510226,71.4021927278,4.0,
51.1903943338,71.4182344297,64.0,
51.1447470456,71.5234215351,16.0,
51.1797148353,71.4246294751,64.0,
51.1733025529,71.5688737759,16.0,
51.1511604417,71.5210348072,2.0,
51.1822438999,71.4411415554,2.0,
51.1775798499,71.4195037788,8.0,
51.1278438149,71.5244419584,4.0,
51.1939749809,71.4073719822,32.0,
51.2115411308,71.3787492569,2.0,
51.1472311456,71.5228582699,2.0,
51.1539630065,71.5075990495,8.0,
51.1606494243,71.4083977694,2.0,
51.1031108738,71.4346013121,2.0,
51.1750977336,71.5585295557,8.0,
51.13565339,71.5230575258,8.0,
51.1889979454,71.4029488672,2.0,
51.1707751306,71.5621136837,8.0,
51.1967215395,71.3599923994,4.0,
51.140221037,71.480168576,8.0,
51.1224062303,71.5191294914,4.0,
51.1924325143,71.3803509596,4.0,
51.2015592938,71.4590815548,8.0,
51.1516397366,71.5577640211,2.0,
51.1748498148,71.5411834109,8.0,
51.1762019113,71.4357075036,8.0,
51.1927031307,71.4140012588,32.0,
51.1706535302,71.5561124226,2.0,
51.1434126504,71.4651284502,2.0,
51.1820357741,71.4739161499,16.0,
51.1717255375,71.4188304468,32.0,
51.1751946417,71.4190174342,8.0,
51.1825148969,71.3955964261,8.0,
51.1409575607,71.5100284384,2.0,
51.1906644833,71.3860464245,32.0,
51.1503955886,71.4580671843,32.0,
51.1602411932,71.4716077087,2.0,
51.176138436,71.4284337148,8.0,
51.1740935327,71.344543423,2.0,
51.1719183712,71.4279997232,16.0,
51.1516965587,71.5139313872,16.0,
51.1468025468,71.4277646645,2.0,
51.1360281946,71.4255480711,4.0,
51.1732524448,71.3475980191,4.0,
51.1307635911,71.415530166,8.0,
51.1756494381,71.5458221316,2.0,
51.1413484372,71.4242347464,16.0,
51.1308476322,71.5157969201,2.0,
51.1719605729,71.4446130079,16.0,
51.1749928042,71.413273705,32.0,
51.1159251686,71.6439613009,4.0,
51.1766335364,71.422480433,4.0,
51.1471036953,71.5192404628,16.0,
51.1421643813,71.4329929659,2.0,
51.1983939846,71.4897078676,2.0,
51.1366805249,71.4765139202,4.0,
51.1552546165,71.4954825082,4.0,
51.164147955,71.4557759583,16.0,
51.2050510699,71.414461031,8.0,
51.1992914294,71.3908404327,32.0,
51.1975247644,71.4173208996,2.0,
51.1845489421,71.3896120125,4.0,
51.1726615696,71.5953006483,4.0,
51.1714471115,71.4406576248,8.0,
51.1740900433,71.4250116936,4.0,
51.1833666424,71.3778281792,8.0,
51.1831963459,71.3981345103,8.0,
51.176539663,71.5813135985,2.0,
51.1947557446,71.4354725062,8.0,
51.2032722061,71.408868036,8.0,
51.1544772349,71.5060390845,4.0,
51.1887986296,71.3980981276,8.0,
51.2031539809,71.3715634192,4.0,
51.1828177206,71.4101662803,8.0,
51.1513770815,71.5153620926,2.0,
51.1908238514,71.375987606,16.0,
