47.1583167055,51.9580395506,1.0,
47.1262846517,51.9551866491,1.0,
47.0948456758,51.9252889277,1.0,
47.0912970199,51.8817520353,1.0,
47.0985728274,51.8842147175,1.0,
47.1262484497,51.9493688654,1.0,
47.1266266261,51.9407474963,1.0,
47.0888292273,51.9131932439,1.0,
47.1261927603,51.948080602,1.0,
47.0952711994,51.8707827577,1.0,
47.0992985896,51.883838284,1.0,
47.1116360269,51.8911516367,1.0,
47.0815531824,51.9082492856,1.0,
47.1012494647,51.9363992813,1.0,
47.1198787003,51.8962202552,1.0,
47.0837752926,51.903605048,1.0,
47.0778453529,51.8775387801,1.0,
47.1176834652,51.9030706436,1.0,
47.1088232307,51.9421953428,1.0,
47.0952981487,51.8783709371,1.0,
47.0482840145,51.8600069094,1.0,
47.1185817012,51.9025154642,1.0,
47.0838323025,51.9016668764,1.0,
47.0946657313,51.9200023125,1.0,
47.1048158762,51.9257750326,1.0,
47.1075503964,51.8977254022,1.0,
47.0926968961,51.8841306705,1.0,
47.1344584579,51.9414900781,1.0,
47.130508133,51.9375827828,1.0,
47.1466616992,51.9877957006,1.0,
47.0908847721,51.9173021788,1.0,
47.09597175,51.9224433656,1.0,
47.1333776803,51.917886055,1.0,
47.0790437025,51.881269675,1.0,
47.1067320274,51.8920539887,1.0,
47.1026229086,51.92744383,1.0,
47.0977921846,51.8777351706,1.0,
47.1126522952,51.9124010868,1.0,
47.1549695808,51.9410093019,1.0,
47.0944378769,51.8835820611,1.0,
47.1101536689,51.963244698,1.0,
47.0922302006,51.9346384708,1.0,
47.1000478897,51.9313478165,1.0,
47.1045286591,51.909564024,1.0,
47.0808089324,51.8796980976,1.0,
47.1550566245,51.9417434768,1.0,
47.0850749153,51.9045706324,1.0,
47.0960519451,51.8722015429,1.0,
47.1145187241,51.8910586738,1.0,
47.1255091723,51.9077597951,1.0,
47.0953701547,51.9260556334,1.0,
47.1031016893,51.8935970798,1.0,
47.1205056028,51.9352785266,1.0,
47.1219838655,51.9046623022,1.0,
47.1034990854,51.9343219129,1.0,
47.0922405322,51.9057300067,1.0,
47.1276720795,51.939630634,1.0,
47.1058138416,51.9250358091,1.0,
47.11255619,51.9358648835,1.0,
47.1049285363,51.9567078948,1.0,
47.1010911011,51.8852741382,1.0,
47.109653364,51.8859922552,1.0,
47.1011331573,51.9243760369,1.0,
47.1054031882,51.893988507,1.0,
47.1245810939,51.9074994784,1.0,
47.0842453772,51.8681748559,1.0,
47.0811223105,51.8802135029,1.0,
47.1266884964,51.9553449857,1.0,
47.1222895572,51.9635800277,1.0,
47.1155904494,51.8885448369,1.0,
47.08409326,51.8658998539,1.0,
47.0852094534,51.9059188283,1.0,
47.0971295352,51.8831038586,1.0,
47.0847734423,51.9056264146,1.0,
47.0936218614,51.8785693086,1.0,
47.1092206722,51.9237209131,1.0,
47.1178306956,51.8943350347,1.0,
47.126302249,51.926925022,1.0,
47.1199250563,51.9497020474,1.0,
47.106364892,51.9068170963,1.0,
47.1550959937,51.9385789487,1.0,
47.0888280287,51.9131937648,1.0,
47.1213081087,51.9400108486,1.0,
47.1016961035,51.8922745585,1.0,
47.1149131041,51.9363911857,1.0,
47.1149664511,51.9344353072,1.0,
47.1063873883,51.8982113329,1.0,
47.1250146381,51.9246229557,1.0,
47.0551929573,51.8617959113,1.0,
47.1184123997,51.9018447036,1.0,
47.0827839371,51.880821583,1.0,
47.0825019466,51.8932927005,1.0,
47.1180980986,51.8971422121,1.0,
47.0583150815,51.8575791425,1.0,
47.1116142742,51.9000610876,1.0,
47.1473732416,51.9823515374,1.0,
47.0749586584,51.8827910056,1.0,
47.1153689623,51.9397949252,1.0,
47.1327440459,51.9348992166,1.0,
47.1103682017,51.9100534938,1.0,
47.1033253118,51.9159888321,1.0,
47.0992414383,51.9338500805,1.0,
47.0957833462,51.8709102055,1.0,
47.133626585,51.9108421531,1.0,
47.119954539,51.9142070713,1.0,
47.1203888847,51.9107647708,1.0,
47.1239442775,51.9451874609,1.0,
47.1261702049,51.9553832162,1.0,
47.1630972135,51.9526742854,1.0,
47.1310307434,51.9221739306,1.0,
47.1209123409,51.9373742223,1.0,
47.0956768874,51.9441758707,1.0,
47.0971242172,51.8706389229,1.0,
47.0976481342,51.9016643935,1.0,
47.0977209012,51.9240636187,1.0,
47.122939372,51.9278369548,1.0,
47.0989543075,51.9229160671,1.0,
47.1225804225,51.9303248843,1.0,
47.082411464,51.9003813797,1.0,
47.0991798992,51.8777011314,1.0,
47.0776809281,51.8669645424,1.0,
47.0795616016,51.8784723178,1.0,
47.1526874171,51.939195434,1.0,
47.1136316115,51.8944872612,1.0,
47.0918891129,51.9181651862,1.0,
47.1149355993,51.9349023982,1.0,
47.1065921226,51.9228565037,1.0,
47.0942466205,51.9264532114,1.0,
47.094435099,51.8835894059,1.0,
47.1177335331,51.9648643284,1.0,
47.1147671767,51.8997942581,1.0,
47.0982769418,51.9231864055,1.0,
47.0974949149,51.875505424,1.0,
47.1179651363,51.9252241419,1.0,
47.097409054,51.8836495744,1.0,
47.1015162996,51.9340045782,1.0,
47.1078981112,51.9262293955,1.0,
47.0962423487,51.9198531758,1.0,
47.1293661111,51.9384453752,1.0,
47.0779311347,51.8826183393,1.0,
47.1033286394,51.9159817685,1.0,
47.1546754939,51.9419759173,1.0,
47.0830978366,51.9122579368,1.0,
47.0975802224,51.8868453924,1.0,
47.0971809241,51.899131584,1.0,
47.128057658,51.9441988764,1.0,
47.120782698,51.9365299088,1.0,
47.0949209664,51.8768060558,1.0,
47.1277225993,51.9401539396,1.0,
47.0962826443,51.903742458,1.0,
47.0898352742,51.910744585,1.0,
47.1584353643,51.9328398474,1.0,
47.0912071471,51.8839371376,1.0,
47.1290853247,51.9479350904,1.0,
47.1032736008,51.8885539037,1.0,
47.1333790914,51.91281762,1.0,
47.1200376621,51.9352852563,1.0,
47.1111143739,51.9125920332,1.0,
47.1175586312,51.9129023914,1.0,
47.0784581616,51.8668377518,1.0,
47.111635479,51.8911489651,1.0,
47.1053692648,51.9294100185,1.0,
47.1053287426,51.925234,1.0,
47.1281767108,51.9396368953,1.0,
47.1070840853,51.9214952316,1.0,
47.125952122,51.945008169,1.0,
47.117483318,51.901877536,1.0,
47.1168638281,51.904871368,1.0,
47.1167808527,51.905613117,1.0,
47.0768422588,51.875780029,1.0,
47.1236045757,51.9067844371,1.0,
47.1193928603,51.9106324363,1.0,
47.0808285265,51.8662442422,1.0,
47.0886834163,51.9094837306,1.0,
47.1153407902,51.9272826147,1.0,
47.1205626892,51.9370393087,1.0,
47.1115817061,51.8956264698,1.0,
47.1006976146,51.9252023634,1.0,
47.0984891509,51.8900441199,1.0,
47.0827787789,51.8808174086,1.0,
47.1048230817,51.9277134597,1.0,
47.1070726337,51.9296359512,1.0,
47.0983553369,51.8827126825,1.0,
47.0774934858,51.8885623562,1.0,
47.0927412737,51.882131177,1.0,
47.1219398975,51.9127141878,1.0,
47.1163735744,51.9497249534,1.0,
47.1258516261,51.9520852049,1.0,
47.113263406,51.9218046333,1.0,
47.127019893,51.9333618269,1.0,
47.1293792783,51.9436671616,1.0,
47.0829290612,51.9013926281,1.0,
47.153308884,51.942375022,1.0,
47.109674741,51.9388356078,1.0,
47.1079550725,51.8867922895,1.0,
47.1313117468,51.9216315827,1.0,
47.1262609975,51.9330691468,1.0,
47.0946142388,51.8771827095,1.0,
47.1631268904,51.9526910018,1.0,
47.1338519683,51.9128120272,1.0,
47.0835013779,51.8928659598,1.0,
47.1088206609,51.9390809177,1.0,
47.0927182517,51.9044302075,1.0,
47.1322326068,51.9054194846,1.0,
47.0879584234,51.9059693182,1.0,
47.1260212439,51.9398641382,1.0,
47.1239867361,51.9228519827,1.0,
47.0825490051,51.8988059626,1.0,
47.0773354659,51.8800353267,1.0,
47.1090959039,51.9170143189,1.0,
47.0769674412,51.8836180055,1.0,
47.1176129249,51.8996854596,1.0,
47.133617864,51.9112555659,1.0,
47.1473237082,51.9843466783,1.0,
47.1084504112,51.9258447048,1.0,
47.1095777468,51.9529222538,1.0,
47.0885002475,51.9087365312,1.0,
47.1097586591,51.9292137432,1.0,
47.0860664292,51.8694316758,1.0,
47.1250811275,51.941025729,1.0,
47.1106968813,51.9387021316,1.0,
47.0992725602,51.8853991645,1.0,
47.1266891136,51.9958213209,1.0,
47.0749603935,51.8827904249,1.0,
47.1062695615,51.9214263623,1.0,
47.0630273515,51.8693131308,1.0,
47.1007946476,51.9310704394,1.0,
47.1129401203,51.9120011456,1.0,
47.1167800838,51.9177133265,1.0,
47.1545262517,51.9367919097,1.0,
47.1262079845,51.9276499093,1.0,
47.0940998161,51.8707846067,1.0,
47.1261893436,51.9553901559,1.0,
47.1532764036,51.9372052521,1.0,
47.1075367514,51.906422965,1.0,
47.068896229,51.8769358532,1.0,
47.1296887629,51.947921689,1.0,
47.1169064448,51.9339048385,1.0,
47.1208420445,51.9137053244,1.0,
47.1089817121,51.9065161216,1.0,
47.1151934237,51.9235282307,1.0,
47.0991999251,51.8812558102,1.0,
47.104101156,51.9215261685,1.0,
47.1094272789,51.9526348244,1.0,
47.1180046551,51.899088547,1.0,
47.1047919161,51.9035212927,1.0,
47.0981043414,51.8772292642,1.0,
47.1198521022,51.9279257662,1.0,
47.115442667,51.9482459959,1.0,
47.1258182202,51.9486430742,1.0,
47.1068056195,51.9411011318,1.0,
47.095984093,51.8805307633,1.0,
47.1320149594,51.934692206,1.0,
47.0534239976,51.8622033553,1.0,
47.0991768846,51.8777070959,1.0,
47.0792764168,51.8653747651,1.0,
47.1025123675,51.9248401735,1.0,
47.1247452216,51.9283786005,1.0,
47.104985647,51.8861718799,1.0,
47.0957844987,51.870914427,1.0,
47.0966940326,51.8977167813,1.0,
47.1259514122,51.9450139904,1.0,
47.1280634847,51.9479684299,1.0,
47.0933243595,51.9173869427,1.0,
47.1291356481,51.950719303,1.0,
47.0949631578,51.9048386248,1.0,
47.0664073661,51.884587956,1.0,
47.1080470909,51.8885113926,1.0,
47.1302100102,51.9462536548,1.0,
47.0849253911,51.8990465394,1.0,
47.1099567891,51.9430085373,1.0,
47.1220560282,51.9214025838,1.0,
47.073794135,51.8906053764,1.0,
47.1184079474,51.9664672262,1.0,
47.108288779,51.9149446501,1.0,
47.1193245467,51.9051603269,1.0,
47.1308614763,51.9585129054,1.0,
47.1410816463,51.9690011283,1.0,
47.1039457544,51.8900706897,1.0,
47.1185379631,51.9342982684,1.0,
47.123280109,51.9627029931,1.0,
47.0931739579,51.8771981193,1.0,
47.1211836014,51.905359546,1.0,
47.1149669693,51.9296097822,1.0,
47.1061151086,51.922856283,1.0,
47.0769617464,51.8869262427,1.0,
47.1075973092,51.8868657247,1.0,
47.1277328957,51.9486894525,1.0,
47.1084508818,51.9258475265,1.0,
47.0964528122,51.8694642829,1.0,
47.0788960137,51.8772983631,1.0,
47.1003953031,51.9219541911,1.0,
47.0937312284,51.9021675313,1.0,
47.1002730534,51.9354251228,1.0,
47.0723907578,51.8803187436,1.0,
47.1092457054,51.9430597349,1.0,
47.0688347548,51.8923336614,1.0,
47.1168019197,51.9316931702,1.0,
47.1133494525,51.9555785564,1.0,
47.1247718235,51.935532171,1.0,
47.1300165825,51.9365358587,1.0,
47.1299195359,51.9362703687,1.0,
47.11885135,51.9140966108,1.0,
47.1157242169,51.8880637637,1.0,
47.1107505013,51.8934832611,1.0,
47.1314999214,51.9243951514,1.0,
47.1080929029,51.9282818259,1.0,
47.1267136269,51.955508842,1.0,
47.0822484393,51.9105248113,1.0,
47.125023124,51.9275435059,1.0,
47.0928686554,51.9213415887,1.0,
47.1125901143,51.9371077146,1.0,
47.0881682042,51.9009080325,1.0,
47.0776995845,51.8674082313,1.0,
47.0760224142,51.9190009348,1.0,
47.116009103,51.9171071773,1.0,
47.1015795142,51.932002953,1.0,
47.1076555369,51.9223702013,1.0,
47.0900642711,51.9144664567,1.0,
47.0894447473,51.9117215473,1.0,
47.1011316014,51.9243820723,1.0,
47.075565134,51.8916981672,1.0,
47.1544195619,51.936064842,1.0,
47.0933685352,51.9223220275,1.0,
47.102758985,51.9240102197,1.0,
47.1287595928,51.9381601916,1.0,
47.1264542887,51.9554088537,1.0,
47.084639511,51.9327236244,1.0,
47.119334469,51.9100524426,1.0,
47.0978442673,51.8833433668,1.0,
47.1330338842,51.9183753232,1.0,
47.0960823464,51.8662855807,1.0,
47.1536895792,51.9393078798,1.0,
47.1282222753,51.9422063209,1.0,
47.0950721255,51.8660638711,1.0,
47.1341728217,51.9095255559,1.0,
47.1009058119,51.9328989051,1.0,
47.1162307726,51.9410216221,1.0,
47.0862590158,51.9094694853,1.0,
47.0891068664,51.9084179291,1.0,
47.0949692028,51.8671574844,1.0,
47.0952983638,51.8783751535,1.0,
47.1027078291,51.9158820933,1.0,
47.0952855108,51.8765519917,1.0,
47.0736588581,51.882824816,1.0,
47.1054820656,51.9258747735,1.0,
47.1205605988,51.9244983591,1.0,
47.1024265907,51.9292949731,1.0,
47.1034987034,51.93432062,1.0,
47.158177737,51.9328939653,1.0,
47.1087661105,51.9238564339,1.0,
47.0941248924,51.8667159344,1.0,
47.0961170487,51.8680341298,1.0,
47.1276626487,51.9412927992,1.0,
47.1228132491,51.9061551338,1.0,
47.1333863445,51.9156899744,1.0,
47.0772898886,51.8806191855,1.0,
47.1061523871,51.930297823,1.0,
47.0973445025,51.8766402895,1.0,
47.1221106693,51.9640939778,1.0,
47.0952876264,51.907239531,1.0,
47.0817379921,51.8810420584,1.0,
47.1542078977,51.9408995844,1.0,
47.0759172861,51.8626328229,1.0,
47.0864888613,51.8682499266,1.0,
47.1182690609,51.9357563463,1.0,
47.1353901095,51.909685453,1.0,
47.1045256067,51.9095647134,1.0,
47.098239627,51.9270871196,1.0,
47.1067520802,51.9040758411,1.0,
47.1062958814,51.8972818446,1.0,
47.0946331768,51.9260545666,1.0,
47.084235337,51.8976229602,1.0,
47.1272538851,51.9595063372,1.0,
47.1383527665,51.9176364841,1.0,
47.0639068954,51.8627298757,1.0,
47.0945215704,51.8780389898,1.0,
47.1012909539,51.9247133454,1.0,
47.12638174,51.9470067149,1.0,
47.0795710746,51.8762128701,1.0,
47.0975251266,51.8781710269,1.0,
47.1218696644,51.9120808532,1.0,
47.0774874123,51.8929034783,1.0,
47.0566406352,51.8591140343,1.0,
47.0990959373,51.9274149623,1.0,
47.1039986172,51.9108771044,1.0,
47.0909072551,51.8808934495,1.0,
47.1075444383,51.9256142964,1.0,
47.0827759696,51.8815560851,1.0,
47.0984164976,51.8767124556,1.0,
47.1031053211,51.8828177235,1.0,
47.0768753086,51.8816820352,1.0,
47.0974976003,51.8755016806,1.0,
47.0770617123,51.8811588001,1.0,
47.1080873554,51.8976288068,1.0,
47.1226349292,51.9229709198,1.0,
47.1322928053,51.9344435122,1.0,
47.125828513,51.9552176582,1.0,
47.1108547734,51.9390859916,1.0,
47.0922683729,51.9210438054,1.0,
47.0782396487,51.8823865214,1.0,
47.129025419,51.94050884,1.0,
47.1048117357,51.9306946714,1.0,
47.1095475851,51.8922622894,1.0,
47.1202633321,51.9135303651,1.0,
47.1299770602,51.9081402211,1.0,
47.0978451533,51.8833469594,1.0,
47.0910012217,51.9083348402,1.0,
47.1168434182,51.893600491,1.0,
47.1058389583,51.9053153712,1.0,
47.1304864652,51.9217854426,1.0,
47.155681661,51.9366618121,1.0,
47.1177687585,51.9012974803,1.0,
47.1538656229,51.9501133063,1.0,
47.0983384704,51.8814006448,1.0,
47.0956223036,51.9085414339,1.0,
47.1057846744,51.8851402026,1.0,
47.1238348616,51.9267703562,1.0,
47.0917794432,51.8808742946,1.0,
47.1114456303,51.8917941228,1.0,
47.0865478278,51.9085964639,1.0,
47.1041186003,51.9072508164,1.0,
47.1364016842,51.9062041695,1.0,
47.1261779373,51.955433633,1.0,
47.0839838919,51.9339782143,1.0,
47.1225331763,51.9067589593,1.0,
47.0718832547,51.8832213229,1.0,
47.1073009581,51.8858860908,1.0,
47.1088234386,51.9362739465,1.0,
47.1049855268,51.8861665936,1.0,
47.0917770317,51.8808792766,1.0,
47.0714386752,51.8887209902,1.0,
47.0933645869,51.8702277709,1.0,
47.1277508878,51.9552600209,1.0,
47.0847726938,51.9056220786,1.0,
47.0593448995,51.8590105207,1.0,
47.133048332,51.9170588006,1.0,
47.102304125,51.927201416,1.0,
47.0837015792,51.8879054837,1.0,
47.1270798808,51.9402045964,1.0,
47.1512826808,51.9892890689,1.0,
47.1218077594,51.9207767153,1.0,
47.0776503087,51.882986389,1.0,
47.1004970258,51.9295606858,1.0,
47.1155966699,51.9398414555,1.0,
47.0855939825,51.910078973,1.0,
47.0958380591,51.8760133449,1.0,
47.0992717202,51.8854004465,1.0,
47.0834731442,51.8670468243,1.0,
47.1220389766,51.9122102409,1.0,
47.1080921385,51.9282825794,1.0,
47.0672873519,51.8585942073,1.0,
47.1183000874,51.9505601335,1.0,
47.0956741679,51.9441763278,1.0,
47.07164797,51.8891840381,1.0,
47.1186231889,51.925169658,1.0,
47.0950589572,51.8843281042,1.0,
47.1291661084,51.9495093277,1.0,
47.1099200802,51.9053097835,1.0,
47.1194052948,51.9133406785,1.0,
47.1208353796,51.8978399422,1.0,
47.0576247829,51.9133197693,1.0,
47.0699651307,51.8776539081,1.0,
47.0909462131,51.8658307619,1.0,
47.1161771127,51.9049784158,1.0,
47.1045152155,51.9114743248,1.0,
47.158222007,51.9551824225,1.0,
47.113502594,51.972140797,1.0,
47.1021478139,51.9342911482,1.0,
47.0815571677,51.9082526932,1.0,
47.1142829858,51.9068594029,1.0,
47.1270888599,51.9557163242,1.0,
47.1258138635,51.9486419206,1.0,
47.152527064,51.9427481524,1.0,
47.0982369334,51.8834963879,1.0,
47.1054793814,51.9273960944,1.0,
47.1211531952,51.9372948516,1.0,
47.0990935278,51.9274093087,1.0,
47.1222944712,51.9635833625,1.0,
47.1283427916,51.9581768179,1.0,
47.0857040674,51.9070118217,1.0,
47.1302967447,51.9455232626,1.0,
47.0776257523,51.884265089,1.0,
47.1040113605,51.9101581845,1.0,
47.1042678784,51.9284580779,1.0,
47.1007907215,51.9310690542,1.0,
47.1055221496,51.8890415862,1.0,
47.1040022705,51.9108824135,1.0,
47.1031972815,51.9128355016,1.0,
47.1068119113,51.9388537975,1.0,
47.0618447909,51.8938211066,1.0,
47.119756516,51.9092979205,1.0,
47.0846232721,51.8975202593,1.0,
47.095809251,51.925090533,1.0,
47.1012684916,51.928016957,1.0,
47.075923055,51.881814079,1.0,
47.1514342217,51.9945910789,1.0,
47.0821150999,51.898669547,1.0,
47.0928882723,51.920138226,1.0,
47.1212439755,51.963333215,1.0,
47.1142430043,51.9512600621,1.0,
47.0768420769,51.875777372,1.0,
47.0827082918,51.9322235028,1.0,
47.077757296,51.8787874225,1.0,
47.1232685112,51.9489466384,1.0,
47.0878650376,51.9038566302,1.0,
47.100962636,51.9287520729,1.0,
47.1312928601,51.9488020232,1.0,
47.106293999,51.8842032555,1.0,
47.1182138362,51.9165492239,1.0,
47.1092551512,51.9313276159,1.0,
47.1345908223,51.9186827202,1.0,
47.1190170262,51.9423940562,1.0,
47.0731466723,51.8909152848,1.0,
47.101966208,51.9249452581,1.0,
47.090109038,51.9094105749,1.0,
47.0714493867,51.8895177356,1.0,
47.1001006874,51.8822248033,1.0,
47.0776024278,51.8792893483,1.0,
47.1036942173,51.9241312104,1.0,
47.1515084134,51.9899964254,1.0,
47.1105530812,51.9433019307,1.0,
47.1204137231,51.8992015437,1.0,
47.0895048855,51.9070694088,1.0,
47.0797061716,51.8675050959,1.0,
47.0930695784,51.8818273834,1.0,
47.0973888669,51.9006721787,1.0,
47.1087661595,51.9252679598,1.0,
47.0977780993,51.871635699,1.0,
47.0942534362,51.9188137555,1.0,
47.0972467677,51.9009753536,1.0,
47.1156707022,51.9086595567,1.0,
47.1067098871,51.9546527519,1.0,
47.0984127138,51.8767107087,1.0,
47.1348801416,51.9174815031,1.0,
47.1080863895,51.8976321423,1.0,
47.0982556859,51.898169421,1.0,
47.1037537907,51.9055844617,1.0,
47.1530944904,51.9412170897,1.0,
47.0989552577,51.9229203737,1.0,
47.1210723287,51.9375333309,1.0,
47.111965467,51.9530953999,1.0,
47.1024709362,51.9130782848,1.0,
47.1224591569,51.9103317233,1.0,
47.0867338484,51.9089687702,1.0,
47.1035133712,51.9321202429,1.0,
47.0927446849,51.8821300316,1.0,
47.0973449811,51.8766442919,1.0,
47.1015815171,51.9320052259,1.0,
47.1031026264,51.8936014635,1.0,
47.108326064,51.9292199698,1.0,
47.1115126751,51.8878528933,1.0,
47.0931741373,51.8771953963,1.0,
47.089800349,51.9159824259,1.0,
47.1124948387,51.8883749484,1.0,
47.0924368465,51.9204843699,1.0,
47.1545754589,51.9432567317,1.0,
47.1172929786,51.8886486756,1.0,
47.0763836857,51.8851691944,1.0,
47.1100830923,51.9402402436,1.0,
47.1237246722,51.9130442413,1.0,
47.1457993027,51.9792813678,1.0,
47.1629853799,51.952711158,1.0,
47.1087385662,51.8869923422,1.0,
47.1269957872,51.9468623312,1.0,
47.0923468401,51.9127255058,1.0,
47.0993675626,51.8692140265,1.0,
47.1138015599,51.9072187892,1.0,
47.0893460865,51.9142472034,1.0,
47.1180888997,51.8959669852,1.0,
47.1327424829,51.9349046807,1.0,
47.1082641049,51.9145789867,1.0,
47.1223875132,51.9122751696,1.0,
47.1174515463,51.9129112519,1.0,
47.1200014173,51.9286188149,1.0,
47.1352373337,51.9558140303,1.0,
47.093832345,51.9188175363,1.0,
47.1300342397,51.9446960704,1.0,
47.1529603906,51.936994801,1.0,
47.1166287473,51.9112631966,1.0,
47.1035748668,51.9248737941,1.0,
47.1007814353,51.9492317508,1.0,
47.1192114174,51.9087823847,1.0,
47.1152438587,51.9160093449,1.0,
47.1152224508,51.9395820057,1.0,
47.1286320402,51.9366576295,1.0,
47.1249007362,51.9242579243,1.0,
47.1545735373,51.9507808189,1.0,
47.0729554178,51.8788029189,1.0,
47.0765323178,51.8859734487,1.0,
47.0860034072,51.9075111107,1.0,
47.0791696549,51.894274178,1.0,
47.1036628698,51.9301519482,1.0,
47.1270381854,51.9479888683,1.0,
47.0952885213,51.8765522565,1.0,
47.1128979082,51.9008359548,1.0,
47.1215281099,51.8975846176,1.0,
47.121256388,51.9204090774,1.0,
47.1119670959,51.9530962748,1.0,
47.0727394417,51.8619611437,1.0,
47.128696284,51.9425367768,1.0,
47.1285934203,51.9447823401,1.0,
47.1030714454,51.9325966955,1.0,
47.0985408518,51.9009392511,1.0,
47.0926238462,51.9350084276,1.0,
47.1010571203,51.9360556695,1.0,
47.1307296111,51.9458705929,1.0,
47.1041441841,51.9292353912,1.0,
47.0984166381,51.885489986,1.0,
47.0994893594,51.8697576413,1.0,
47.1126463101,51.9560734621,1.0,
47.1186425427,51.9258013144,1.0,
47.1331941188,51.9097931037,1.0,
47.1096681787,51.9204547261,1.0,
47.1512045903,51.9888378515,1.0,
47.1268613468,51.9387939586,1.0,
47.1295489549,51.9564953132,1.0,
47.1334092369,51.9119020712,1.0,
47.1054583192,51.9450832785,1.0,
47.1084164646,51.9217424387,1.0,
47.084629524,51.9036599494,1.0,
47.0922662308,51.9210418041,1.0,
47.0635286975,51.8923347644,1.0,
47.0812089009,51.9266452188,1.0,
47.1002013365,51.8868524855,1.0,
47.1009113354,51.9279475463,1.0,
47.1171110982,51.9325373717,1.0,
47.1067768635,51.9224815452,1.0,
47.1239826389,51.9267420268,1.0,
47.0809312538,51.8963692283,1.0,
47.1087998154,51.9381884354,1.0,
47.0801196071,51.8807833665,1.0,
47.1279040896,51.9522776158,1.0,
47.0898313574,51.910747099,1.0,
47.1092643568,51.9346727104,1.0,
47.1264718739,51.9396904551,1.0,
47.093345943,51.9210378193,1.0,
47.1262848279,51.9307784293,1.0,
47.1287653608,51.9484818864,1.0,
47.1030399879,51.912106531,1.0,
47.1270868186,51.9498115549,1.0,
47.0831445007,51.9334160566,1.0,
47.122159415,51.9490355111,1.0,
47.1159643935,51.9519284076,1.0,
47.1581820425,51.9328969602,1.0,
47.106950827,51.9307891563,1.0,
47.0815501293,51.8975358696,1.0,
47.1029559888,51.9063903482,1.0,
47.1535257595,51.951020225,1.0,
47.1162360933,51.9043632167,1.0,
47.1101517208,51.9632489032,1.0,
47.0801587782,51.8974615412,1.0,
47.1138544253,51.9439091062,1.0,
47.0937302777,51.9021691695,1.0,
47.1310310687,51.9221733717,1.0,
47.0912456864,51.9366866999,1.0,
47.1032024935,51.929266673,1.0,
47.1019332634,51.9245413598,1.0,
47.1003027574,51.9123448808,1.0,
47.0904585583,51.9121464527,1.0,
47.0778447269,51.8812372669,1.0,
47.11486684,51.9390299317,1.0,
47.0915976944,51.8830464329,1.0,
47.1216607466,51.9368799497,1.0,
47.0890888145,51.9054148058,1.0,
47.083980305,51.9339743771,1.0,
47.1099208509,51.9053041021,1.0,
47.1313947123,51.9439034943,1.0,
47.1222167801,51.9212733666,1.0,
47.1004361756,51.9136270315,1.0,
47.1130782612,51.9100874347,1.0,
47.1162569803,51.9083618584,1.0,
47.1080841726,51.885928979,1.0,
47.1056731627,51.8859485777,1.0,
47.1176805056,51.9349838833,1.0,
47.1097298918,51.8973423216,1.0,
47.0982027288,51.871892559,1.0,
47.1200535471,51.9496783066,1.0,
47.1176562955,51.9392202746,1.0,
47.0941708891,51.9249554979,1.0,
47.1069554793,51.930793439,1.0,
47.1001457343,51.8837343454,1.0,
47.130637531,51.9462717044,1.0,
47.1135106558,51.9430824652,1.0,
47.1098571357,51.9500046089,1.0,
47.0921296688,51.8805992361,1.0,
47.1338077471,51.9167587557,1.0,
47.1062464744,51.9049868532,1.0,
47.0948193711,51.9449476717,1.0,
47.0776643453,51.8760046152,1.0,
47.068767045,51.8917261759,1.0,
47.1018326322,51.8939718195,1.0,
47.1284234566,51.943706586,1.0,
47.1041460724,51.9292383477,1.0,
47.1295663332,51.9517791677,1.0,
47.0909013335,51.9029765743,1.0,
47.104095544,51.9238960174,1.0,
47.1334094325,51.913567551,1.0,
47.1018316784,51.8939767533,1.0,
47.1025779068,51.9071635997,1.0,
47.1144335129,51.9268272152,1.0,
47.0884831997,51.9127648494,1.0,
47.1268724481,51.9322426923,1.0,
47.1337418356,51.910393564,1.0,
47.1005031058,51.9274982049,1.0,
47.1071600863,51.9452366322,1.0,
47.0966124432,51.8747302309,1.0,
47.1241286119,51.9284105215,1.0,
47.1553553218,51.9407914175,1.0,
47.0846380053,51.932725959,1.0,
47.122573298,51.948903111,1.0,
47.0764858854,51.8662016307,1.0,
47.1549348783,51.9426128956,1.0,
47.1136604413,51.9439994634,1.0,
47.0942824849,51.8852844879,1.0,
47.1140118036,51.9442279269,1.0,
47.1049251215,51.9441209453,1.0,
47.0568015675,51.8607630685,1.0,
47.1036170402,51.9073177344,1.0,
47.1056564189,51.9062535827,1.0,
47.0960847057,51.8662794437,1.0,
47.0900642848,51.9073344711,1.0,
47.0974977693,51.8738238155,1.0,
47.0759173047,51.8626265057,1.0,
47.0751542591,51.8793230773,1.0,
47.0762067708,51.8869239774,1.0,
47.1334028588,51.9125290476,1.0,
47.1302370894,51.9464301184,1.0,
47.0946221717,51.9434470727,1.0,
47.1195200479,51.9100838613,1.0,
47.1141186903,51.8922397024,1.0,
47.1259405498,51.9314534944,1.0,
47.0966153671,51.8747242358,1.0,
47.1519197211,51.9421437891,1.0,
47.1091803362,51.9374799984,1.0,
47.1211637321,51.9373046187,1.0,
47.1100189097,51.9166688736,1.0,
47.1244371936,51.9547488885,1.0,
47.0901429874,51.9146257459,1.0,
47.127826704,51.9457529249,1.0,
47.0913093535,51.9129842428,1.0,
47.1041391532,51.8922353592,1.0,
47.1019216326,51.9277798202,1.0,
47.0723172745,51.8805208415,1.0,
47.0935661481,51.9018660504,1.0,
47.0772905153,51.8806138698,1.0,
47.078355406,51.8758871241,1.0,
47.1228928877,51.9496303793,1.0,
47.1034355692,51.9214389569,1.0,
47.128992527,51.9375352948,1.0,
47.0548438044,51.8610344116,1.0,
47.0959113418,51.8999085532,1.0,
47.0921194555,51.9076916429,1.0,
47.0863743621,51.9290332503,1.0,
47.1290865683,51.9479303441,1.0,
47.095096848,51.8796634252,1.0,
47.1330470544,51.9161570118,1.0,
47.1199387056,51.9118757026,1.0,
47.1256946096,51.9073520524,1.0,
47.093323966,51.91738791,1.0,
47.1101629308,51.9029529058,1.0,
47.0680423358,51.901682202,1.0,
47.0948865932,51.906075605,1.0,
47.0946315088,51.9053269197,1.0,
47.1025091024,51.9248410497,1.0,
47.1167573319,51.8397447373,1.0,
47.1016505115,51.8843464958,1.0,
47.097123019,51.8706450135,1.0,
47.0927355032,51.9198354604,1.0,
47.1260754722,51.9559440289,1.0,
47.1043292368,51.93194395,1.0,
47.0999865131,51.9218385108,1.0,
47.0938628196,51.9233133419,1.0,
47.123858423,51.9499744156,1.0,
47.0804846315,51.8790007309,1.0,
47.1213914715,51.9208191518,1.0,
47.0960979103,51.875578568,1.0,
47.1256049849,51.9328703978,1.0,
47.1065610648,51.9092640629,1.0,
47.1262151519,51.9553816591,1.0,
47.1206388396,51.9022008281,1.0,
47.0945526081,51.8667385208,1.0,
47.0869433775,51.9303793197,1.0,
47.0677478051,51.8876044852,1.0,
47.0975806986,51.9293404447,1.0,
47.1048050322,51.9296918255,1.0,
47.1096621368,51.9390287794,1.0,
47.0966281223,51.8729892212,1.0,
47.0924752001,51.8802871732,1.0,
47.1526714325,51.9398517955,1.0,
47.0928166106,51.9191429821,1.0,
47.1536939718,51.939310543,1.0,
47.1179181094,51.9114201699,1.0,
47.0853461781,51.902747179,1.0,
47.0780207946,51.8816853055,1.0,
47.083192139,51.9019276433,1.0,
47.1181122693,51.8907409897,1.0,
47.1190012887,51.9285763169,1.0,
47.0823794028,51.9315953775,1.0,
47.1292625491,51.9430832709,1.0,
47.0946299986,51.9260613063,1.0,
47.1036612746,51.9301589827,1.0,
47.1203222017,51.9078855126,1.0,
47.1032037514,51.9306340852,1.0,
47.0844414835,51.8688941677,1.0,
47.1011959988,51.9237140361,1.0,
47.1193285747,51.8930419765,1.0,
47.104816116,51.9013294772,1.0,
47.1286627522,51.933923013,1.0,
47.1545236758,51.9367937452,1.0,
47.1315424755,51.9062947835,1.0,
47.0936207082,51.878572229,1.0,
47.1046229212,51.9055358857,1.0,
47.0696957168,51.8872262764,1.0,
47.1236674045,51.9278336837,1.0,
47.0992643869,51.866561243,1.0,
47.1125272792,51.9582770807,1.0,
47.0911088352,51.9059779014,1.0,
47.1030767424,51.9553450107,1.0,
47.1144633158,51.9009781554,1.0,
47.1143481161,51.9151822712,1.0,
47.1016985269,51.8922760412,1.0,
47.1065910952,51.9228604438,1.0,
47.0893755038,51.904561779,1.0,
47.0986473381,51.9247808007,1.0,
47.0799564124,51.8765718051,1.0,
47.1536593424,51.937567647,1.0,
47.1134955142,51.9124559924,1.0,
47.0974252513,51.8844259109,1.0,
47.0945234923,51.8673700925,1.0,
47.1199552492,51.9498033465,1.0,
47.0936242443,51.8845304393,1.0,
47.087106937,51.9085794771,1.0,
47.0935754673,51.8814453947,1.0,
47.1164413747,51.9132181199,1.0,
47.0696915863,51.8872240604,1.0,
47.1159288214,51.9130917301,1.0,
47.0938224334,51.9058661613,1.0,
47.0749964482,51.8658780887,1.0,
47.1150308482,51.9173842888,1.0,
47.1096704537,51.8933565101,1.0,
47.098398116,51.8870539476,1.0,
47.1221305553,51.9474901426,1.0,
47.0889443051,51.862790243,1.0,
47.0586585154,51.8579880217,1.0,
47.1269218222,51.9531431645,1.0,
47.0928646738,51.9213368802,1.0,
47.1079344388,51.9069710859,1.0,
47.095179311,51.9064429901,1.0,
47.1553972209,51.9977528691,1.0,
47.0833503297,51.9328417139,1.0,
47.1105681005,51.8912398329,1.0,
47.1182883127,51.8975559821,1.0,
47.1271623127,51.948065367,1.0,
47.1232676051,51.9489509048,1.0,
47.0975258021,51.8781683965,1.0,
47.1218065039,51.9207815172,1.0,
47.1334122902,51.9122107265,1.0,
47.096727454,51.9040598228,1.0,
47.1000254754,51.9331072344,1.0,
47.1014171156,51.9355572278,1.0,
47.0823841569,51.8819027467,1.0,
47.1461424364,51.9790240888,1.0,
47.1368348806,51.9144588743,1.0,
47.0683902101,51.8924775021,1.0,
47.0756558269,51.8622858399,1.0,
47.1356282656,51.9168493631,1.0,
47.1135454483,51.9218748747,1.0,
47.0690809533,51.8553428943,1.0,
47.1125679244,51.9356716971,1.0,
47.1241427144,51.925094434,1.0,
47.1213886912,51.920826669,1.0,
47.1035993578,51.9284508695,1.0,
47.1006277294,51.9323958877,1.0,
47.0696027822,51.8617406716,1.0,
47.0934300434,51.8852651496,1.0,
47.0926962864,51.9111905315,1.0,
47.1533384831,51.9505652861,1.0,
47.1314989864,51.9467029529,1.0,
47.0861965811,51.9103724853,1.0,
47.1274855681,51.9590871231,1.0,
47.1188358115,51.9235619216,1.0,
47.1267438105,51.9509975755,1.0,
47.1239573113,51.9284265757,1.0,
47.0927008153,51.8841306753,1.0,
47.0743672547,51.8903640176,1.0,
47.0954058475,51.8685207265,1.0,
47.0956267734,51.8785709901,1.0,
47.0906966959,51.9041179264,1.0,
47.1158575393,51.9356152569,1.0,
47.1009318684,51.9346849251,1.0,
47.0743808475,51.8647244836,1.0,
47.1265984429,51.9488622629,1.0,
47.1133683428,51.9426263163,1.0,
47.1562572113,51.9408031566,1.0,
47.104662957,51.9249977971,1.0,
47.1265117046,51.9554296728,1.0,
47.1179701345,51.9244563901,1.0,
47.127786427,51.9433577974,1.0,
47.1237410576,51.9223426003,1.0,
47.0941723304,51.9249565262,1.0,
47.0891410469,51.8686381905,1.0,
47.089760801,51.9136784117,1.0,
47.1269991633,51.9468583312,1.0,
47.1256024587,51.9230524777,1.0,
47.1330419253,51.9173255581,1.0,
47.0958398039,51.8760111207,1.0,
47.1191592433,51.9439093921,1.0,
47.111462858,51.9521754017,1.0,
47.1271368818,51.9356536838,1.0,
47.1264122354,51.9560185302,1.0,
47.1151205994,51.8918905129,1.0,
47.1002190243,51.9209478511,1.0,
47.0723973649,51.8633098797,1.0,
47.1353597167,51.9105989314,1.0,
47.1047755205,51.9090140742,1.0,
47.1264022118,51.9425824749,1.0,
47.0952769572,51.9242610693,1.0,
47.1532958322,51.9399809363,1.0,
47.100570077,51.9227276053,1.0,
47.0806800245,51.8968725033,1.0,
47.0984266638,51.9298919387,1.0,
47.0688118708,51.8844462379,1.0,
47.117435999,51.9065233549,1.0,
47.1631776415,51.9527272711,1.0,
47.0994503138,51.9320663253,1.0,
47.1263878355,51.9303204113,1.0,
47.1274762477,51.9282724084,1.0,
47.0777572643,51.878784872,1.0,
47.1175585235,51.9643976063,1.0,
47.0914386927,51.881174601,1.0,
47.0909603796,51.9382803638,1.0,
47.108311686,51.8871082393,1.0,
47.0735475294,51.8903291715,1.0,
47.0921688686,51.9187140683,1.0,
47.1380483718,51.971204534,1.0,
47.0813264276,51.9088450772,1.0,
47.1337385126,51.9103946574,1.0,
47.1001494359,51.8837318347,1.0,
47.1180970639,51.9306641814,1.0,
47.0967151243,51.8705998158,1.0,
47.0936252656,51.8845253423,1.0,
47.1324846605,51.9448279476,1.0,
47.1184779559,51.8936804918,1.0,
47.0867233988,51.9095383291,1.0,
47.0959574249,51.8702281536,1.0,
47.1099514723,51.9376760205,1.0,
47.1039423175,51.890076857,1.0,
47.0831838148,51.9000915917,1.0,
47.1032816186,51.9241089478,1.0,
47.1631058161,51.9526714491,1.0,
47.094376095,51.8807177446,1.0,
47.0952750878,51.9242608595,1.0,
47.092754356,51.9182408189,1.0,
47.0768738977,51.8816812246,1.0,
47.0965506945,51.9286018254,1.0,
47.1019932346,51.9238731095,1.0,
47.0999394936,51.9340618258,1.0,
47.0946698125,51.9200018606,1.0,
47.0993844745,51.922433909,1.0,
47.135281579,51.9069714943,1.0,
47.0953265209,51.9027823114,1.0,
47.0956015748,51.9070626821,1.0,
47.1308419151,51.9223677925,1.0,
47.0892582622,51.9125715454,1.0,
47.1143011394,51.8926380715,1.0,
47.1548081278,51.9370381324,1.0,
47.1300562881,51.9458408387,1.0,
47.0848502383,51.9041088565,1.0,
47.0975822187,51.9293364279,1.0,
47.1237249525,51.9130385772,1.0,
47.1176623633,51.938747306,1.0,
47.119205458,51.9152738008,1.0,
47.0926954989,51.9111893013,1.0,
47.1532541354,51.992959502,1.0,
47.1239344903,51.9278456539,1.0,
47.0734424937,51.8909613775,1.0,
47.1026275819,51.9330605423,1.0,
47.1195751148,51.9388475118,1.0,
47.110281158,51.9541923886,1.0,
47.0855601995,51.9055124927,1.0,
47.1233229683,51.9396120046,1.0,
47.1262338046,51.955680053,1.0,
47.1047004884,51.9123264371,1.0,
47.1086739858,51.909529166,1.0,
47.0962765471,51.8687753865,1.0,
47.1162795955,51.9287574265,1.0,
47.0992102699,51.9104960139,1.0,
47.090536825,51.8876492037,1.0,
47.1133496995,51.955578499,1.0,
47.1196355725,51.9439510805,1.0,
47.068424885,51.876199279,1.0,
47.1261856697,51.9554840499,1.0,
47.1277225045,51.9438441148,1.0,
47.1050220573,51.9442340742,1.0,
47.1137795422,51.9443044137,1.0,
47.0919904166,51.9086578347,1.0,
47.089857102,51.9088405708,1.0,
47.1029516555,51.9051874116,1.0,
47.1113628892,51.9537546979,1.0,
47.1236454268,51.9110522995,1.0,
47.0904269276,51.9085399668,1.0,
47.1188949767,51.9361900764,1.0,
47.1530485645,51.9376564451,1.0,
47.1196606564,51.9251378014,1.0,
47.116174381,51.9415961964,1.0,
47.1259262982,51.9418637168,1.0,
47.1144402867,51.9016023489,1.0,
47.1286286453,51.9366581977,1.0,
47.0827847223,51.8664199137,1.0,
47.1125509655,51.902384189,1.0,
47.1270707609,51.9342052373,1.0,
47.0930733473,51.8818229931,1.0,
47.1131412382,51.9503919255,1.0,
47.0906129569,51.9070457463,1.0,
47.0755636676,51.8917050876,1.0,
47.1048188522,51.9013250005,1.0,
47.1264965016,51.9536752966,1.0,
47.0993741161,51.9330281119,1.0,
47.1009114601,51.9279484223,1.0,
47.0954541543,51.9011635369,1.0,
47.1060671012,51.8852328963,1.0,
47.1057511203,51.9278623835,1.0,
47.0974989213,51.9003687564,1.0,
47.1267434938,51.9556446575,1.0,
47.1194021187,51.9262519762,1.0,
47.0969559324,51.9280460424,1.0,
47.1282962121,51.9577551926,1.0,
47.1067901432,51.9148037517,1.0,
47.1191976527,51.9258196415,1.0,
47.1016502315,51.8843489546,1.0,
47.1266456751,51.9554782508,1.0,
47.0789389487,51.8638232198,1.0,
47.1053647012,51.9294059013,1.0,
47.0946842838,51.9424779948,1.0,
47.1342526857,51.9040369828,1.0,
47.1008931002,51.9236533956,1.0,
47.104819421,51.9257747882,1.0,
47.1003140943,51.9519621291,1.0,
47.1216737764,51.9216321109,1.0,
47.1215482107,51.8965266988,1.0,
47.1258217074,51.9407807678,1.0,
47.0896845718,51.9149356328,1.0,
47.0860754421,51.9091033565,1.0,
47.1016968038,51.9238130468,1.0,
47.0970948732,51.9019024954,1.0,
47.1263870017,51.956384336,1.0,
47.0984273842,51.9298904045,1.0,
47.123675176,51.928413689,1.0,
47.1107387377,51.9405670025,1.0,
47.1067232843,51.9425505516,1.0,
47.1320017761,51.9345488143,1.0,
47.0941087324,51.9162029614,1.0,
47.0947793935,51.8832178233,1.0,
47.0676297787,51.8962323079,1.0,
47.1087675408,51.9238503687,1.0,
47.1195876438,51.901405738,1.0,
47.1179254676,51.9653251356,1.0,
47.1266240704,51.9407537249,1.0,
47.1009333936,51.9210031562,1.0,
47.0971359942,51.9237270426,1.0,
47.1237070023,51.9366365084,1.0,
47.0928152315,51.9064091297,1.0,
47.1035891114,51.9235309705,1.0,
47.0974785061,51.8723346195,1.0,
47.1072654195,51.9394872461,1.0,
47.0700855902,51.8773234927,1.0,
47.1023053349,51.9271979681,1.0,
47.0971335174,51.9237239273,1.0,
47.0646812303,51.9070071563,1.0,
47.15301978,51.9504318806,1.0,
47.129258763,51.9430858824,1.0,
47.1532900045,51.9926032712,1.0,
47.1233593961,51.9217123939,1.0,
47.0958096105,51.9250932198,1.0,
47.1239268132,51.909774683,1.0,
47.1082893842,51.8867373137,1.0,
47.0825005477,51.9011477155,1.0,
47.0950591286,51.8843296037,1.0,
47.1088226889,51.9448327176,1.0,
47.1159784774,51.9196824068,1.0,
47.0783311406,51.8774864056,1.0,
47.1173043369,51.9646987748,1.0,
47.1036005192,51.9284519704,1.0,
47.1251522347,51.9310642307,1.0,
47.1307438633,51.9497788789,1.0,
47.1283451679,51.9371948866,1.0,
47.0935956334,51.941183566,1.0,
47.108082906,51.8859294863,1.0,
47.1114994747,51.9132359611,1.0,
47.1239791947,51.9427340249,1.0,
47.0921426033,51.9176979147,1.0,
47.0985749119,51.8849580789,1.0,
47.1101030146,51.8952990193,1.0,
47.1277362109,51.948684036,1.0,
47.0882308504,51.9031735795,1.0,
47.1133269915,51.8856435856,1.0,
47.1069166986,51.8993040127,1.0,
47.1113771492,51.9017637999,1.0,
47.0920688671,51.882728844,1.0,
47.1198967683,51.9497166905,1.0,
47.1048142479,51.9439473077,1.0,
47.1185282661,51.9667937941,1.0,
47.1088237469,51.8858203229,1.0,
47.0753057795,51.8789023412,1.0,
47.0770824292,51.8669790537,1.0,
47.1259437453,51.9314465156,1.0,
47.1262642427,51.9330717234,1.0,
47.1003381113,51.9318709605,1.0,
47.1126175383,51.9351504869,1.0,
47.0960623485,51.9214571161,1.0,
47.1102582499,51.9217307978,1.0,
47.0942343576,51.8690463939,1.0,
47.1125721116,51.9356743178,1.0,
47.121543923,51.912196132,1.0,
47.1075439377,51.9273312639,1.0,
47.0559136786,51.8667384532,1.0,
47.0712889206,51.8579293105,1.0,
47.0836209929,51.8982817032,1.0,
47.091659208,51.9216966522,1.0,
47.0591077077,51.8582014072,1.0,
47.1034203662,51.9034320708,1.0,
47.1208133982,51.9051554797,1.0,
47.0505858524,51.9130211402,1.0,
47.1176563244,51.9680060539,1.0,
47.1072615974,51.9389326061,1.0,
47.0842184523,51.9039352829,1.0,
47.1519264893,51.9900709126,1.0,
47.1026318559,51.9330614571,1.0,
47.1054805951,51.9273956534,1.0,
47.128844633,51.9372020245,1.0,
47.0546127198,51.8620769824,1.0,
47.1066811919,51.9293399665,1.0,
47.0698700088,51.8935227866,1.0,
47.1094605752,51.8881892544,1.0,
47.0930437569,51.920444248,1.0,
47.15565191,52.0001863126,1.0,
47.1251343159,51.9473691681,1.0,
47.1224268724,51.9638575499,1.0,
47.1047790711,51.9090181743,1.0,
47.1543523902,51.9404148861,1.0,
47.1125271805,51.9022253246,1.0,
47.1128905455,51.9565079217,1.0,
47.1330490654,51.9167919202,1.0,
47.1290605435,51.9407663612,1.0,
47.1126044553,51.8993802391,1.0,
47.091972305,51.8865726931,1.0,
47.1283143065,51.9468977987,1.0,
47.0751914799,51.8835321913,1.0,
47.106045187,51.8888263175,1.0,
47.1126482642,51.9560740356,1.0,
47.1364302823,51.9111499999,1.0,
47.0897067413,51.9080877981,1.0,
47.1034765709,51.8932505023,1.0,
47.1285848393,51.9410820293,1.0,
47.1220553716,51.9214011282,1.0,
47.1356706926,51.9111150282,1.0,
47.1128833867,51.8992031451,1.0,
47.1353568026,51.9111241324,1.0,
47.0915996936,51.8830507861,1.0,
47.0593953776,51.8585177958,1.0,
47.0927617889,51.9094981671,1.0,
47.1126299501,51.8971164196,1.0,
47.0998987526,51.9231766417,1.0,
47.1177992635,51.9014589563,1.0,
47.0959586616,51.8702302841,1.0,
47.0927498922,51.9182387348,1.0,
47.0839139475,51.8821905413,1.0,
47.0434667521,51.8516304376,1.0,
47.1013665916,51.8848107409,1.0,
47.1252083794,51.9007763639,1.0,
47.0805692074,51.8981389615,1.0,
47.0902104236,51.9030603485,1.0,
47.0822183201,51.8814492067,1.0,
47.0964289314,51.9014845696,1.0,
47.0826201673,51.8804442398,1.0,
47.093892886,51.9215481478,1.0,
47.1199225759,51.9497081929,1.0,
47.0688355213,51.8550194635,1.0,
47.0918281099,51.9039611439,1.0,
47.1092029274,51.8859031346,1.0,
47.1080744803,51.9124900151,1.0,
47.0872763407,51.906678827,1.0,
47.0857041975,51.9083686934,1.0,
47.1036246453,51.9108513482,1.0,
47.158565424,51.9327828761,1.0,
47.1545511883,51.9387151534,1.0,
47.1030715643,51.9325932683,1.0,
47.0935821414,51.9012653193,1.0,
47.1554263147,51.9363455913,1.0,
47.0918428813,51.9058511483,1.0,
47.133057435,51.9143142949,1.0,
47.0943564586,51.924304723,1.0,
47.099222939,51.924428803,1.0,
47.0882070025,51.865674262,1.0,
47.0773185844,51.8832685598,1.0,
47.0677946489,51.8839784622,1.0,
47.0761326483,51.8839299739,1.0,
47.0949246061,51.87680155,1.0,
47.0871261974,51.9125147091,1.0,
47.0868268739,51.8694084997,1.0,
47.0948257794,51.9212198817,1.0,
47.1296291498,51.9482988506,1.0,
47.0889281085,51.9107405217,1.0,
47.1093567087,51.8869000946,1.0,
47.0891989732,51.9036234477,1.0,
47.1127001883,51.9514637016,1.0,
47.1531656727,51.9431427226,1.0,
47.1222693927,51.9378306899,1.0,
47.1536321372,51.9945441792,1.0,
47.1472696658,51.9820215327,1.0,
47.0947776635,51.874872362,1.0,
47.1168971775,51.9103719485,1.0,
47.1177334235,51.9303859064,1.0,
47.1032040052,51.9306374135,1.0,
47.0817407541,51.897918934,1.0,
47.1100376267,51.9015260396,1.0,
47.0855917907,51.9100824369,1.0,
47.0976114995,51.9268145035,1.0,
47.1037569144,51.9095406951,1.0,
47.1178243863,51.9669698428,1.0,
47.1183685009,51.8960089592,1.0,
47.0947051001,51.9108894478,1.0,
47.0985748037,51.884213649,1.0,
47.1193084287,51.9444692414,1.0,
47.1188621618,51.9355662817,1.0,
47.0827836987,51.892980578,1.0,
47.093678835,51.8833628783,1.0,
47.084711829,51.9049323179,1.0,
47.1282384758,51.9405527119,1.0,
47.1184929454,51.9141901292,1.0,
47.1000284056,51.8898572458,1.0,
47.1110999534,51.9069316334,1.0,
47.0943718853,51.8807193736,1.0,
47.1333815651,51.917888833,1.0,
47.0868613956,51.8690816874,1.0,
47.0972424726,51.8786713285,1.0,
47.1044363652,51.9043295272,1.0,
47.1107086058,51.8931112419,1.0,
47.0960646032,51.9214600027,1.0,
47.1271078317,51.9486526729,1.0,
47.0947810993,51.8832127527,1.0,
47.0905350323,51.8868162041,1.0,
47.0918931924,51.918163659,1.0,
47.1151251157,51.8911077496,1.0,
47.0897267119,51.8640141059,1.0,
47.1032315968,51.9108257251,1.0,
47.0993856475,51.9224298288,1.0,
47.0588850177,51.8581971722,1.0,
47.1137200125,51.9238973819,1.0,
47.1031586141,51.9283990645,1.0,
47.1173947182,51.9387452905,1.0,
47.1209931443,51.9207000883,1.0,
47.0689754631,51.8590022162,1.0,
47.0445193617,51.8524195319,1.0,
47.1019976081,51.8937631466,1.0,
47.1175156416,51.930948993,1.0,
47.1116368965,51.8929646885,1.0,
47.1061418539,51.9297586401,1.0,
47.1190702796,51.8925220734,1.0,
47.1162529993,51.9229278856,1.0,
47.1219855595,51.9206571476,1.0,
47.1108558095,51.9163763331,1.0,
47.118292229,51.9163921958,1.0,
47.1037534844,51.9095440118,1.0,
47.126526299,51.9555837566,1.0,
47.1258974388,51.9460932415,1.0,
47.0933683831,51.8702261626,1.0,
47.0829246112,51.9013895026,1.0,
47.1363817674,51.9035487472,1.0,
47.0658975546,51.8707045439,1.0,
47.1278734155,51.9501360848,1.0,
47.0836947286,51.9029053129,1.0,
47.1260645526,51.9556960524,1.0,
47.1048251612,51.9277175364,1.0,
47.0831490948,51.9334185912,1.0,
47.1065617206,51.9092675511,1.0,
47.1176194634,51.9655679141,1.0,
47.133763131,51.9458510027,1.0,
47.0762105458,51.8869280742,1.0,
47.1179708225,51.9244570859,1.0,
47.1226843829,51.9378858588,1.0,
47.0813276968,51.9088395524,1.0,
47.1076498948,51.9480565119,1.0,
47.1528350222,51.9420692455,1.0,
47.1036246763,51.9108548757,1.0,
47.0967321708,51.9225909841,1.0,
47.108828354,51.9453125773,1.0,
47.1025781309,51.907165327,1.0,
47.0844232929,51.9032489897,1.0,
47.0753716451,51.8814192658,1.0,
47.0842540266,51.8928772625,1.0,
47.1523473277,51.9389664833,1.0,
47.1065859439,51.9003217026,1.0,
47.0819299249,51.8982978863,1.0,
47.0750914849,51.9015002254,1.0,
47.0890051346,51.9137954129,1.0,
47.1292183393,51.9380782646,1.0,
47.1251041477,51.9070222313,1.0,
47.1062456138,51.9049866052,1.0,
47.0750269313,51.8787086545,1.0,
47.096148846,51.9204794734,1.0,
47.1076535593,51.9223645782,1.0,
47.1174698215,51.9179721262,1.0,
47.0884744319,51.9113468,1.0,
47.1034729198,51.8932494925,1.0,
47.0941847489,51.8802384246,1.0,
47.0911211499,51.936844146,1.0,
47.1032316845,51.9108293569,1.0,
47.0697243695,51.902730879,1.0,
47.1208465527,51.9369457639,1.0,
47.1054770809,51.9266739178,1.0,
47.1198469505,51.8964919671,1.0,
47.1057473459,51.9278580923,1.0,
47.0756554415,51.8622828561,1.0,
47.1114593141,51.9521807417,1.0,
47.1349614235,51.9047728975,1.0,
47.1330504337,51.9167930378,1.0,
47.0935637275,51.9016154352,1.0,
47.128671578,51.9500103939,1.0,
47.0979333162,51.9001819778,1.0,
47.1186245284,51.9268815692,1.0,
47.1054816363,51.92587325,1.0,
47.0950985254,51.8796586166,1.0,
47.0803348976,51.8977544378,1.0,
47.0948255619,51.8701439731,1.0,
47.1115838877,51.8956269512,1.0,
47.1129477237,51.9258866838,1.0,
47.1088259395,51.8858162283,1.0,
47.1155316181,51.917939837,1.0,
47.0938921155,51.9215540413,1.0,
47.1341344386,51.9125755082,1.0,
47.1334071991,51.9125302379,1.0,
47.1334082399,51.9122128797,1.0,
47.1055621461,51.9228687615,1.0,
47.1059681627,51.8892692873,1.0,
47.0950755299,51.8660632561,1.0,
47.1067774738,51.9224794129,1.0,
47.0759692404,51.9006145754,1.0,
47.1265120892,51.9556678792,1.0,
47.0923444753,51.9127223517,1.0,
47.0948955305,51.9096610708,1.0,
47.1631010826,51.9526995109,1.0,
47.1079346421,51.906973764,1.0,
47.0906131276,51.9070479248,1.0,
47.1125273502,51.9667242993,1.0,
47.1018061157,51.9524942418,1.0,
47.1173802462,51.9673836169,1.0,
47.0829759822,51.9003681706,1.0,
47.1004875252,51.9350152114,1.0,
47.1533237664,51.9935327526,1.0,
47.1511347095,51.988794595,1.0,
47.1368307585,51.9144590328,1.0,
47.1041387629,51.8922376785,1.0,
47.0854549491,51.9064055813,1.0,
47.1068777213,51.9294896799,1.0,
47.1065012688,51.8866240809,1.0,
47.1548062628,51.9370449692,1.0,
47.1543078059,51.9497555643,1.0,
47.0801982367,51.8741589952,1.0,
47.1023557887,51.9239388956,1.0,
47.1178281677,51.8943320637,1.0,
47.1321985855,51.9346429656,1.0,
47.1178557458,51.9070449606,1.0,
47.0896869423,51.9149368851,1.0,
47.1316592307,51.9579986652,1.0,
47.1531657243,51.9431371348,1.0,
47.0904267203,51.9085383958,1.0,
47.1196684468,51.9419279263,1.0,
47.1360952692,51.9135204859,1.0,
47.0937974272,51.8791421352,1.0,
47.1132319077,51.9276733671,1.0,
47.080413263,51.8655914814,1.0,
47.0935036411,51.9021645525,1.0,
47.1059569392,51.9396221371,1.0,
47.0866697529,51.9056292973,1.0,
47.1084032834,51.8935753632,1.0,
47.106163756,51.9463221405,1.0,
47.0978145406,51.8841815777,1.0,
47.1008981687,51.8929615602,1.0,
47.1261798704,51.9554462372,1.0,
47.0733157169,51.891082561,1.0,
47.10939321,51.962137206,1.0,
47.1518032476,51.939264463,1.0,
47.154447398,51.9427033398,1.0,
47.1015170621,51.9340086546,1.0,
47.1169360631,51.9046315201,1.0,
47.1353607776,51.9106005344,1.0,
47.1266891311,51.9317410467,1.0,
47.1176779823,51.9349824114,1.0,
47.0806823135,51.8661640063,1.0,
47.1033666716,51.9033034503,1.0,
47.0781813777,51.8805389862,1.0,
47.1008965359,51.923657758,1.0,
47.1003140029,51.9336162828,1.0,
47.1199115647,51.9499898374,1.0,
47.0846667047,51.9030333973,1.0,
47.0855564796,51.9055101354,1.0,
47.1154494132,51.9336110044,1.0,
47.0905157384,51.9135237459,1.0,
47.1177305945,51.9029165811,1.0,
47.112103656,51.955094555,1.0,
47.0902604195,51.9173872236,1.0,
47.0916987308,51.9191187992,1.0,
47.1254804339,51.955835391,1.0,
47.1176751246,51.9080274135,1.0,
47.1212182773,51.9250672626,1.0,
47.0980139994,51.8733620221,1.0,
47.0999935598,51.9259174534,1.0,
47.112528751,51.9667293703,1.0,
47.1111365142,51.9224471993,1.0,
47.092139729,51.9176935614,1.0,
47.0816580019,51.8991667507,1.0,
47.1151162631,51.9091133793,1.0,
47.0985181634,51.8715095201,1.0,
47.1046972189,51.9123291766,1.0,
47.0913085053,51.9066741644,1.0,
47.1258113651,51.9499170558,1.0,
47.1262511834,51.9493717691,1.0,
47.1207395454,51.9628713913,1.0,
47.1258540083,51.9520844919,1.0,
47.1042725564,51.8940962847,1.0,
47.1084157235,51.9238661997,1.0,
47.1200135153,51.9352873666,1.0,
47.092473041,51.880290533,1.0,
47.1535746613,51.9499840059,1.0,
47.1019365406,51.9245439377,1.0,
47.1019982931,51.8937622547,1.0,
47.0920390264,51.9068133791,1.0,
47.0744926122,51.8755130577,1.0,
47.0847139623,51.9049260141,1.0,
47.1227394735,51.9071012864,1.0,
47.0824125891,51.9003855661,1.0,
47.0844114389,51.8688194702,1.0,
47.1532241228,51.9408034001,1.0,
47.0803640589,51.8659891494,1.0,
47.1132311344,51.9276739688,1.0,
47.077551152,51.8817594099,1.0,
47.1011896887,51.9305829773,1.0,
47.1235729256,51.9130490353,1.0,
47.1023534582,51.9239410546,1.0,
47.121052724,51.9383473946,1.0,
47.0876163681,51.9293094191,1.0,
47.1096541048,51.9496336884,1.0,
47.1192815115,51.9244585117,1.0,
47.1183754863,51.915146779,1.0,
47.0987349842,51.9232530212,1.0,
47.1041195637,51.9072557978,1.0,
47.0934427541,51.8780162701,1.0,
47.129827124,51.9471743008,1.0,
47.1008393985,51.9243210073,1.0,
47.1475667039,51.9850269437,1.0,
47.123837543,51.9378351867,1.0,
47.0941843947,51.8802333637,1.0,
47.1236247109,51.9482126995,1.0,
47.1211506085,51.9374545772,1.0,
47.1246182434,51.9283874013,1.0,
47.0778414874,51.8775399681,1.0,
47.0941475009,51.9193605491,1.0,
47.1245890484,51.9456272104,1.0,
47.0935535228,51.925172137,1.0,
47.1284064607,51.9591224664,1.0,
47.1020856297,51.9330407901,1.0,
47.0925137402,51.8788829034,1.0,
47.0869258099,51.9283792185,1.0,
47.1261891066,51.9505930235,1.0,
47.0785257474,51.881277357,1.0,
47.1291644858,51.949511234,1.0,
47.0992233423,51.9244267763,1.0,
47.0819767025,51.8660727049,1.0,
47.0870296646,51.9110306474,1.0,
47.0978715996,51.922809728,1.0,
47.1238600305,51.9487146426,1.0,
47.0805511299,51.8936984887,1.0,
47.1176811777,51.9030652865,1.0,
47.1205363226,51.927866413,1.0,
47.1334107177,51.9119066583,1.0,
47.0959740805,51.9224448935,1.0,
47.093571255,51.9383251121,1.0,
47.0760230696,51.9189992374,1.0,
47.1002322661,51.9264655882,1.0,
47.1330440241,51.9173253897,1.0,
47.0489741299,51.8594830791,1.0,
47.1356581687,51.9027813117,1.0,
47.1258271568,51.9555623587,1.0,
47.1198678076,51.9137555094,1.0,
47.057250303,51.8583487999,1.0,
47.0902275554,51.9349342629,1.0,
47.0793067698,51.9182629289,1.0,
47.1321760612,51.9343806165,1.0,
47.0753716399,51.8814245043,1.0,
47.1048327381,51.8885753252,1.0,
47.1356291024,51.9178470232,1.0,
47.0924107009,51.8824289878,1.0,
47.1103470086,51.9295558219,1.0,
47.115652057,51.9520176067,1.0,
47.1264346642,51.9556933694,1.0,
47.1177712214,51.9013012701,1.0,
47.0893692439,51.9048913745,1.0,
47.0909265785,51.9148437664,1.0,
47.0972780393,51.9027089529,1.0,
47.0935783117,51.8814431569,1.0,
47.092125933,51.8806010432,1.0,
47.0772912884,51.8666961232,1.0,
47.0966977992,51.9245557603,1.0,
47.1356754955,51.9111190441,1.0,
47.1092370323,51.9409689193,1.0,
47.0790776389,51.8670325016,1.0,
47.116390083,51.8885923183,1.0,
47.1012052811,51.9334496433,1.0,
47.0998603304,51.9346632092,1.0,
47.1303871977,51.9464071475,1.0,
47.0876200577,51.9056043232,1.0,
47.0948480876,51.9252918024,1.0,
47.0960971639,51.8755836461,1.0,
47.0921206629,51.9336096823,1.0,
47.1011888231,51.9305882848,1.0,
47.1175478107,51.9005542457,1.0,
47.1082925387,51.91494022,1.0,
47.1467096252,51.9829112899,1.0,
47.0908891543,51.9173039259,1.0,
47.1333966217,51.9144009817,1.0,
47.1097127388,51.8881705287,1.0,
47.1279987599,51.9072180782,1.0,
47.1079689955,51.8871711643,1.0,
47.1277894899,51.9433535825,1.0,
47.1242022852,51.9609961032,1.0,
47.1181036894,51.9003832848,1.0,
47.1157199161,51.9398131531,1.0,
47.1034774529,51.8886633347,1.0,
47.1218891692,51.9624722059,1.0,
47.0961473196,51.9204824127,1.0,
47.1010898541,51.927625838,1.0,
47.1049269077,51.9567075637,1.0,
47.1534661581,51.9359528174,1.0,
47.0510307014,51.8620047529,1.0,
47.110128471,51.896598674,1.0,
47.1140933055,51.9166492055,1.0,
47.0922098295,51.9359029109,1.0,
47.093863789,51.9233100294,1.0,
47.0842037615,51.883534173,1.0,
47.1252069715,51.938217887,1.0,
47.0925122393,51.8788855549,1.0,
47.0983974147,51.8870513366,1.0,
47.1070721174,51.9296373906,1.0,
47.1047959057,51.908163751,1.0,
47.1105714446,51.9474256786,1.0,
47.0746824849,51.8798879599,1.0,
47.0476068825,51.8606448437,1.0,
47.0859831237,51.9063617177,1.0,
47.0911405966,51.910489874,1.0,
47.0975794142,51.8868451154,1.0,
47.1144462567,51.8917956007,1.0,
47.0883665758,51.9103026687,1.0,
47.0999390393,51.9288636399,1.0,
47.1168423258,51.9162343492,1.0,
47.0786555525,51.8956454831,1.0,
