46.5752657712,74.3523088339,1.0,
46.7631353395,74.4302934899,1.0,
46.7878123455,75.0158613019,1.0,
46.7908108387,74.7352128018,1.0,
46.8098569447,75.0580695599,1.0,
46.8168040683,74.8412110986,1.0,
46.8173285409,75.037621873,2.0,
46.818188383,74.7394573465,1.0,
46.8203289354,75.0018865057,8.0,
46.8204472367,74.7689162765,1.0,
46.8206454124,74.7272877003,1.0,
46.8232697301,75.0276728316,1.0,
46.8236974718,74.772465126,1.0,
46.8242569449,74.9507645665,2.0,
46.8253080604,74.9896698575,1.0,
46.8264198929,74.9952368387,1.0,
46.8265782846,74.9511331481,1.0,
46.8274962503,74.82788039,1.0,
46.8280628885,75.011225157,1.0,
46.828090667,74.7719271066,1.0,
46.8283891311,74.9697094839,1.0,
46.8286341001,74.9469275877,1.0,
46.8287074635,74.9658624437,1.0,
46.8305369988,74.9585038293,2.0,
46.8309376195,74.9726160472,1.0,
46.8314339642,74.990700478,4.0,
46.8315077658,75.005301372,1.0,
46.8317139279,74.9988183617,1.0,
46.8321233705,74.9695801026,16.0,
46.8325236822,74.9946752025,4.0,
46.8325905686,74.9743148672,2.0,
46.8331389055,74.9790325102,8.0,
46.8332201187,75.0238703519,2.0,
46.8334776991,75.0084074653,1.0,
46.8336898603,74.9774738399,1.0,
46.8338241572,74.9846116104,2.0,
46.8339368127,74.9643313022,1.0,
46.8339985278,75.0241314672,4.0,
46.8340728139,74.9727416532,4.0,
46.8340921934,75.0269589945,1.0,
46.8342053805,74.9541949863,1.0,
46.8344940957,74.9923617551,8.0,
46.8348572695,74.975016271,8.0,
46.8348871433,74.9576024846,2.0,
46.8350776841,74.998577504,4.0,
46.8353189192,74.9823197763,32.0,
46.8354640504,74.9882705869,1.0,
46.8355758853,75.0177854489,1.0,
46.8358860085,74.8275312014,1.0,
46.8359202841,74.9958643456,1.0,
46.8361924167,74.9889289951,4.0,
46.836264838,74.9859633623,16.0,
46.836286269,74.9508050672,2.0,
46.8364761493,74.9633276987,4.0,
46.8367761305,74.9745975983,64.0,
46.8369366904,74.9694038225,32.0,
46.837017716,74.9838392816,4.0,
46.8373734598,75.0010173385,32.0,
46.8375990515,74.9650192157,16.0,
46.8378182571,74.9993165222,1.0,
46.8379687953,75.0175616393,2.0,
46.8380684198,74.9917323957,8.0,
46.8382473729,74.9593657774,1.0,
46.8383875763,75.0093634511,1.0,
46.8384171119,74.9804474152,32.0,
46.8384744195,74.9712895913,2.0,
46.8386686368,74.9881031572,1.0,
46.8387806761,74.9563945241,2.0,
46.8388130085,74.9894360484,16.0,
46.8394406224,74.9946568728,1.0,
46.8394606704,74.964807,8.0,
46.8394947185,75.0012879958,16.0,
46.8395563249,74.9736327212,16.0,
46.8396134828,75.0024098055,2.0,
46.8396330215,74.9865380242,2.0,
46.8398478132,74.9818653554,8.0,
46.8399791929,74.9509387802,2.0,
46.8400045296,74.993519425,2.0,
46.8401698331,74.9826555738,1.0,
46.8403487024,74.9982741866,2.0,
46.8405377378,74.9981567194,16.0,
46.840775714,74.9655893512,1.0,
46.8408177565,74.8294962447,1.0,
46.8408602965,74.9785441716,4.0,
46.8410987853,74.9976200087,8.0,
46.8411340045,74.9680972318,8.0,
46.8412420575,74.9842136372,32.0,
46.8412690408,74.508067209,1.0,
46.841731019,74.9589389537,2.0,
46.8419781291,74.9937790662,4.0,
46.8422354998,74.9654760118,2.0,
46.842518675,74.9910727949,8.0,
46.8426477013,74.9855293451,1.0,
46.8430333358,74.9954974712,2.0,
46.8431421385,75.00237132,8.0,
46.8433380932,74.8583181833,1.0,
46.8434440893,74.9808162357,4.0,
46.8435730694,74.9739537043,32.0,
46.8437580858,74.9977005676,16.0,
46.843838569,74.8657461112,1.0,
46.84426375,75.007869395,1.0,
46.8445845421,74.9888686943,16.0,
46.8447957736,74.9711692605,8.0,
46.8448105948,74.9844551417,4.0,
46.8451114851,74.9776661227,8.0,
46.8453359667,74.9600672184,2.0,
46.8458211188,74.9794343933,2.0,
46.8460458652,74.8616837474,1.0,
46.8462896659,74.9719520553,16.0,
46.8464778077,74.856955054,1.0,
46.8470723585,74.9871575719,2.0,
46.8470854615,74.9631086243,2.0,
46.8471156855,74.9751306265,8.0,
46.8471281621,74.9667675049,4.0,
46.8471694469,74.9826269516,8.0,
46.8472528665,74.9692874389,1.0,
46.8475723069,74.9903229882,2.0,
46.8476668967,74.9856386874,16.0,
46.8480925029,74.9518429226,8.0,
46.8481268267,74.9797559874,16.0,
46.8481368306,74.9751852253,2.0,
46.8483050375,75.0042934546,1.0,
46.8484985618,74.9963374225,1.0,
46.8485106699,75.0054317525,4.0,
46.8487881737,74.960069932,2.0,
46.8488610646,74.9859448785,8.0,
46.8488969122,74.8636613651,1.0,
46.8491830795,74.9941045254,2.0,
46.8494426206,74.9673527726,2.0,
46.8495573234,74.9900655494,1.0,
46.8495607558,74.9583777583,1.0,
46.8496721418,74.9729425859,16.0,
46.8499801642,74.9753116632,1.0,
46.8504355051,74.9794202184,4.0,
46.8512055953,74.9625395092,16.0,
46.8514171166,74.9801643229,8.0,
46.8514349208,74.9170159192,1.0,
46.8515371618,74.9871634614,1.0,
46.8516556068,74.9575670834,2.0,
46.8523207602,74.9724280652,8.0,
46.8536974136,74.9656080804,4.0,
46.8537239631,75.0078915414,1.0,
46.8537572008,74.9842715428,4.0,
46.8538628217,74.9843817369,8.0,
46.854574486,74.9620049842,1.0,
46.8545947269,74.9811334713,2.0,
46.8548186039,74.9549196154,2.0,
46.8554426612,74.9756048167,2.0,
46.8560640294,74.9705297808,2.0,
46.85646317,74.9910724764,1.0,
46.8570064161,74.9579740119,4.0,
46.8571559335,74.9792863697,4.0,
46.8576507333,74.9611918501,1.0,
46.8579975585,74.9644587431,4.0,
46.8580382186,74.9849490238,4.0,
46.8584361328,74.9699275182,1.0,
46.8587681,74.9732584995,8.0,
46.8599076413,74.9820471286,1.0,
46.8602018422,74.9680109766,2.0,
46.8619008484,74.9528115561,2.0,
46.8632300518,74.906202314,1.0,
46.8645916097,74.9775292846,1.0,
46.8647087625,74.9317669243,8.0,
46.864725627,74.9347957698,4.0,
46.8649053035,74.9328993719,2.0,
46.8649906197,74.9248499838,2.0,
46.8652361244,74.9191676416,2.0,
46.8653000376,74.9216651938,4.0,
46.8653039503,74.9449530212,1.0,
46.8653795517,74.9166634253,1.0,
46.865575431,74.9442349589,2.0,
46.8663273422,74.9281870662,4.0,
46.8669557787,74.9498317434,4.0,
46.8679503387,74.7964527027,1.0,
46.8691170487,74.9484798726,2.0,
46.8694319009,74.9717417179,1.0,
46.8714212132,74.9765575439,1.0,
46.8768065701,74.9758316954,1.0,
46.8814736413,74.9699118745,2.0,
46.8832119471,74.9483561255,1.0,
46.887963565,74.8787519322,1.0,
46.8909055465,75.3892602749,1.0,
46.9093333789,74.984555875,1.0,
46.9587971781,74.9964527984,1.0,
46.9591341721,74.9965924864,4.0,
47.066430091,75.5400223908,1.0,
47.4634107643,75.626544243,1.0,
47.477247861,75.6020105799,1.0,
47.7514183304,74.4882200048,1.0,
47.7745236867,67.6966084186,4.0,
47.7747124227,67.6961932517,1.0,
47.7755564372,67.700400202,4.0,
47.7765147083,67.7244601613,2.0,
47.7782038613,67.7013787608,2.0,
47.7792053157,67.6946775849,8.0,
47.7801964732,67.7441938651,1.0,
47.7805371562,67.6917290538,2.0,
47.7815431881,67.7203055378,1.0,
47.7816047273,67.7085295824,2.0,
47.7816605357,67.7180689624,4.0,
47.7820138738,67.7093070864,1.0,
47.7825414887,67.7405996463,1.0,
47.7828134213,67.7008233832,4.0,
47.7842832582,67.6607889055,2.0,
47.7843161036,67.7326132905,1.0,
47.7844833815,67.6986673671,16.0,
47.7845965854,67.7039496756,4.0,
47.7846055819,67.7053445783,1.0,
47.785278474,67.7374762279,1.0,
47.7853598426,67.702426951,16.0,
47.7854025427,67.705004368,2.0,
47.7856179154,67.6649067047,1.0,
47.785857228,67.7297888404,4.0,
47.7864400098,67.7164604129,1.0,
47.7866370077,67.7297189334,16.0,
47.7866992276,67.7272132853,8.0,
47.7867381653,67.7302461369,128.0,
47.78679428,67.7048462969,8.0,
47.7872877755,67.6927211731,4.0,
47.7873588455,67.7019550901,4.0,
47.7877260199,67.7082811299,8.0,
47.7880775464,67.7326486721,4.0,
47.7881322889,67.7065053389,4.0,
47.7881783292,67.7364847439,2.0,
47.7881797685,67.7232000794,1.0,
47.7883863278,67.6827601413,8.0,
47.7884380175,67.6855025637,1.0,
47.7885357834,67.6822590131,4.0,
47.7886614221,67.7305249395,2.0,
47.7889237968,67.7120800218,8.0,
47.7897024868,67.7104865086,32.0,
47.7899210051,67.7051457906,1.0,
47.7900170263,67.7211322634,4.0,
47.7904502035,67.7372975475,1.0,
47.7905108253,67.6928840127,4.0,
47.7905332095,67.6952467568,8.0,
47.7905503694,67.7106979411,1.0,
47.7905507799,67.6875155032,4.0,
47.7907195767,67.6930423422,1.0,
47.7909848481,67.6819642793,16.0,
47.7912152449,67.7080127311,8.0,
47.7912253123,67.711108514,2.0,
47.7912642761,67.6851540127,16.0,
47.7914492186,67.698732552,32.0,
47.7918414093,67.7247794173,2.0,
47.7919568617,67.7023679886,4.0,
47.7923581768,67.7154467536,1.0,
47.7926044279,67.7103266628,4.0,
47.7927583041,67.6789609867,4.0,
47.7929863121,67.7013042069,2.0,
47.7932878947,67.7191325479,4.0,
47.793397158,67.6974617139,1.0,
47.793695712,67.6763701447,1.0,
47.7939381613,67.695977703,8.0,
47.7940905624,67.6999931257,8.0,
47.7944644625,67.7128348258,32.0,
47.7944751405,67.6973079153,2.0,
47.7948157123,67.6883027458,4.0,
47.7950428705,67.690319198,16.0,
47.7953272951,67.7202675213,2.0,
47.7959500042,67.6992239776,4.0,
47.7960874242,67.7083042157,8.0,
47.7966688144,67.6947759862,1.0,
47.7972145476,67.7168410095,8.0,
47.7976713368,67.6748870498,4.0,
47.7977352354,67.692816299,4.0,
47.7978052202,67.7042807768,16.0,
47.7980418082,67.7000030423,1.0,
47.7980473149,67.6788168942,4.0,
47.7982833237,67.7113462481,8.0,
47.798311404,67.7008676479,8.0,
47.7984555547,67.7095575496,16.0,
47.798526456,67.6966223939,8.0,
47.7987190831,67.7101886774,2.0,
47.7990125709,67.6716278787,2.0,
47.7991165718,67.7014526994,32.0,
47.799201822,67.7127140296,1.0,
47.7995202242,67.7137269319,16.0,
47.7997522402,67.7073993758,64.0,
47.7997981312,67.6930282966,1.0,
47.8010047364,67.7123381152,32.0,
47.8010136523,67.6719374409,1.0,
47.8012384625,67.6991286704,8.0,
47.8014142175,67.7008437155,4.0,
47.8015009927,67.7091315515,1.0,
47.8016511715,67.6679414381,1.0,
47.8017021843,67.6966798304,1.0,
47.801905624,67.6817973561,2.0,
47.801909647,67.7178955996,2.0,
47.8022899766,67.6741552248,4.0,
47.8025274225,67.702684399,64.0,
47.8028878415,67.7137973744,16.0,
47.8028993708,67.7053691398,8.0,
47.8029195811,67.7094603285,4.0,
47.8034272802,67.6854182076,1.0,
47.8036911311,67.7182924891,1.0,
47.8048622332,67.7004138226,2.0,
47.805301961,67.7060535008,32.0,
47.805430276,67.6726061585,2.0,
47.8059132252,67.6785906788,4.0,
47.8062194779,67.7216957589,32.0,
47.8062605177,67.7010333831,8.0,
47.8067713238,67.7078255977,16.0,
47.8070219724,67.7183110488,32.0,
47.8074435452,67.7215525973,1.0,
47.8074471637,67.7022325688,2.0,
47.8077058123,67.7032245156,4.0,
47.8077603863,67.6725801714,1.0,
47.8080004602,67.7169326099,8.0,
47.8082247,67.7157634026,1.0,
47.808361243,67.712290664,8.0,
47.8084047445,67.6816462374,1.0,
47.8084701111,67.7232437163,2.0,
47.8090455201,67.7071280631,1.0,
47.8093132035,67.7109281078,2.0,
47.8106050471,67.68442226,1.0,
47.8106052925,67.3283711135,1.0,
47.8108707751,67.6692283749,1.0,
47.8117611897,67.6785424838,2.0,
47.813431975,67.6681811242,2.0,
47.8151556734,67.6746492104,4.0,
47.8152109629,67.6882733284,1.0,
47.8188755805,67.6736193895,2.0,
47.8190297861,67.6752853759,1.0,
47.8208279026,67.6658410014,4.0,
47.8444506107,67.6461822286,1.0,
47.8896634606,67.5446659034,2.0,
47.8912633779,67.5438250788,1.0,
47.8913997298,67.54721927,8.0,
47.8933285108,67.5406499766,1.0,
47.8933311064,67.5554398429,2.0,
47.893551764,67.5533132032,1.0,
47.8936143217,67.5470176041,32.0,
47.8938455036,67.5502078697,2.0,
47.8948873129,67.541275662,32.0,
47.8951513497,67.5206774356,1.0,
47.8953746718,67.5573162616,1.0,
47.8954769931,67.5406732116,4.0,
47.8958507544,67.5382260263,8.0,
47.896276486,67.543582475,8.0,
47.8965465166,67.5460751657,4.0,
47.8969496385,67.5170940236,1.0,
47.8969760757,67.5515855031,1.0,
47.8971222483,67.5578363325,2.0,
47.8972905538,67.5501250521,2.0,
47.8973793158,67.5372614804,4.0,
47.8976078478,67.5598245472,4.0,
47.8976312271,67.5455815107,16.0,
47.8979823829,67.5403827971,32.0,
47.8985223242,67.5560329939,8.0,
47.8985635434,67.5504674822,4.0,
47.8985773576,67.5544175009,1.0,
47.899560953,67.5308093233,16.0,
47.8996025553,67.5345960366,32.0,
47.8999120595,67.5295065273,2.0,
47.8999886288,67.531545699,64.0,
47.9004292958,67.5016607405,1.0,
47.9006606211,67.5335128317,1.0,
47.9006654596,67.5494755142,1.0,
47.9008155603,67.541863568,32.0,
47.9008623957,67.5284301381,32.0,
47.9008773069,67.5353331408,2.0,
47.9010143564,67.5183159708,1.0,
47.9010608041,67.5180804861,2.0,
47.9010658941,67.5220526816,8.0,
47.9012683144,67.5249491096,64.0,
47.9016315194,67.5466251963,8.0,
47.9021447588,67.5212876964,16.0,
47.902509996,67.527215054,4.0,
47.9025319757,67.5222735429,2.0,
47.9028425039,67.5409244638,2.0,
47.9031337722,67.5312862388,16.0,
47.9031472442,67.5586390814,1.0,
47.9034174078,67.5496378029,8.0,
47.9034510062,67.5527462835,4.0,
47.9036339247,67.5375357088,32.0,
47.9040763371,67.5403076972,1.0,
47.9044321878,67.5411328033,8.0,
47.9045091678,67.5211565702,64.0,
47.9045229809,67.5585674275,2.0,
47.9050616728,67.5265504739,64.0,
47.9051441787,67.5331988194,4.0,
47.9052466803,67.5275877909,32.0,
47.9057031778,67.5430051932,2.0,
47.9057257596,67.5289002561,2.0,
47.9059191071,67.5243349054,4.0,
47.9060369142,67.5316851725,64.0,
47.9060821461,67.5573398413,1.0,
47.9062232863,67.5465050174,8.0,
47.9066126133,67.5226391186,1.0,
47.9066504749,67.5554978054,4.0,
47.9067869094,67.5369528911,2.0,
47.9069088253,67.5253397111,16.0,
47.907470964,67.5597434803,2.0,
47.907502071,67.5522017738,4.0,
47.9076533291,67.5072768219,4.0,
47.9077445004,67.5337275377,1.0,
47.9080008737,67.5441517938,4.0,
47.9084134645,67.5418330682,32.0,
47.9086618568,67.539696958,2.0,
47.908858678,67.5456332644,1.0,
47.9091097769,67.519782779,16.0,
47.9092218671,67.5332197293,32.0,
47.9094023849,67.5274467634,16.0,
47.9094144077,67.5368135729,32.0,
47.9099943375,67.5408237775,1.0,
47.9100652093,67.5173850992,4.0,
47.9100822736,67.5258726783,2.0,
47.9101961476,67.542899137,2.0,
47.9103442498,67.520358172,2.0,
47.9108694442,67.540247269,16.0,
47.9114951896,67.5378573468,8.0,
47.9117811975,67.5250103583,64.0,
47.9117886343,67.5217757658,4.0,
47.9120641857,67.5359074242,1.0,
47.9123328788,67.5183642211,8.0,
47.9124090459,67.5137280259,2.0,
47.9125144323,67.5190984713,1.0,
47.9126745611,67.5152607603,32.0,
47.9128425991,67.5302402637,16.0,
47.9129197435,67.5324671288,32.0,
47.9133462577,67.532025121,8.0,
47.9133634061,67.5078787826,2.0,
47.9133735893,67.5269357173,16.0,
47.9135111448,67.5280371229,4.0,
47.9137003854,67.5180745937,4.0,
47.9146585301,67.519304961,2.0,
47.9148925981,67.5218027771,16.0,
47.9150245919,67.5180340898,16.0,
47.9168284468,67.5138490489,1.0,
47.9891428862,74.3084693896,1.0,
47.9977275851,70.7784701174,2.0,
47.9996389691,70.7824269786,4.0,
47.9997226467,70.7855836831,1.0,
48.0001217649,70.7760923685,1.0,
48.0016845159,70.7942183185,1.0,
48.0017045759,70.7810803986,2.0,
48.0050340924,70.7865581006,1.0,
48.0054094028,70.7901911476,1.0,
48.0067732368,70.7771118644,1.0,
48.009141625,70.7931898071,1.0,
48.0100401626,70.7972972777,1.0,
48.0128903316,70.8151641584,1.0,
48.0131910105,70.8115071496,2.0,
48.013556311,70.8185668208,1.0,
48.0163276723,70.8005734575,2.0,
48.016477096,70.8165104554,1.0,
48.0168987976,70.8128842677,2.0,
48.0271152428,70.8174611337,1.0,
48.0279315833,70.8062090268,1.0,
48.0289158528,70.7921991585,1.0,
48.029792482,70.7994329054,1.0,
48.0328741084,70.8014451348,1.0,
48.0367605039,70.8562906212,1.0,
48.0372085198,70.884856032,2.0,
48.0382301137,70.8110165774,2.0,
48.0402890424,70.8042529024,1.0,
48.0434473409,70.8500569289,2.0,
48.3590418226,71.7757994849,1.0,
48.6791020376,71.631169135,1.0,
48.6808157069,71.6568431193,1.0,
48.681837781,71.6523179342,1.0,
48.683656466,71.638560578,2.0,
48.6861918644,71.6741255279,1.0,
48.6870158449,71.6673067961,2.0,
48.6870318878,71.6333898221,2.0,
48.6875333355,71.6597174978,2.0,
48.6902530287,71.6392791822,1.0,
48.690474667,71.633922812,1.0,
48.693116117,71.67002118,1.0,
48.7680289416,73.6604406697,2.0,
49.4044274732,75.4804702141,1.0,
49.4084097288,75.4690183137,2.0,
49.4091597298,75.4584242036,1.0,
49.4094896191,75.4610599981,2.0,
49.4119820176,75.477425609,2.0,
49.4126403576,75.4696397873,2.0,
49.4127150167,75.4626185932,1.0,
49.412824894,75.473645416,1.0,
49.4147061468,75.4661242316,1.0,
49.4151406381,75.4561347559,1.0,
49.4156409908,75.4953464949,2.0,
49.4175428304,75.4776499249,1.0,
49.4186535853,75.4589990035,1.0,
49.4192795645,75.4553826519,1.0,
49.5172804266,72.8238906779,1.0,
49.6221258197,72.8606537528,2.0,
49.6232623695,72.8601654362,4.0,
49.6239816896,72.8565415119,1.0,
49.6244759957,72.8597939993,1.0,
49.6276133718,72.8639207639,2.0,
49.6288546425,72.8578721757,4.0,
49.629506982,72.8663564055,4.0,
49.6296410507,72.8554721468,2.0,
49.6302868686,72.8668476582,1.0,
49.6309402074,72.8635886428,2.0,
49.6314984978,72.8594007914,2.0,
49.6317188142,72.8514458595,1.0,
49.6318047375,72.8686788523,4.0,
49.6320590987,72.8781399204,1.0,
49.6325210541,72.8694560429,2.0,
49.634112956,72.8565529775,1.0,
49.6343174763,72.8647592949,16.0,
49.634960217,72.8680563903,8.0,
49.6357812269,72.8664105152,1.0,
49.6371223824,72.8618201731,4.0,
49.6372359618,72.8714719508,2.0,
49.6372696623,72.8582850753,4.0,
49.6378452533,72.8543820259,4.0,
49.6381422476,72.8690604346,8.0,
49.6381605168,72.8606416046,1.0,
49.6391232338,72.8584871603,2.0,
49.6394249399,72.8650783908,1.0,
49.6401379075,72.8623222663,2.0,
49.640296423,72.8614827153,4.0,
49.6410743211,72.8544848807,2.0,
49.6435971843,72.8628734531,2.0,
49.6960797601,72.5872049268,2.0,
49.6968711189,72.6019837304,4.0,
49.6974459021,72.5926784733,32.0,
49.6975516546,72.5898401784,4.0,
49.6980138633,72.5867441072,32.0,
49.6980194814,72.596849668,8.0,
49.6981309626,72.5835831467,1.0,
49.698671773,72.5951500801,1.0,
49.6986976149,72.6054488976,16.0,
49.6994560494,72.6061215109,8.0,
49.6995530944,72.6015267881,1.0,
49.6995673237,72.5755462862,1.0,
49.6998444969,72.5809835428,2.0,
49.699857181,72.58864858,16.0,
49.699893481,72.598142132,16.0,
49.7001144089,72.5799664899,4.0,
49.7002700572,72.6081135062,4.0,
49.7002834859,72.5960529235,4.0,
49.7003024746,72.6031046842,4.0,
49.7006775065,72.5740499308,4.0,
49.700865052,72.5860144102,4.0,
49.7009000893,72.5784186081,1.0,
49.7016467191,72.6029701322,16.0,
49.7016787812,72.5534504715,1.0,
49.7017892789,72.6059927077,1.0,
49.7018152536,72.6002274806,32.0,
49.7019783239,72.5850941727,16.0,
49.7021886759,72.5768278808,4.0,
49.7023462831,72.5918494112,2.0,
49.7026219333,72.5844132908,1.0,
49.7028514804,72.6128967531,1.0,
49.7029957034,72.5999018481,2.0,
49.7035490905,72.595343967,4.0,
49.7038363252,72.5987293551,8.0,
49.7038503119,72.5784482922,2.0,
49.7038783884,72.5988235122,16.0,
49.7040368275,72.5816609985,32.0,
49.7040482024,72.5726845079,2.0,
49.7052388488,72.5851211829,2.0,
49.7056167006,72.5532524996,1.0,
49.7057011538,72.5764964767,1.0,
49.7063859621,72.5901151786,2.0,
49.7063915877,72.596559857,8.0,
49.706466134,72.6051843575,16.0,
49.7066244094,72.595474111,1.0,
49.7075116974,72.6033923254,1.0,
49.7076535146,72.5934101065,8.0,
49.7078380823,72.5770767268,2.0,
49.7078613584,72.5823574802,4.0,
49.7081793743,72.6099695554,4.0,
49.7081913277,72.5784189983,8.0,
49.7093247144,72.5706754721,4.0,
49.7093570996,72.6010506912,8.0,
49.7096005467,72.6012508356,4.0,
49.7096079136,72.5700268292,1.0,
49.7099098275,72.563444711,1.0,
49.7101880839,72.5798579694,4.0,
49.7105343779,72.6062940643,1.0,
49.710550686,72.6053379116,2.0,
49.7105628185,72.5769787734,1.0,
49.7108470195,72.5839301479,2.0,
49.7115579893,72.5674781942,1.0,
49.7119528356,72.5965686642,2.0,
49.7121328218,72.5726125503,2.0,
49.7129310947,72.5836015256,8.0,
49.7130951972,72.5918365834,8.0,
49.7132690593,72.5790058982,4.0,
49.713438763,72.5791189661,1.0,
49.7138160815,72.6013513324,8.0,
49.7139017162,72.593136291,16.0,
49.7148574995,72.5958207855,8.0,
49.7160952614,72.594425793,1.0,
49.7162153318,72.5986669698,1.0,
49.7168464621,72.5853314506,8.0,
49.7169877141,72.5911839158,8.0,
49.717177968,72.579456588,4.0,
49.7177676864,72.5952571185,4.0,
49.7177790326,72.5956881366,2.0,
49.7208654305,72.5901744479,4.0,
49.7213747721,72.5846296782,2.0,
49.7221810816,72.5864828728,4.0,
49.725130442,72.5887163402,2.0,
49.7376658138,73.0724022208,1.0,
49.7412128301,72.6081122306,1.0,
49.7485798339,73.053433947,2.0,
49.7503195546,73.048664201,2.0,
49.7518272133,73.0528782871,4.0,
49.75363215,73.0618188708,4.0,
49.7541966423,73.0539172442,1.0,
49.7545135935,73.0497875905,2.0,
49.7553429058,73.0631455852,2.0,
49.7558488848,73.0590189387,16.0,
49.7569153673,73.0697153669,1.0,
49.7569513127,73.1670715733,1.0,
49.7570659556,73.0614555915,1.0,
49.7584831274,73.0658796022,2.0,
49.7586298744,73.0532318802,1.0,
49.7607241619,73.0670273567,4.0,
49.7610996076,73.0505930277,1.0,
49.7612478813,73.0511592394,2.0,
49.7620013515,73.0642771432,2.0,
49.7620133994,73.0551667625,4.0,
49.7621393934,73.0573211608,1.0,
49.7648441291,73.0721303903,2.0,
49.7649089341,73.1549862714,4.0,
49.7650030634,73.0710210909,1.0,
49.766466337,73.1355351117,8.0,
49.766583692,73.1397620704,4.0,
49.7666233418,73.1537761018,8.0,
49.7668149239,73.1288286138,2.0,
49.767066326,73.0738990212,1.0,
49.7674978046,73.1516157176,1.0,
49.7678302588,73.1365266717,2.0,
49.7679801324,73.0241637958,1.0,
49.7679942346,73.1328343511,4.0,
49.7681495688,73.1521928314,2.0,
49.7687949731,73.0781567942,1.0,
49.769198051,73.1380252227,8.0,
49.7696583095,73.1555403672,4.0,
49.7698554456,73.0792317654,4.0,
49.7700730782,73.0817863567,2.0,
49.7703032465,73.144425747,2.0,
49.7703053872,73.1523122667,16.0,
49.7703767259,73.0755816783,2.0,
49.7705193571,73.1410941358,8.0,
49.7710554584,73.1301223426,16.0,
49.7714814224,72.8606505807,1.0,
49.7714882629,73.1331866795,8.0,
49.7716764116,73.1562041107,2.0,
49.7716901869,73.0817256136,1.0,
49.7719769726,73.1418852604,1.0,
49.7720182299,73.012261373,4.0,
49.7724345739,73.0737980417,1.0,
49.7725399713,73.0855882456,4.0,
49.7725860854,73.0104374571,1.0,
49.7726273758,73.0907360084,2.0,
49.7728663337,73.1474083501,4.0,
49.7731471688,73.0186285133,1.0,
49.7735691231,73.1438093647,16.0,
49.7737762853,72.8422574681,1.0,
49.7738456311,73.1553077469,1.0,
49.7739816409,73.0660766754,1.0,
49.7740572686,73.0799035915,4.0,
49.7741426176,73.1364284025,8.0,
49.7741861004,73.1297097245,1.0,
49.7745611399,73.0994720527,2.0,
49.7748244629,73.0692638842,2.0,
49.7748668245,73.1535694407,8.0,
49.7749409777,73.1398602208,1.0,
49.7749603895,73.1348067349,4.0,
49.7752646274,73.1103140175,1.0,
49.7753949941,73.1137977913,4.0,
49.7753979418,73.1521806906,2.0,
49.7759233585,73.069081036,16.0,
49.7760558018,73.1461466847,16.0,
49.7761650719,73.0895633684,4.0,
49.7762198505,73.0775085484,1.0,
49.7762971376,72.9226553531,1.0,
49.7763313237,73.1010780858,1.0,
49.7764210075,73.0920061924,8.0,
49.7764253105,73.1408718498,16.0,
49.7764924715,73.1380115605,4.0,
49.7765818117,73.11615258,1.0,
49.7766098632,73.1487581242,8.0,
49.7767841617,73.1507261982,4.0,
49.7769228021,73.1366216112,2.0,
49.7774487709,72.8441114357,2.0,
49.7777191128,73.1576088951,1.0,
49.7778007184,73.1172354864,2.0,
49.7778846505,73.1369477212,1.0,
49.7778851684,73.0855266415,4.0,
49.7780311108,73.1293463165,2.0,
49.7781135096,72.9139233139,1.0,
49.7781356432,73.1431519033,1.0,
49.7783979726,73.1471076782,1.0,
49.7785422978,73.1117200405,2.0,
49.7786246725,73.0686467064,2.0,
49.7786354152,73.0873546741,1.0,
49.7786639935,73.0720424211,1.0,
49.7787389375,73.0806743858,1.0,
49.7788483051,72.8230533281,1.0,
49.7788873256,73.1438667306,2.0,
49.7791493571,73.0964017507,2.0,
49.7794953317,73.1528677744,2.0,
49.7795635155,72.97170649,2.0,
49.7797355538,73.0656024321,1.0,
49.7798492726,73.0992460284,4.0,
49.7799342663,73.12007241,2.0,
49.7799403292,73.1134881992,1.0,
49.78017288,73.0649664776,8.0,
49.7802619257,72.9578414532,32.0,
49.7803230334,73.1235734073,1.0,
49.7803902791,72.9582813916,4.0,
49.7804088706,72.9575776981,64.0,
49.7804542901,73.1235857578,16.0,
49.7805309347,73.1448139751,8.0,
49.7805486174,73.1150327973,2.0,
49.7805707096,73.1024023952,1.0,
49.7806331192,73.0624036874,2.0,
49.7807006733,73.1041282369,2.0,
49.7807752286,72.8328017507,8.0,
49.7808078954,73.1404166624,16.0,
49.7808984314,73.0600191584,1.0,
49.7809125759,73.0958536669,1.0,
49.7809781548,73.1112349683,4.0,
49.7810209662,73.1545755937,8.0,
49.781051735,73.1063684571,8.0,
49.7810539717,73.0738929705,2.0,
49.7811627088,72.7359442852,1.0,
49.7813527415,73.0514690779,1.0,
49.7813923949,73.1562294147,1.0,
49.7818032998,73.0425189458,1.0,
49.7818946586,73.0595409204,4.0,
49.7819124611,72.8359538932,1.0,
49.7819751624,73.1490024253,8.0,
49.7820201545,73.140690091,2.0,
49.7821517437,73.0660662287,4.0,
49.782258839,72.839142616,4.0,
49.7824235138,72.8311202936,4.0,
49.7826129803,72.8286582794,1.0,
49.7827669972,73.1116599817,2.0,
49.7830942998,72.8351128279,8.0,
49.7831141848,73.1257192317,4.0,
49.7832593263,73.1214267395,2.0,
49.7833277305,73.0721259576,4.0,
49.783358823,73.1175026162,2.0,
49.7834054636,73.0740530833,8.0,
49.7835954844,73.0635795428,1.0,
49.7836883653,73.103813505,1.0,
49.7837582613,73.1266687193,1.0,
49.7840517429,73.1557796466,8.0,
49.7844924059,72.8383327271,2.0,
49.7848820226,72.8182620033,1.0,
49.7849751416,73.1088867397,2.0,
49.7850092601,73.147093947,8.0,
49.78502747,73.1302728626,16.0,
49.7851649146,73.1448146827,4.0,
49.7851654185,73.1442107404,1.0,
49.7852079743,73.0578798309,1.0,
49.7852168719,73.0996439301,4.0,
49.7856612099,73.1064061555,1.0,
49.7856984728,72.8305833405,1.0,
49.7857109845,73.1056811825,4.0,
49.7861180761,73.039938091,1.0,
49.7861962411,72.9535436805,1.0,
49.7862548347,73.0821577075,1.0,
49.7866613106,72.8167621886,4.0,
49.786703675,73.1125973871,1.0,
49.7867235497,72.8952867595,1.0,
49.7870092991,73.1532590726,16.0,
49.7870938651,72.7870978233,1.0,
49.7871173729,73.1107428911,8.0,
49.7872105305,73.0793333455,2.0,
49.7874170852,73.1346987219,2.0,
49.7877239149,72.825182563,8.0,
49.787772949,73.1194966698,2.0,
49.7879641331,73.0471477163,4.0,
49.7880277957,73.0523584744,1.0,
49.7880716515,73.1479651104,4.0,
49.7880934552,73.0831579357,2.0,
49.788345495,73.0918234457,2.0,
49.7883493081,73.133837329,4.0,
49.7883511132,72.982015802,1.0,
49.7884089587,73.1067182678,2.0,
49.7885623524,73.1214451119,1.0,
49.7886455746,73.1570664206,16.0,
49.7888384014,73.1632028995,4.0,
49.7889406127,73.1607828188,2.0,
49.7889765404,72.9891969811,1.0,
49.7890857849,73.1174071559,1.0,
49.7892637846,73.0451695637,1.0,
49.7894386932,72.9907985716,4.0,
49.7894985961,73.0512522663,2.0,
49.789535218,73.1110646539,1.0,
49.7896835213,73.052682657,4.0,
49.7900154093,73.0860393879,1.0,
49.7902382617,73.0596566653,4.0,
49.7904340665,73.0556053552,16.0,
49.7907928197,72.8332511374,1.0,
49.7908254591,72.8151111284,8.0,
49.7910114882,73.1137215933,4.0,
49.7911475242,72.8107984067,2.0,
49.7911885805,72.8129663228,4.0,
49.7912206401,73.0441191879,2.0,
49.7912526808,73.1639394044,1.0,
49.7914789702,73.0479006295,8.0,
49.7916266541,73.0836783958,32.0,
49.7916896158,72.8409384874,1.0,
49.7918883275,73.0881549695,32.0,
49.7919432356,73.0840295375,2.0,
49.7923455841,72.8566544801,1.0,
49.7923803424,72.9902970574,2.0,
49.7924840384,73.0558529611,1.0,
49.7925223029,73.0593294027,2.0,
49.7925464075,73.0795178858,2.0,
49.7926479391,73.0814035788,8.0,
49.7926987846,73.1632704042,4.0,
49.7928969057,72.8194961626,8.0,
49.7930813091,73.0442206931,4.0,
49.7931150022,73.0549970587,2.0,
49.7932866731,73.1556307208,4.0,
49.7932869055,73.1113491056,1.0,
49.7933357553,73.089527764,2.0,
49.7934221815,73.0942694059,1.0,
49.7935431001,72.8194651284,2.0,
49.7936262488,73.0587889151,8.0,
49.7936992087,73.0774219454,8.0,
49.7939741312,73.1217652547,2.0,
49.794035235,72.8458987028,4.0,
49.7940424629,73.1100006517,2.0,
49.7941940795,72.8667812981,1.0,
49.7942701049,73.0388882948,1.0,
49.7943807099,73.1597223712,8.0,
49.7944005255,73.0804858551,32.0,
49.794490956,73.047729072,1.0,
49.794571325,73.1580579043,1.0,
49.7945808005,72.8230877454,8.0,
49.7946264821,72.8138638576,8.0,
49.79490529,73.0760211805,2.0,
49.7949144674,73.0521952011,2.0,
49.7949300699,72.8468592493,2.0,
49.7952043407,72.8212013843,1.0,
49.7954781772,73.1152224162,4.0,
49.7955811414,72.8187986188,16.0,
49.7955956051,73.0955365006,8.0,
49.7956311263,73.0608737171,4.0,
49.7956944136,73.084480104,8.0,
49.7957053281,73.079139927,1.0,
49.7957294717,72.8170488477,2.0,
49.7960116512,73.0875522284,4.0,
49.7960873463,73.0513459365,8.0,
49.7962574529,73.0968300958,2.0,
49.7964106964,73.0860806312,1.0,
49.7966437532,73.0529608192,4.0,
49.7966472868,73.1257575138,4.0,
49.7967074191,73.0643270286,2.0,
49.7967849986,72.8299996073,4.0,
49.7968484645,72.8284895059,2.0,
49.7969055491,73.0624496205,8.0,
49.797060347,73.0807020769,2.0,
49.7971440826,73.1123769984,1.0,
49.7972109222,72.8143121128,4.0,
49.7972630966,73.0422541282,1.0,
49.7972648536,72.8559198291,1.0,
49.7972887705,73.0896351233,32.0,
49.7973193515,72.832543864,8.0,
49.797340082,73.1221944069,2.0,
49.7973953011,73.0464497603,1.0,
49.7974183342,72.8631880266,1.0,
49.7974692105,72.8607873022,4.0,
49.7974701325,72.8220680169,2.0,
49.7976430128,72.8749691921,4.0,
49.7976561439,72.8429401616,2.0,
49.7979463229,73.0925727313,8.0,
49.7979708709,73.0448945269,2.0,
49.7980501133,72.8298354332,1.0,
49.7982819635,73.1196460262,4.0,
49.7984434627,73.0855638705,2.0,
49.7987101517,72.8124353246,2.0,
49.7987708245,72.8196080478,32.0,
49.7988322498,73.0910603227,1.0,
49.7990096673,72.8545920599,2.0,
49.7991001027,72.8344013824,4.0,
49.7991041441,73.0838769623,4.0,
49.7992017927,73.0996201293,16.0,
49.799251394,72.8318373421,16.0,
49.7992993668,73.0948994869,32.0,
49.7993930876,73.0994505015,4.0,
49.7994376279,72.835755602,1.0,
49.7995807342,72.8304845753,2.0,
49.7996262101,72.8232596944,1.0,
49.7996890048,73.0904744029,4.0,
49.799698468,73.0622430631,1.0,
49.7997244499,73.067078094,2.0,
49.7999990126,72.8282448097,4.0,
49.800010492,73.1061664332,1.0,
49.8001778648,72.8598335722,8.0,
49.8001954163,73.0637820316,16.0,
49.8002068607,73.1308508886,2.0,
49.8002440445,72.8269062135,16.0,
49.8002893275,72.7231694848,1.0,
49.8003980001,73.0396823278,1.0,
49.8004319721,73.0556323086,2.0,
49.8005993211,73.0921760852,2.0,
49.8008667043,73.1255939798,1.0,
49.80088531,73.0482672016,2.0,
49.8010483277,73.100139639,2.0,
49.8011939602,72.8391613776,8.0,
49.8012552422,72.8332755228,8.0,
49.8015231644,73.1112214512,2.0,
49.8015442797,73.0678717701,1.0,
49.8015796939,72.8646734641,2.0,
49.8017168339,72.8635305623,1.0,
49.8017228562,73.0881084803,8.0,
49.801730501,73.0951913585,1.0,
49.8017336054,73.0698084866,2.0,
49.8018074265,72.8368745115,2.0,
49.8018680147,73.1197637539,4.0,
49.8019421443,73.1029763962,8.0,
49.8020126352,72.8411307296,2.0,
49.8021570608,72.8260084889,8.0,
49.802202132,72.8210022504,1.0,
49.802223998,73.1008935097,1.0,
49.8022428636,73.0522676835,2.0,
49.8023765722,73.1271606477,2.0,
49.8024594417,73.0885392315,1.0,
49.8025161792,73.1312523547,4.0,
49.8026073684,73.0592602348,1.0,
49.8026375164,73.0850002161,4.0,
49.8027053081,72.8298424761,32.0,
49.8027460933,73.1043399198,1.0,
49.8029058243,72.8323738249,1.0,
49.8029931565,73.0520229897,1.0,
49.8032203898,72.8327410323,16.0,
49.803436461,73.0658280256,16.0,
49.8037140946,72.8356108827,4.0,
49.8038369039,73.1241870832,1.0,
49.8039323167,72.8607737664,1.0,
49.8040290668,72.8511194034,1.0,
49.8040822749,72.8491440324,8.0,
49.8040858302,73.0940086012,32.0,
49.804112992,73.1326284167,2.0,
49.8044018681,72.844634491,32.0,
49.8044642582,72.8278328109,4.0,
49.8044936749,73.0606985553,4.0,
49.8045544556,73.0660404662,2.0,
49.8045729269,73.0710038912,1.0,
49.8046272006,73.0903482514,2.0,
49.8046523412,73.1027674617,2.0,
49.8046660971,73.1052965163,8.0,
49.8046842397,73.04353324,1.0,
49.8046865427,73.0892463081,32.0,
49.804715721,73.0487315697,1.0,
49.804793317,73.1140815914,2.0,
49.804808146,72.8328022742,2.0,
49.804817964,72.7403805865,1.0,
49.8050464601,73.1004784554,16.0,
49.8050903903,72.9816669462,1.0,
49.8053625576,73.0975690027,8.0,
49.8053699904,72.8423143636,8.0,
49.805599597,73.1294073039,1.0,
49.8056637704,73.0473548065,4.0,
49.8057293113,72.8402991467,1.0,
49.8058394275,73.09891922,1.0,
49.8059884132,73.0857791024,4.0,
49.8060041423,73.1084845435,1.0,
49.8060394342,73.0943374193,2.0,
49.8060504831,73.05796484,8.0,
49.8060915394,73.1259763812,2.0,
49.8063031804,72.8391385382,8.0,
49.8064857718,72.8328836669,16.0,
49.8065811735,73.1367156661,2.0,
49.8067058317,73.0884236298,1.0,
49.8067807704,72.8316513736,1.0,
49.8068100528,72.9348149299,1.0,
49.8068603009,73.1083071531,4.0,
49.8070462937,73.1383854025,4.0,
49.8070832503,73.0555608379,4.0,
49.8071759463,72.8498035872,8.0,
49.8072483324,73.0523405414,4.0,
49.8072566668,73.1108776515,2.0,
49.8072755605,72.8517110262,1.0,
49.807332033,73.13441013,4.0,
49.8074913712,73.0663621839,16.0,
49.8075185296,73.0817415292,1.0,
49.8076266471,73.0919243937,1.0,
49.8077331595,73.0679939071,4.0,
49.807842009,73.1046927038,16.0,
49.8078651667,72.8484410577,16.0,
49.8079890087,72.8923727319,2.0,
49.8080681349,73.0307979375,4.0,
49.8081961951,73.0583009181,2.0,
49.8082165395,73.1321985382,1.0,
49.8082861769,73.0937083824,16.0,
49.8083497934,73.0818095547,4.0,
49.8083961495,73.1032227129,1.0,
49.8087546813,73.0474478125,2.0,
49.8088318456,72.8476636202,1.0,
49.8090484651,72.842091539,2.0,
49.8090736106,73.0691036014,16.0,
49.8091355054,72.8458367878,8.0,
49.8093085233,73.0956671853,1.0,
49.8093347938,73.1133661068,4.0,
49.809336123,73.1068299674,2.0,
49.8094045868,73.1401719837,2.0,
49.8095028102,73.1299640314,8.0,
49.8095253054,73.099027767,2.0,
49.8095765548,73.0849274824,32.0,
49.8096321599,73.1092707858,8.0,
49.8097186761,73.1028374637,4.0,
49.8099225782,73.0888628343,8.0,
49.8100623439,72.8377713166,4.0,
49.810105561,73.1081602208,4.0,
49.8101847742,73.1355585856,2.0,
49.8102569338,73.1091149225,1.0,
49.8103673642,73.0379977813,1.0,
49.8105151227,73.0622480195,2.0,
49.8105545402,72.9910008776,1.0,
49.8108788257,73.0985709763,32.0,
49.8109144479,73.0811064852,16.0,
49.8109278492,73.0525717389,1.0,
49.8110676346,73.065412882,2.0,
49.8111131105,73.0870923942,1.0,
49.8111300495,73.0573196579,8.0,
49.8111341179,73.103312219,2.0,
49.8114975182,72.8410078968,4.0,
49.8115132991,73.1046414447,16.0,
49.8116172771,73.1128033823,8.0,
49.8118938954,73.1044747603,1.0,
49.8119560723,72.8480090045,4.0,
49.8119795003,73.0684930354,8.0,
49.8120337766,73.1391974507,1.0,
49.8120573465,73.1005947699,4.0,
49.812126241,73.0418195512,1.0,
49.8122068065,73.0899691953,4.0,
49.8123570517,73.1159620514,8.0,
49.8124144377,73.0441755048,4.0,
49.8125596686,73.1001919682,2.0,
49.8126464447,72.8459850737,8.0,
49.8127287081,73.1345917524,8.0,
49.8129177843,73.0531270382,2.0,
49.8129177923,72.8378792623,1.0,
49.8129214397,73.0940414668,1.0,
49.8133350411,72.8469922048,1.0,
49.8133666358,73.1090529961,2.0,
49.8134840382,73.0368087747,2.0,
49.8135504038,73.0572846179,2.0,
49.8135757699,73.0956216167,16.0,
49.8137484306,73.1057016203,4.0,
49.8140660683,73.1141079264,1.0,
49.8140959102,73.090083771,2.0,
49.8140959331,73.0825627455,2.0,
49.8142118132,73.1177790954,1.0,
49.814212869,73.0617836783,8.0,
49.8142337612,73.0978714248,4.0,
49.8142950044,72.8505933818,2.0,
49.8143871157,73.0776316657,16.0,
49.8144481271,73.0869326674,16.0,
49.8149691903,73.0976537548,1.0,
49.815192637,73.0845562335,1.0,
49.8153805381,73.0724498546,8.0,
49.8153853822,73.0995934802,16.0,
49.8154423155,73.11675529,2.0,
49.8156698314,73.1329121537,2.0,
49.815874372,73.0919392292,16.0,
49.8158930921,73.045735677,2.0,
49.8159712747,73.07007511,1.0,
49.8166283031,73.0560168741,1.0,
49.8167450317,73.1218148074,1.0,
49.8167759636,73.0788137618,8.0,
49.8169331864,73.0826605238,16.0,
49.8169361416,73.0494746672,1.0,
49.8171523295,73.0756093631,1.0,
49.8171573617,73.0634414806,2.0,
49.8171977846,73.1259875116,4.0,
49.8172270998,73.0883007279,4.0,
49.8174419491,73.0963176922,2.0,
49.817651049,73.0772505439,4.0,
49.8176620181,73.121671307,2.0,
49.8176852367,73.0666008754,1.0,
49.8177394054,73.1183298709,4.0,
49.8177805206,73.0504047585,4.0,
49.8178449179,73.0807678159,4.0,
49.8180156249,73.1017830198,4.0,
49.818055548,73.09958543,2.0,
49.818083661,73.1092981044,8.0,
49.8183782374,73.0583484932,2.0,
49.8184961064,73.0466997704,1.0,
49.8188783633,73.0871216948,2.0,
49.8191774541,73.0936319909,2.0,
49.819222754,73.0956255377,4.0,
49.8195664408,73.0673388025,4.0,
49.8196997242,73.0764076489,2.0,
49.8197612365,73.1280308756,4.0,
49.8198012595,73.0977017804,8.0,
49.819834711,73.1136630859,1.0,
49.8201685625,73.0538618305,1.0,
49.8201968516,73.1198705889,1.0,
49.8202391579,73.1066979269,4.0,
49.8202517687,73.091795216,1.0,
49.8205397088,73.0628633318,2.0,
49.8205543273,73.080193418,1.0,
49.8211741916,73.1238688937,4.0,
49.8214264181,73.1112812924,4.0,
49.8216677542,73.1188517761,2.0,
49.8217358752,73.0838517719,1.0,
49.8217375297,73.1134563018,2.0,
49.8217612197,73.0997367344,4.0,
49.8221609567,73.1033035289,8.0,
49.8222242507,73.104725248,1.0,
49.8223443492,72.8087598024,4.0,
49.822410907,73.0764249866,1.0,
49.8224817715,73.0873420956,2.0,
49.8231640988,73.1018661485,2.0,
49.8236742212,73.1293207394,1.0,
49.8239857903,72.8978930437,1.0,
49.8244624946,73.0858077497,4.0,
49.824529555,73.1095933233,8.0,
49.8247427543,72.797585489,2.0,
49.8247571526,73.0691252783,8.0,
49.825253698,72.8882869692,1.0,
49.8253476283,73.0975903977,2.0,
49.8257014351,73.1066571376,2.0,
49.8257332115,73.1011431141,1.0,
49.8263239928,73.1121365041,1.0,
49.8265829592,72.7973055488,1.0,
49.8274777199,72.8163334823,1.0,
49.8276372525,73.1114060591,2.0,
49.8282492254,73.0922176804,4.0,
49.8284779879,73.1089319148,4.0,
49.830220018,73.1057118601,2.0,
49.830508382,72.8005204512,1.0,
49.8305334978,73.1073944368,1.0,
49.8315966559,72.795598244,1.0,
49.8320018809,72.8208839205,2.0,
49.8326016882,73.1842925718,2.0,
49.8341220255,73.1795240245,2.0,
49.8345612883,73.1831886485,16.0,
49.8350055455,73.2085577968,2.0,
49.8359859538,73.2151597707,2.0,
49.8366278122,72.8179866986,1.0,
49.8372218031,73.2098882909,1.0,
49.8387406708,72.8095695288,1.0,
49.8392590589,73.2130946715,1.0,
49.839477379,73.2125311808,2.0,
49.8402710884,73.189616654,2.0,
49.8403041415,73.1882680927,1.0,
49.8406574242,73.1907256134,32.0,
49.841252328,73.1654896179,1.0,
49.8420085422,72.8296945684,1.0,
49.8423946978,72.9088502508,1.0,
49.8427173481,73.1934359835,1.0,
49.8427175852,73.2083107461,1.0,
49.8434443523,73.1942537951,4.0,
49.8444488761,73.1087979871,1.0,
49.8454873877,73.1838495027,2.0,
49.8455531828,73.180470708,1.0,
49.8456245051,72.9937924593,1.0,
49.8461376863,73.1761937529,2.0,
49.8464955145,73.1022159275,2.0,
49.8467974267,72.999524243,1.0,
49.8469873464,73.1058547416,2.0,
49.8471687694,73.1908094781,2.0,
49.847417455,73.1099615164,4.0,
49.8476370196,73.1805938405,16.0,
49.8476916027,73.190866738,8.0,
49.847761775,73.2002445434,2.0,
49.8479476396,73.2003033164,1.0,
49.8479847243,73.1953341983,1.0,
49.8484572837,73.1049392651,4.0,
49.8485983292,73.1074943438,1.0,
49.848605876,73.0600427621,2.0,
49.8490090951,73.1796543779,1.0,
49.8493515219,73.195985479,2.0,
49.8494217013,73.1792739163,8.0,
49.8496533021,73.19103253,1.0,
49.8497008563,73.1851602435,2.0,
49.8511052058,73.1910273125,8.0,
49.8512399115,72.9928070196,1.0,
49.8516861009,73.1819328381,16.0,
49.8519692651,73.1875913538,8.0,
49.8525205321,73.1989662845,8.0,
49.8525888615,73.0532520934,2.0,
49.8526019969,73.1963799005,2.0,
49.8528406498,73.1853740739,4.0,
49.8533685593,73.1889008987,4.0,
49.8534142132,73.1907957739,2.0,
49.8535375593,73.0238488196,1.0,
49.8543154166,73.0172599231,2.0,
49.8545942429,73.1828347476,8.0,
49.8546088761,72.5752561627,1.0,
49.8547211067,73.0092026785,2.0,
49.8557780962,73.1936974882,4.0,
49.8558052454,72.9933576842,4.0,
49.8561535513,72.994955823,1.0,
49.8565886893,73.1991373307,1.0,
49.856772149,73.1973890733,8.0,
49.8569178399,73.1802280116,1.0,
49.8569441098,73.1924367619,1.0,
49.8570252444,73.022895469,1.0,
49.857123141,72.9981528937,2.0,
49.8572363512,73.1900825971,16.0,
49.8573585848,73.1853093556,8.0,
49.8574106281,73.0281316406,1.0,
49.8579163006,73.1369159636,1.0,
49.8580749306,73.0082985327,2.0,
49.8586067898,73.0398928847,2.0,
49.8587312872,73.1971215141,2.0,
49.8587468897,73.1930790634,2.0,
49.8589120509,73.1949290743,1.0,
49.8594086334,73.1902719637,1.0,
49.8596742176,73.1997152599,8.0,
49.8600670633,73.1878801516,16.0,
49.8602486421,73.1953870366,4.0,
49.8604410411,73.0225133021,2.0,
49.8604673985,73.0383463312,4.0,
49.8605242983,73.0168300363,1.0,
49.86121664,73.0124377637,1.0,
49.8617844322,73.0260204743,4.0,
49.8622047799,73.0169394947,2.0,
49.8626732588,73.1086184033,1.0,
49.8631101053,73.0116424879,2.0,
49.8631178226,73.0075989633,4.0,
49.8634872667,73.0221758917,1.0,
49.8637419412,73.1863590162,8.0,
49.8638263789,73.200361968,2.0,
49.863889392,73.196910764,4.0,
49.8642287377,73.0288933991,4.0,
49.8643810207,73.02709503,1.0,
49.8645174065,73.0149287527,8.0,
49.8647229276,73.0169793988,1.0,
49.8648282296,73.032025749,4.0,
49.8648427612,73.0189740446,2.0,
49.8648765721,73.0091276598,8.0,
49.8654811119,73.193141777,16.0,
49.8659089674,73.0105378314,1.0,
49.8662153847,73.2020285918,1.0,
49.866793603,73.1978406728,8.0,
49.8673793513,73.1875188706,2.0,
49.8674096821,73.0359388178,2.0,
49.8676296947,73.0404331605,2.0,
49.8676547859,73.1917896025,1.0,
49.8678309075,73.2022131549,2.0,
49.8684847396,73.1878987878,16.0,
49.8685375085,73.1940315542,16.0,
49.8693539345,73.1894792474,8.0,
49.8695567851,73.1983103694,16.0,
49.8697368376,73.1942625205,8.0,
49.8703966301,73.0375536009,2.0,
49.8708835093,73.1220147526,1.0,
49.872178186,73.1971466786,4.0,
49.8725084094,73.1920913953,16.0,
49.8731159573,73.1265351256,1.0,
49.8741877491,73.1952006009,16.0,
49.8746490929,73.2002828675,8.0,
49.874820935,73.1912540701,4.0,
49.8754673282,73.1934729677,2.0,
49.8760616893,73.2004857837,1.0,
49.8772102832,73.2030065608,2.0,
49.8772797775,73.1703443027,1.0,
49.8783505402,73.1944647194,8.0,
49.8786395075,73.2012365605,16.0,
49.8791399268,73.0517871188,1.0,
49.8792242459,73.1965984363,2.0,
49.8797535789,73.1853041407,8.0,
49.8804777005,73.2065399771,2.0,
49.8806236649,73.190271785,16.0,
49.8807707152,73.1995160941,2.0,
49.8809449154,73.1983061235,16.0,
49.8810108506,73.1939568994,4.0,
49.8811168158,73.2036674011,4.0,
49.8814056752,73.2033011079,1.0,
49.8814708649,73.059426948,1.0,
49.8819597465,73.1946150853,8.0,
49.8820723682,73.064134049,1.0,
49.8823702058,73.1874791544,1.0,
49.8827124554,73.1924897975,1.0,
49.8827580983,73.1820492809,1.0,
49.8828059264,73.202543418,16.0,
49.8834654597,73.0601530211,2.0,
49.8835297351,73.1951675338,2.0,
49.8837715424,73.1853350161,2.0,
49.8842214631,73.1996408378,16.0,
49.8844219567,73.1911727153,4.0,
49.8847943976,73.1971617197,1.0,
49.8849081263,73.1832748044,8.0,
49.8849962906,73.202278603,2.0,
49.8850447421,73.2046939028,8.0,
49.8850486752,73.187847841,8.0,
49.8851307747,73.0695634396,4.0,
49.8852575677,73.0909593617,1.0,
49.8854320412,73.1859948497,1.0,
49.8857975219,73.1978789025,4.0,
49.8859668672,73.2105540139,16.0,
49.8860015966,73.2128407002,8.0,
49.8860799563,73.1826016392,1.0,
49.8863884009,73.1934912559,16.0,
49.8866356367,73.2167943797,1.0,
49.8867309999,73.2130591892,1.0,
49.8867395859,73.2074185717,1.0,
49.8867921122,73.1943803614,1.0,
49.8871360607,73.1902732359,16.0,
49.8873292327,73.0818820697,1.0,
49.8874455148,73.187478128,2.0,
49.8875494056,73.2094110297,2.0,
49.8877785974,73.1771448973,2.0,
49.8878187459,73.2102450937,8.0,
49.8882625716,73.2068372164,4.0,
49.8883100467,73.2019197106,16.0,
49.8883880936,73.1656361928,4.0,
49.8883948689,73.1981175669,16.0,
49.8887254856,73.1977107529,1.0,
49.8889807516,73.1944358443,8.0,
49.8891116615,73.1805302364,1.0,
49.8892950687,73.210444374,4.0,
49.8894607815,73.2150710434,16.0,
49.8895922822,73.2050334096,2.0,
49.8896086357,73.1847360187,1.0,
49.8897759328,73.192321892,2.0,
49.8897997683,73.2143949294,2.0,
49.890196952,73.2142635396,1.0,
49.890216922,73.1953961454,4.0,
49.8902852913,73.1918437657,1.0,
49.8906122634,73.1904810782,16.0,
49.8908063876,73.1850785209,4.0,
49.8911128329,73.2114103532,16.0,
49.8912783734,73.2106281885,2.0,
49.8918047364,73.1885126464,4.0,
49.8927337231,73.2046035767,16.0,
49.8929705355,73.2158507949,16.0,
49.893352648,73.1683576384,2.0,
49.8933880595,73.2090143626,16.0,
49.8934844691,73.1720041123,4.0,
49.8939268207,73.1867309187,1.0,
49.8940213923,73.1900647674,16.0,
49.8940296312,73.0803596187,2.0,
49.8940509755,73.2067371168,4.0,
49.8944624285,73.2120901569,16.0,
49.8949651093,73.2038255949,2.0,
49.8950614259,73.1864135497,2.0,
49.8950873023,73.2071653483,8.0,
49.8951442731,73.0830860553,16.0,
49.8956820003,73.2014060599,32.0,
49.8957579475,73.2124339316,2.0,
49.8958533405,73.0768101494,4.0,
49.8959423304,73.196328453,4.0,
49.8960943842,73.2038759218,4.0,
49.8962263557,73.0720074295,1.0,
49.8971437594,73.2153425264,2.0,
49.8972224176,73.075381798,8.0,
49.8977221412,73.0893489336,16.0,
49.8978589698,73.2087307906,16.0,
49.8981710241,73.1976700751,16.0,
49.8981860928,73.0716645609,4.0,
49.8983242886,73.2036541208,8.0,
49.8986917212,73.0820264911,1.0,
49.8988152365,73.0867717291,4.0,
49.8988801768,73.1051006044,1.0,
49.8989391383,73.2070931957,4.0,
49.8989761564,73.2118753804,16.0,
49.8990025085,73.2007304243,4.0,
49.8991462301,73.0934912277,1.0,
49.8992267694,73.21428671,8.0,
49.8995358736,73.0916186665,2.0,
49.8997324039,73.0866298505,1.0,
49.8997609029,73.0783062188,4.0,
49.8999539376,73.1953619084,8.0,
49.8999710409,73.2138268946,1.0,
49.8999994082,73.0739618852,16.0,
49.9000680265,73.0857385901,8.0,
49.9001714401,73.2114385624,4.0,
49.9002526611,73.0768551123,1.0,
49.9006437743,73.08270391,4.0,
49.9007328759,73.0523656842,1.0,
49.9009787827,73.089221179,16.0,
49.9011672722,73.0729380452,1.0,
49.9011784705,73.0916328392,8.0,
49.9012981182,73.1026937829,1.0,
49.9014642625,73.0802069398,8.0,
49.901743579,73.1958882646,4.0,
49.9019972204,73.0516066913,8.0,
49.9022249152,73.0787698291,2.0,
49.9025071342,73.0541581609,16.0,
49.9028556601,73.0586312466,2.0,
49.9030962876,73.0766979366,4.0,
49.9031960273,73.0832715713,2.0,
49.9033604817,73.0877345131,1.0,
49.9034404287,73.0604152668,1.0,
49.9035028716,73.0558276692,4.0,
49.9035753056,73.0832155643,16.0,
49.9040249471,73.093749737,1.0,
49.9040287551,73.1000440152,1.0,
49.9040536566,73.076431716,1.0,
49.9041155385,73.1049590104,2.0,
49.9045118054,73.0532795234,2.0,
49.9045646763,73.0649273136,1.0,
49.9048097393,73.0797153804,1.0,
49.9050299114,73.0956933302,2.0,
49.9054846618,73.0919453666,4.0,
49.9059204366,73.0583952125,1.0,
49.9060395715,73.0806042264,4.0,
49.906225523,73.1105542882,1.0,
49.9063782975,73.0725863162,1.0,
49.9074768558,73.0758966685,8.0,
49.9075234796,73.0526112215,8.0,
49.9076250137,73.0487152901,1.0,
49.9080868868,73.0526881799,1.0,
49.9085031354,73.0797740824,8.0,
49.9086544744,73.0909509441,2.0,
49.908973548,73.1147996746,1.0,
49.909238345,73.0853418522,2.0,
49.90931399,73.1131918831,2.0,
49.9108190003,73.0800721988,2.0,
49.9117726028,73.0687022811,1.0,
49.9122514669,73.0834376374,2.0,
49.9122668527,73.08425738,8.0,
49.9135490354,73.1086104094,1.0,
49.9138286403,73.1002638736,2.0,
49.9138542959,73.0608204048,1.0,
49.9144028413,73.0771692764,2.0,
49.9154391234,73.0693547219,1.0,
49.9160553984,73.0809498904,2.0,
49.9161310827,73.0818834996,4.0,
49.916686603,73.0712800217,2.0,
49.9172892232,73.057869484,1.0,
49.9175981582,73.1003565607,2.0,
49.9182948193,73.0729783768,4.0,
49.9194701199,73.0761685127,2.0,
49.9196903573,73.100683256,1.0,
49.9205597154,73.0679437536,1.0,
49.9210276668,73.0721237536,2.0,
49.9221835708,73.0942070351,1.0,
49.9231648615,73.0893433784,1.0,
49.9377461508,73.1448535513,1.0,
49.9387495749,73.1529688841,1.0,
49.9502495407,73.2000733781,1.0,
49.951941238,73.1902115571,2.0,
49.9531831694,73.199347579,4.0,
49.9538107642,73.2185839981,2.0,
49.9548606918,73.1972043348,1.0,
49.9567657305,73.194538704,1.0,
49.9568613933,73.2012282689,1.0,
49.9572263774,73.2047347104,2.0,
49.9595027828,73.1995198484,4.0,
49.9601912623,73.2188478104,2.0,
49.9605861997,73.2026302597,8.0,
49.9611801873,73.1963142019,4.0,
49.9612334485,73.2219957591,2.0,
49.963100869,73.1993653497,2.0,
49.9642200056,73.2212452975,1.0,
49.9658403466,73.2035940006,1.0,
49.9659273381,73.2127858598,2.0,
49.9662470729,73.2242960537,1.0,
49.9664996705,73.1986137778,1.0,
49.9667215356,73.210934127,1.0,
49.9671005395,73.2275512748,4.0,
49.9675988376,73.2081388018,2.0,
49.967731153,73.2065809465,4.0,
49.9681424162,73.2045525637,2.0,
49.9689300238,73.2152142891,2.0,
49.970518261,73.2226196141,1.0,
49.9717308899,73.2147700173,8.0,
49.9720008284,73.2185413437,8.0,
49.9720761318,73.2095987525,1.0,
49.9726004439,73.214509649,2.0,
49.9729363802,73.2205934238,4.0,
49.9731374732,73.2319745315,2.0,
49.9732135531,73.2112531963,2.0,
49.9739627899,73.2167373955,16.0,
49.9751396116,73.2141967413,8.0,
49.9755119523,73.2186263262,1.0,
49.9762658971,73.2234944846,2.0,
49.9777199637,73.219449436,8.0,
49.9786874313,73.218044861,4.0,
49.9794422119,73.2212336178,1.0,
49.9800334141,73.2247728463,2.0,
49.9801329935,73.2146285817,4.0,
49.9823064715,73.2284687733,2.0,
50.0311503319,72.972322286,1.0,
50.0337798182,72.9950298029,1.0,
50.0344401787,72.9545318956,1.0,
50.0350220582,72.9722440703,4.0,
50.0364439257,72.979280127,8.0,
50.0370765789,72.9763533908,2.0,
50.0372939386,72.9705555049,2.0,
50.0380960834,72.9848513731,4.0,
50.0391231578,72.9696759415,8.0,
50.0392152196,72.9707372117,4.0,
50.0397296788,72.9675302804,4.0,
50.0410072853,72.9690433331,2.0,
50.0410999411,72.9750027151,2.0,
50.0417913548,72.9834287819,1.0,
50.0418244254,72.9899212635,2.0,
50.0420866396,73.0134641807,1.0,
50.0422146039,72.9637220946,16.0,
50.0426937441,72.9909365254,1.0,
50.0429481825,72.9384624287,4.0,
50.0431135243,72.9774187169,1.0,
50.0431353904,72.9746505937,8.0,
50.0432974985,72.9713003016,8.0,
50.0433435528,72.9157104397,1.0,
50.0435980907,72.9365643185,32.0,
50.0436484691,72.9945646986,1.0,
50.0437076891,72.9334528794,4.0,
50.0437368945,72.9208421971,1.0,
50.0438097943,72.9424294609,8.0,
50.0438715719,72.9902763526,8.0,
50.0439656353,72.9247170996,1.0,
50.0440385901,72.9642078399,4.0,
50.0441009456,72.9413985448,16.0,
50.0444872773,72.9398877107,1.0,
50.0447455018,72.9718111838,1.0,
50.0448378548,72.9671940002,64.0,
50.044858102,72.9819015284,2.0,
50.0452303947,72.972199671,32.0,
50.0455796856,72.950697845,2.0,
50.0456539249,72.9855036819,16.0,
50.0459027145,72.9407480326,4.0,
50.045995021,72.9540854202,2.0,
50.0461053233,72.9612624493,1.0,
50.0462056847,72.9586875284,8.0,
50.0462158779,72.9631770831,16.0,
50.0463630475,72.967602853,4.0,
50.0464176641,72.988316191,8.0,
50.0467574278,72.9607756367,32.0,
50.0471287194,72.9311758875,8.0,
50.0472080224,72.9752241351,16.0,
50.0472657795,72.9438255639,32.0,
50.0472967561,72.9579931804,2.0,
50.0475016173,72.9907664282,16.0,
50.0477650898,72.8985206964,1.0,
50.0477967428,72.9074659503,1.0,
50.0478145672,72.9347287285,2.0,
50.0479521566,72.9640075922,32.0,
50.0480214259,72.9652211143,1.0,
50.0487603788,72.9623599042,8.0,
50.048878234,72.9650140946,16.0,
50.0489690659,72.9477757417,16.0,
50.0489710027,72.9946857834,1.0,
50.0492626391,72.9729779338,64.0,
50.0493696177,72.9372623976,8.0,
50.0497292589,72.9604944216,64.0,
50.0497946836,72.9300699832,1.0,
50.0499084045,72.9514659935,2.0,
50.0499271793,72.9560666342,32.0,
50.0499574717,72.983672576,2.0,
50.0500480752,72.9781455884,32.0,
50.0501753934,72.9531517074,16.0,
50.0503412472,72.9804903772,2.0,
50.0506626712,72.9670128628,128.0,
50.0506725193,72.9762138435,2.0,
50.0508146224,72.9585275118,2.0,
50.0508379288,72.9587669865,8.0,
50.0509144013,72.9381686417,2.0,
50.0509467663,72.9679499018,2.0,
50.0510129634,72.944751901,32.0,
50.0510687771,72.9858190183,16.0,
50.0512289584,72.9732146584,16.0,
50.0512531317,72.9921569598,32.0,
50.0512695701,72.9377785313,1.0,
50.0514493887,72.963187816,4.0,
50.0518914232,72.9226255476,2.0,
50.0518957463,72.9297352765,4.0,
50.0519567217,73.0048978137,1.0,
50.0520251993,72.9694740134,16.0,
50.0520675046,72.9211446766,1.0,
50.0522892675,72.9591900885,32.0,
50.0525658854,72.9258248508,4.0,
50.052715879,72.9480285842,2.0,
50.0527603325,72.9560256657,4.0,
50.0528081936,72.9303012393,2.0,
50.0529053232,72.9776161851,8.0,
50.0530575679,72.9626971363,64.0,
50.0531533297,72.955517518,32.0,
50.05322295,72.9555868802,8.0,
50.0534313455,72.984828814,8.0,
50.0534621081,72.974963065,64.0,
50.053570784,72.9660392811,8.0,
50.053628385,73.0104175303,1.0,
50.0536387763,72.9693461427,1.0,
50.0536537728,72.9495884423,64.0,
50.0536630836,72.9948243788,1.0,
50.0536658877,72.9886114197,64.0,
50.0537114455,72.9385359061,8.0,
50.0538421049,72.9597202674,1.0,
50.0542415215,72.9175209478,1.0,
50.0542433564,72.9200610273,4.0,
50.0543049014,72.9648033868,4.0,
50.0543944593,72.9763052804,2.0,
50.0544097904,72.9724914844,16.0,
50.0544348253,72.9349215487,1.0,
50.054471444,72.9695451706,32.0,
50.0547003697,72.953186102,64.0,
50.0549104851,72.9431639085,1.0,
50.054983312,72.9956783474,4.0,
50.0551390824,72.9748610783,4.0,
50.0552430428,72.9891839375,2.0,
50.055298434,72.9933069053,16.0,
50.0556761564,72.9263593856,16.0,
50.055873162,72.9634435676,16.0,
50.0559517622,72.931350497,8.0,
50.0559702527,72.9217427307,2.0,
50.0559812821,72.9932212966,2.0,
50.0562244537,72.9492987134,4.0,
50.0564107965,72.9652873956,128.0,
50.0564248756,72.9302350597,2.0,
50.0564719951,72.9630675954,2.0,
50.0564733518,72.9882783202,16.0,
50.0565867146,72.9976565335,32.0,
50.0566112844,72.9414377699,2.0,
50.0566171716,72.9171137254,2.0,
50.0566748113,72.9570020233,8.0,
50.0567717026,72.940689259,8.0,
50.0568055946,72.9505955702,8.0,
50.0570247751,72.9348961132,4.0,
50.0570742546,72.9454934099,32.0,
50.0572155377,72.9994383865,2.0,
50.0572337378,72.9918456713,4.0,
50.0572685299,72.9462251572,16.0,
50.0573191968,72.9622252087,8.0,
50.0573200332,72.9351439033,2.0,
50.0573701132,72.883242035,2.0,
50.0575682512,72.9919486309,1.0,
50.0575824375,72.9778960091,16.0,
50.0577210883,72.9430993733,16.0,
50.0577227972,72.9953407769,16.0,
50.0578294712,73.0021799191,4.0,
50.0578299941,72.9509939586,32.0,
50.0579998323,72.9874492285,4.0,
50.0580292396,73.000620745,32.0,
50.0581100407,72.9958091686,2.0,
50.0581218156,72.920457611,8.0,
50.0583379452,72.9709639439,16.0,
50.0583542184,72.9590562148,1.0,
50.0584023074,73.001706713,16.0,
50.0584644043,72.9998498551,8.0,
50.0584950089,72.9760392939,64.0,
50.0585538956,72.9232988442,4.0,
50.0585692495,72.94976752,16.0,
50.0585962573,72.987701398,1.0,
50.0586958285,72.9730662498,32.0,
50.0587300598,72.9275661806,4.0,
50.0587641423,72.960370597,2.0,
50.0589078895,72.937853374,8.0,
50.0589153848,72.9792022717,1.0,
50.0590041003,72.9161064167,1.0,
50.0590729407,72.9973707824,1.0,
50.05912705,72.9906565356,16.0,
50.0591399641,72.9682880131,128.0,
50.0591950591,72.9325057452,16.0,
50.0593283283,72.943561512,2.0,
50.0593411598,72.9636132103,64.0,
50.059433928,72.9568303649,4.0,
50.0594370298,72.9236907092,8.0,
50.0596487287,72.9297580689,1.0,
50.0596593757,72.9844974583,16.0,
50.0596942673,72.9403420129,1.0,
50.0599354268,72.9638774776,2.0,
50.060074677,72.9978012323,64.0,
50.0601760412,72.9555182901,1.0,
50.060293297,72.96630403,1.0,
50.0603990305,72.9789641163,8.0,
50.0604223444,72.9588784775,64.0,
50.0604852352,72.9918934905,8.0,
50.0604898126,72.9240544984,1.0,
50.0605275447,72.962711242,16.0,
50.0606617836,72.9735395664,4.0,
50.0607153846,72.988235524,64.0,
50.0607604729,72.9478168313,64.0,
50.060993986,72.9549636097,32.0,
50.0613708163,72.9950531339,8.0,
50.0614139578,72.934402538,4.0,
50.0614765746,72.952111916,8.0,
50.0615042824,72.9417586982,4.0,
50.0616853116,72.9767767248,128.0,
50.0617097016,72.9473189147,16.0,
50.0619048799,72.9521859278,64.0,
50.0622526504,72.9267982835,4.0,
50.062265703,72.9869647632,2.0,
50.0623758042,72.9382836921,4.0,
50.0624190371,72.9917608547,32.0,
50.0624212782,72.9989022,8.0,
50.062436877,72.972547253,1.0,
50.0625583234,72.9660455541,8.0,
50.0626061434,72.9583517051,16.0,
50.0626817264,72.9438735405,8.0,
50.0627011083,72.9691026919,4.0,
50.0629608251,73.0153062583,1.0,
50.0630920742,72.9486351469,8.0,
50.0631251874,72.9929570824,2.0,
50.0631672579,72.9398162509,1.0,
50.0632363141,73.0023998603,2.0,
50.0632571546,72.9663924306,128.0,
50.0633291132,72.978841466,64.0,
50.0633355485,72.9849491179,64.0,
50.0633768239,72.9821395039,16.0,
50.0633870476,72.942084676,2.0,
50.0634212319,72.9899261181,8.0,
50.0634959264,72.9503159804,4.0,
50.0638925144,72.9940856899,128.0,
50.0638953132,72.9978892445,16.0,
50.0639210879,72.9538069817,16.0,
50.0639623416,73.0076881286,1.0,
50.0639717451,72.9763626268,8.0,
50.0640226063,72.9823825794,4.0,
50.0640581114,72.9895792259,64.0,
50.0641771339,72.9649509316,4.0,
50.0642017911,72.9726116201,64.0,
50.0644378752,72.9399199154,16.0,
50.0646489793,72.9277071001,1.0,
50.0647509561,72.9347970391,16.0,
50.0647735556,72.9403394113,4.0,
50.064847486,72.9623500257,16.0,
50.0648734583,72.9536547194,1.0,
50.0650367222,72.949922025,1.0,
50.0653594552,72.9701301357,32.0,
50.0653671909,72.9831196139,2.0,
50.0654897645,72.9863587808,1.0,
50.0655429742,72.9368940097,1.0,
50.0658764773,73.0022494588,16.0,
50.0659980293,73.0091859797,2.0,
50.0660131154,72.9726893314,2.0,
50.0660370752,72.9728055317,4.0,
50.0660748675,72.9974538938,4.0,
50.066152509,72.9566465746,2.0,
50.0666741564,72.9310039297,4.0,
50.0667818077,72.9605809949,8.0,
50.0668417922,72.9176821039,1.0,
50.0673592377,72.9696414784,1.0,
50.0673834234,72.9901933485,32.0,
50.0673863993,73.001557565,1.0,
50.0674170443,72.9927059728,16.0,
50.0678169307,72.9646818326,2.0,
50.0679580393,72.928830472,1.0,
50.0680214754,72.9948896066,32.0,
50.0683268614,72.9802258898,16.0,
50.0685874635,72.9829830954,8.0,
50.0686310436,72.9873744529,1.0,
50.0686647588,72.9619909426,1.0,
50.0689130502,72.9863039784,4.0,
50.0690779028,72.9353385715,1.0,
50.0724287744,72.9312513994,1.0,
50.0790935808,72.8889141378,1.0,
50.0799504275,72.8907960129,8.0,
50.0807497928,72.9078524046,1.0,
50.0829136467,72.8992356208,2.0,
50.0832241277,72.8942548246,1.0,
50.0833498049,72.8517140516,1.0,
50.0834906964,72.9256971051,2.0,
50.0837268772,72.9093907232,2.0,
50.0840264354,72.89072617,1.0,
50.084517956,72.9023179362,8.0,
50.084901843,72.8271296148,1.0,
50.0852416527,72.9112970693,1.0,
50.085299928,72.9034288824,1.0,
50.0858665559,72.9049649218,32.0,
50.0859455687,72.9002860305,4.0,
50.0860126512,72.8932050571,4.0,
50.0872562869,72.9001058885,1.0,
50.087276208,72.8964365899,4.0,
50.0872929747,72.9083667006,2.0,
50.0873313219,72.9152292267,1.0,
50.0876612395,72.9193116851,1.0,
50.0878223062,72.9161433292,2.0,
50.0879931524,72.8966556281,1.0,
50.0882748935,72.9015373255,16.0,
50.0887918888,72.8982553338,8.0,
50.0889577636,72.9084822774,16.0,
50.0890188039,72.908150656,1.0,
50.0894591365,72.9036273741,1.0,
50.0902316335,72.90514043,16.0,
50.091020384,72.9076283959,2.0,
50.092011732,72.9067503019,4.0,
50.0928016537,72.9056336031,1.0,
50.0933815555,72.9028415974,2.0,
50.0941439267,72.9095891601,1.0,
50.0963563773,72.9109513843,2.0,
50.0968642884,72.9032228591,2.0,
50.0968884167,72.9054785215,8.0,
50.0969297074,72.9032841312,1.0,
50.0976058577,72.9144522184,2.0,
50.0991519963,72.9671664658,1.0,
50.1006537074,72.8976980783,1.0,
50.1013281352,72.9171970184,1.0,
50.1015204802,72.9027586285,2.0,
50.1028869582,72.9009868806,8.0,
50.1029555026,72.8977452467,2.0,
50.1033691893,72.8929980795,4.0,
50.1049164796,72.9031087653,1.0,
50.1052985567,72.8899335705,8.0,
50.1058955577,72.8889677472,2.0,
50.1070999756,72.8977795726,8.0,
50.1080307058,72.9105533946,2.0,
50.1080509161,72.9063508773,2.0,
50.1081594295,72.9089374844,4.0,
50.1085464577,72.8917500089,1.0,
50.1092414298,72.9032614405,8.0,
50.1299549973,72.8790298107,1.0,
50.1396372821,72.8964455612,1.0,
50.1434022118,72.9046203625,1.0,
50.2570008019,71.5357074997,2.0,
50.2588415223,71.5317373073,1.0,
50.2637866636,71.5454067292,1.0,
50.2705583414,71.5530329894,1.0,
50.5503820498,72.5735679906,1.0,
50.5509085785,72.5608004326,1.0,
50.5536703983,72.5684366292,1.0,
50.554685392,72.5743324312,2.0,
50.5553621712,72.5651939381,2.0,
50.5580014093,72.5893692028,1.0,
50.5590856866,72.5725604065,1.0,
50.5607005711,72.5538406453,1.0,
50.5628265446,72.5785338849,2.0,
50.5637482573,72.5710607271,1.0,
50.5640232307,72.5904345773,1.0,
50.5660901931,72.550438171,2.0,
50.5696757786,72.5911897503,1.0,
50.5723826415,72.566108166,1.0,
49.8981756846,73.202737438,4.0,
47.8914576475,67.5436239773,16.0,
50.0476945963,72.9453366788,8.0,
46.8634357005,74.9365758825,4.0,
49.7681154512,73.1567217912,4.0,
50.0614537845,73.0021688707,128.0,
49.7155343579,72.5880394499,8.0,
49.801385287,72.8453904947,4.0,
47.910729963,67.5345599336,16.0,
47.7916778645,67.7167670373,8.0,
50.0645759293,72.9955853483,8.0,
49.8965126199,73.2090877302,8.0,
50.0571378111,72.9546934259,32.0,
49.8980622261,73.0807900682,16.0,
46.8477310932,74.9535069542,4.0,
50.0611018702,72.983195652,4.0,
49.8792519626,73.1860502991,8.0,
50.0581426461,73.0022304669,4.0,
49.7966349785,72.8248094384,16.0,
50.050767571,72.9899407276,4.0,
47.9039879778,67.5349384534,32.0,
49.859475792,73.0014891236,16.0,
47.9077280276,67.511601332,16.0,
49.6290044469,72.861083044,16.0,
50.0389885305,72.9817924425,4.0,
46.8520787612,74.9966454986,4.0,
46.8415035136,74.9779942538,32.0,
49.7026311785,72.5788294522,16.0,
50.052618692,72.972266411,4.0,
46.8378469576,74.9760933462,4.0,
47.9078167881,67.5224248152,64.0,
49.6365222028,72.8718950008,8.0,
50.0611197535,72.9738697027,32.0,
49.7049454966,72.5903609031,8.0,
50.1091996515,72.9004617646,8.0,
50.1061637092,72.904479845,4.0,
49.796162586,72.8765223825,2.0,
49.848590357,73.1852526102,8.0,
49.8963788184,73.1919726899,32.0,
49.7100686024,72.587417748,2.0,
49.8066256302,72.8350204367,16.0,
47.7943278725,67.7013721661,32.0,
49.9096208916,73.0767771487,2.0,
50.0497973891,72.9528577057,16.0,
50.1080620291,72.8936833546,8.0,
50.0515705933,72.9679612744,8.0,
49.9139711514,73.0868483319,2.0,
49.8979507168,73.070941269,4.0,
50.0587829021,72.9802352579,64.0,
49.9153429838,73.0859058688,16.0,
49.7886657385,73.1011695778,4.0,
50.0557029949,72.9946385081,16.0,
49.7632615086,73.0660184749,2.0,
47.792531047,67.6824784713,4.0,
49.7101859778,72.6058528367,16.0,
50.0526524056,72.9337846652,16.0,
49.9046822012,73.0886264328,8.0,
50.0649701006,72.9590468306,64.0,
50.0541415812,72.9589820443,32.0,
49.9011507785,73.1918994468,16.0,
46.8510152146,74.9765070294,32.0,
50.0608142119,72.929566892,16.0,
49.7619858448,73.0560145875,4.0,
50.0513929247,72.9914833153,8.0,
49.9129761403,73.0798416602,16.0,
49.8001411215,72.8492536086,4.0,
49.8122676659,73.0491016558,4.0,
49.708615015,72.5851352944,32.0,
49.8137541225,72.8350428165,8.0,
49.8953187056,73.2162678582,16.0,
49.847600379,73.1962101953,8.0,
49.782405821,73.1010922491,4.0,
49.9119272931,73.0568595436,2.0,
49.8648007353,73.1896121017,4.0,
47.7799301616,67.6972975658,2.0,
46.8306844219,74.9964407206,4.0,
47.805242867,67.7111797324,64.0,
47.998729514,70.7878250775,4.0,
49.8598412848,73.0057018685,2.0,
48.0043314685,70.7828467906,2.0,
49.863520777,73.194085184,2.0,
47.8048609289,67.7141071517,8.0,
49.7019181342,72.5877428392,4.0,
47.7886045191,67.7009160054,4.0,
49.8214630048,73.0921567595,16.0,
49.8920736376,73.1743097941,2.0,
49.9711533351,73.2207052792,4.0,
50.0383888218,72.9706223389,2.0,
49.7897423284,73.160912182,16.0,
49.6962117679,72.5962098024,4.0,
49.8554065573,73.1874142336,2.0,
49.8093118722,73.0452190979,2.0,
50.0543198418,72.947155611,2.0,
49.8182970729,73.0712461526,4.0,
49.9630386677,73.2088618681,2.0,
48.6836897767,71.6429919914,2.0,
50.0632992724,72.9771787863,4.0,
50.0848362346,72.8936060462,4.0,
49.7774732509,73.1034554511,8.0,
49.8417047391,73.103907367,4.0,
