51.0596967035,70.9770791037,1.0,
51.0598507478,70.9775423496,1.0,
51.062738956,70.9689451244,1.0,
51.0637143141,70.9537006783,1.0,
51.0649497927,70.9631585225,1.0,
51.0686249386,70.9772169436,1.0,
51.069118466,70.9825907998,1.0,
51.0692662477,70.9738612873,1.0,
51.069651648,70.9797872662,1.0,
51.0696698637,70.9797737693,1.0,
51.0697790327,70.9855310101,1.0,
51.0701246582,70.9853031379,1.0,
51.0702817921,70.9808133795,1.0,
51.0708409307,70.9849626519,1.0,
51.0713390415,70.9836992291,1.0,
51.071357984,70.9836429397,1.0,
51.0716023279,70.9835534646,1.0,
51.0717640938,70.9835603825,1.0,
51.0718001134,70.9809067696,1.0,
51.0723938838,70.9771777524,1.0,
51.0733166512,70.9773883949,1.0,
51.0733385846,70.9808725485,1.0,
51.0733790776,70.9774196074,1.0,
51.0736926015,70.97696188,1.0,
51.0737699609,70.9808909724,1.0,
51.0743944242,70.9780053784,1.0,
51.1806901774,71.4215698122,1.0,
53.2527673438,69.3665031628,1.0,
53.2528339587,69.3561581513,1.0,
53.2528533479,69.3654553596,1.0,
53.2528587503,69.3642842438,1.0,
53.2528992805,69.3672203099,1.0,
53.2530612169,69.3680052758,1.0,
53.2533291126,69.3688550292,1.0,
53.2533763363,69.3670145518,1.0,
53.2534198032,69.3674945662,1.0,
53.2534986301,69.3580681801,1.0,
53.2535511897,69.3699170633,1.0,
53.2536780004,69.371199041,1.0,
53.2537138539,69.3687103484,1.0,
53.2538276674,69.3694407292,1.0,
53.2539712536,69.3706910806,1.0,
53.2540203602,69.3660513391,1.0,
53.2540357581,69.3713962813,2.0,
53.2540885009,69.3652412691,1.0,
53.2544433192,69.3688065454,1.0,
53.254606421,69.3839691901,1.0,
53.2546415515,69.3710078947,1.0,
53.2547219948,69.3849916805,1.0,
53.254729602,69.3567114776,1.0,
53.255192326,69.3550724381,1.0,
53.2552786605,69.3702165247,1.0,
53.2552957023,69.3811573358,1.0,
53.2554940708,69.375372455,1.0,
53.2555489795,69.3761110612,1.0,
53.2555917795,69.3645969292,1.0,
53.2556131943,69.3804388691,1.0,
53.2559648085,69.3796742648,1.0,
53.2560025054,69.3554709964,1.0,
53.2560575644,69.3570717816,1.0,
53.2561538345,69.3568064369,1.0,
53.2565270397,69.3723533123,1.0,
53.2568138464,69.3628767527,1.0,
53.2568623426,69.3695281333,1.0,
53.2569556116,69.3618995784,1.0,
53.2570168252,69.4080948062,1.0,
53.2570504553,69.4047731194,1.0,
53.2573379604,69.3626818774,1.0,
53.2573566279,69.3871249033,1.0,
53.257359183,69.3760391861,1.0,
53.2575591243,69.3689457523,1.0,
53.2576030523,69.3864288008,1.0,
53.2578299075,69.3686416524,1.0,
53.2578816216,69.4005510811,1.0,
53.257900141,69.3738143733,1.0,
53.2579214229,69.3698410086,1.0,
53.2580451301,69.3640314435,1.0,
53.2580470978,69.3711869333,1.0,
53.2580600012,69.3667165954,1.0,
53.2581063022,69.4145501687,1.0,
53.2582618004,69.3645357592,1.0,
53.2583363142,69.3591209686,1.0,
53.2588189942,69.3683513784,1.0,
53.2588532424,69.3661687775,1.0,
53.2589731688,69.3701669531,1.0,
53.2589906406,69.3654492022,1.0,
53.2590222443,69.3682910089,1.0,
53.2590239188,69.3619385158,1.0,
53.2592393353,69.3611415661,1.0,
53.2593110908,69.3710976821,1.0,
53.2594393904,69.3959145372,1.0,
53.2595925152,69.3606605934,1.0,
53.259627789,69.3610319502,1.0,
53.2597616182,69.3624243985,1.0,
53.2599636565,69.4028219596,1.0,
53.2599755647,69.3809573445,1.0,
53.2600161433,69.3680308234,1.0,
53.2600513806,69.359426211,1.0,
53.2600765858,69.3733605458,1.0,
53.2601338739,69.3620389533,1.0,
53.2601912831,69.3887101226,1.0,
53.2602272733,69.3889732134,1.0,
53.2602756708,69.3732976719,1.0,
53.2603379321,69.4283646369,1.0,
53.2603974728,69.372643064,1.0,
53.2605876478,69.3604199599,2.0,
53.2609102733,69.371058019,1.0,
53.2611736717,69.3690292409,1.0,
53.261255497,69.4270383946,1.0,
53.261509367,69.397981796,1.0,
53.2615137105,69.3685352577,1.0,
53.2615809771,69.3823300074,1.0,
53.2616176846,69.3648481568,1.0,
53.2619071373,69.3680309818,1.0,
53.2619075993,69.365331237,1.0,
53.2619586521,69.3728502644,1.0,
53.2619609186,69.4070194565,1.0,
53.2619675809,69.3637030468,1.0,
53.2620297881,69.3897963878,1.0,
53.2621647978,69.3711347266,1.0,
53.2621997138,69.4310829733,1.0,
53.2622801551,69.3963846737,1.0,
53.2623271081,69.428303953,1.0,
53.2624860841,69.4054053668,1.0,
53.2625273623,69.3770639844,1.0,
53.2626134467,69.3592426868,1.0,
53.2626473241,69.3693309826,1.0,
53.2628051277,69.4365987555,1.0,
53.2628156545,69.3592667856,1.0,
53.2628801709,69.3739023633,1.0,
53.26291111,69.3698969614,1.0,
53.2630045062,69.3754026462,1.0,
53.2630278383,69.3664375267,1.0,
53.2630740084,69.366839366,1.0,
53.2630973511,69.378277327,1.0,
53.2631602072,69.4080582521,1.0,
53.2632389921,69.3753374459,1.0,
53.2632837274,69.4177394992,1.0,
53.2633107258,69.3806624785,1.0,
53.2634747004,69.3758525433,1.0,
53.2635162124,69.3649080287,1.0,
53.263563099,69.4050969883,1.0,
53.2635752045,69.3768619049,1.0,
53.2636048466,69.396683206,1.0,
53.2636269559,69.3775520102,1.0,
53.2636288983,69.3923875612,1.0,
53.2636312659,69.3775475684,1.0,
53.2637119084,69.3761596801,1.0,
53.2637190784,69.3832529201,1.0,
53.2638273465,69.3774800347,1.0,
53.2638699351,69.3648173804,1.0,
53.2639007405,69.3689729128,1.0,
53.2639658753,69.3789549111,1.0,
53.2639936149,69.3809735358,1.0,
53.2641057984,69.3659881867,1.0,
53.2641215116,69.377986539,1.0,
53.2641786897,69.3670034173,1.0,
53.2646188772,69.3681924208,1.0,
53.2646603372,69.3688330125,1.0,
53.2647884955,69.3700509834,1.0,
53.2647892836,69.3634600267,1.0,
53.2648127767,69.3765153089,1.0,
53.2648703455,69.3640569577,1.0,
53.2648985897,69.3798449027,1.0,
53.2649495755,69.3693751212,1.0,
53.2649735991,69.3764752963,1.0,
53.2649939345,69.3781229326,1.0,
53.2650763355,69.3623769674,1.0,
53.2651031148,69.3797689708,1.0,
53.265179809,69.3801976674,1.0,
53.265193294,69.3693300522,1.0,
53.2653926668,69.3622756997,1.0,
53.2654431888,69.3719170097,1.0,
53.2654532136,69.366232145,1.0,
53.2654613513,69.3628749925,1.0,
53.2654780308,69.3633100323,1.0,
53.2655381846,69.3753052516,1.0,
53.2656739041,69.3835311575,1.0,
53.2657731206,69.3818162336,1.0,
53.2658596643,69.3790987439,1.0,
53.2658764211,69.3964250074,1.0,
53.2659444459,69.3755902448,1.0,
53.2659521979,69.3559328961,1.0,
53.2659568497,69.3741540803,1.0,
53.2661503234,69.3761430279,1.0,
53.26616805,69.3654344301,1.0,
53.2662065151,69.4367168053,1.0,
53.2662111354,69.3937623974,1.0,
53.2662681242,69.3919838604,1.0,
53.266273645,69.4023134572,1.0,
53.2663324161,69.4029078313,1.0,
53.2663373693,69.3950244997,1.0,
53.2663403558,69.3607628873,1.0,
53.2663555906,69.3673355871,1.0,
53.2664246819,69.4373967932,1.0,
53.2665200574,69.3919111974,1.0,
53.26653261,69.3886179638,1.0,
53.2665519602,69.385287936,1.0,
53.2665814193,69.3855990926,1.0,
53.2666161473,69.3788677767,1.0,
53.2666866415,69.3590380051,1.0,
53.2667691601,69.3802835094,1.0,
53.266779489,69.3709491578,1.0,
53.2668145371,69.3890425831,1.0,
53.2669031645,69.4320853881,1.0,
53.266934289,69.3662310241,1.0,
53.2670025565,69.362517671,1.0,
53.2670046222,69.3709119041,1.0,
53.2671021784,69.3775730082,1.0,
53.2671419654,69.3722700007,1.0,
53.2671835468,69.4215753768,2.0,
53.2671936964,69.3766104802,1.0,
53.2671943613,69.3618842063,1.0,
53.2672201527,69.3850842697,1.0,
53.2673493882,69.435295609,1.0,
53.2673540632,69.3975431636,1.0,
53.2673832322,69.372202356,1.0,
53.26738926,69.3975334353,1.0,
53.267390207,69.3834139426,1.0,
53.2674780752,69.3985878568,1.0,
53.2674953209,69.4021814088,1.0,
53.2675225303,69.3811636734,1.0,
53.2675308528,69.3657002717,1.0,
53.2675863201,69.3888085499,1.0,
53.2676151193,69.3634028945,1.0,
53.267646757,69.42495232,2.0,
53.2677121536,69.3757272724,1.0,
53.2677434141,69.4187498008,1.0,
53.2677624342,69.3913377975,1.0,
53.267852111,69.3656078183,1.0,
53.2678664152,69.3660661006,1.0,
53.2678762462,69.4208516624,1.0,
53.2679659262,69.4262841487,1.0,
53.2679662118,69.4262905134,1.0,
53.2680044498,69.3929227642,1.0,
53.2680221754,69.4276396254,1.0,
53.2680313061,69.359296254,1.0,
53.26805828,69.3675689329,1.0,
53.2681066763,69.4221080867,2.0,
53.268130316,69.3685348984,1.0,
53.2681705646,69.3608728538,1.0,
53.2681763191,69.4107053486,1.0,
53.2682147756,69.4245698398,2.0,
53.2682674433,69.4199932128,1.0,
53.2682786809,69.4046753381,1.0,
53.268311949,69.365928118,1.0,
53.2683606609,69.4231712677,1.0,
53.2683995188,69.4225248888,1.0,
53.2684020709,69.3684601972,1.0,
53.2684076562,69.4192856227,1.0,
53.2684304022,69.3654724054,1.0,
53.2684401639,69.3594624602,1.0,
53.2684713663,69.3983506199,1.0,
53.268530467,69.3696734248,1.0,
53.2685573228,69.3866512531,1.0,
53.2685590011,69.4055876148,1.0,
53.2685911415,69.3962634431,1.0,
53.268648227,69.3777413877,1.0,
53.2687323991,69.4281489222,1.0,
53.268756636,69.4260441965,2.0,
53.2687648477,69.4211479938,1.0,
53.2687665095,69.4211554562,1.0,
53.2688329391,69.3910926704,1.0,
53.2688438014,69.3743275206,1.0,
53.2688568038,69.392037525,1.0,
53.2689948987,69.3748640789,1.0,
53.2689964237,69.4174233549,2.0,
53.269086656,69.4248925199,2.0,
53.2690892222,69.3653204754,1.0,
53.2692240668,69.4116534118,1.0,
53.2692406033,69.3776321928,1.0,
53.2692456118,69.4033638609,1.0,
53.269299503,69.3665895551,1.0,
53.269331141,69.4123499425,1.0,
53.2693330607,69.4292392339,1.0,
53.2693544918,69.3629609829,1.0,
53.2694020142,69.381406106,1.0,
53.2694120388,69.377578458,1.0,
53.269504042,69.4232510163,1.0,
53.269516529,69.3693389472,1.0,
53.2695664434,69.4043468829,1.0,
53.2696041448,69.3628728394,1.0,
53.2696085374,69.4197460777,1.0,
53.2696908591,69.4164712487,1.0,
53.2697293099,69.4253011586,1.0,
53.2697324234,69.4042953952,1.0,
53.2697535579,69.3647874911,1.0,
53.2697643718,69.3612544247,1.0,
53.2697949262,69.4052873958,1.0,
53.2698456801,69.4228705496,1.0,
53.2698498264,69.4149329131,1.0,
53.2698529019,69.4086646675,1.0,
53.2698851815,69.4174460007,2.0,
53.2698982433,69.423903653,1.0,
53.2698983616,69.4239105937,1.0,
53.2699032847,69.3917703215,1.0,
53.2699830499,69.3963853346,1.0,
53.2700051023,69.4065561189,1.0,
53.2700380324,69.4070429824,1.0,
53.2701326199,69.4080942528,1.0,
53.2701365515,69.410337637,1.0,
53.2701464071,69.4248414855,2.0,
53.2701767255,69.4085437702,1.0,
53.27022469,69.3894541939,1.0,
53.2702290372,69.3617307796,1.0,
53.2702339103,69.3658447838,1.0,
53.2702995522,69.3781391886,1.0,
53.2703201824,69.390239062,1.0,
53.2703214385,69.4035153873,1.0,
53.2703370594,69.376053743,1.0,
53.2703390369,69.3979058671,1.0,
53.2703700825,69.4302430581,1.0,
53.2703738597,69.3721352898,1.0,
53.2703744152,69.3784239129,1.0,
53.2703756376,69.4108248723,1.0,
53.2704082387,69.4140128713,1.0,
53.2704284574,69.391637004,1.0,
53.2704328813,69.4278291027,2.0,
53.2704357263,69.4075017903,1.0,
53.2704421627,69.4099567803,1.0,
53.2704860184,69.4095003154,1.0,
53.2705172545,69.4123348968,1.0,
53.2705229933,69.3824569444,1.0,
53.2705286176,69.3810780625,1.0,
53.2705318585,69.3931101464,1.0,
53.2705430151,69.424397834,2.0,
53.2705664225,69.374112218,1.0,
53.2706593996,69.4270338799,1.0,
53.2707036477,69.3652735743,1.0,
53.2708240365,69.3768307432,1.0,
53.2708247126,69.4204615221,1.0,
53.2708274793,69.4204559531,1.0,
53.2708696342,69.3771467395,1.0,
53.2708953911,69.4213266812,2.0,
53.2709024816,69.4188558985,1.0,
53.2709196504,69.4068414267,1.0,
53.2709641481,69.4297454845,1.0,
53.2709651793,69.4297392029,1.0,
53.2709837399,69.3670067916,1.0,
53.2709859228,69.4093647301,1.0,
53.2709948598,69.4286621756,1.0,
53.2710261263,69.4098523453,1.0,
53.27120057,69.3766443564,1.0,
53.2712759868,69.3741588811,1.0,
53.2712975135,69.4198969393,1.0,
53.2713013169,69.4048935986,1.0,
53.2713035243,69.4172823663,1.0,
53.2713050386,69.3659832036,1.0,
53.2713191171,69.4071998698,1.0,
53.2713631202,69.4235817305,1.0,
53.2713802609,69.3784984826,1.0,
53.2713867056,69.406771212,1.0,
53.2714343453,69.4282959439,1.0,
53.2714739083,69.3919375781,1.0,
53.2715104684,69.3959847924,1.0,
53.2715440614,69.4300558704,1.0,
53.2715483138,69.4300599497,1.0,
53.271550259,69.3736788617,1.0,
53.2715880899,69.3711035654,1.0,
53.271615946,69.4312452509,1.0,
53.2716180715,69.4312513529,1.0,
53.2716306472,69.4092174204,1.0,
53.2716339864,69.4106596202,1.0,
53.271683794,69.3795573726,1.0,
53.2717152912,69.3669579643,1.0,
53.2717478432,69.4261909304,1.0,
53.2717699553,69.4225700682,1.0,
53.2717797051,69.4121197727,1.0,
53.2718299571,69.4032213307,2.0,
53.2718792028,69.430406978,2.0,
53.2719132912,69.4287021811,1.0,
53.2719362277,69.4015726583,2.0,
53.2719515033,69.3777499897,1.0,
53.2719693115,69.3944281449,1.0,
53.2720756917,69.4241051758,1.0,
53.2720784502,69.3860284648,1.0,
53.2721120433,69.3873676621,1.0,
53.2721646059,69.3950390284,1.0,
53.2722026307,69.4295483734,1.0,
53.2722063852,69.4295417141,1.0,
53.2722269161,69.3620486661,1.0,
53.2723261625,69.3667419617,1.0,
53.2723320803,69.3969067758,1.0,
53.2723428653,69.4104458347,1.0,
53.2723744128,69.4307832296,1.0,
53.2723987422,69.3782025711,1.0,
53.2724949242,69.3959656424,1.0,
53.272502201,69.4289357903,1.0,
53.2725210822,69.4273650889,1.0,
53.2725952867,69.3922500322,1.0,
53.2726114204,69.392527572,1.0,
53.2726117847,69.373222198,1.0,
53.272612023,69.3972443963,1.0,
53.2726613472,69.4219694709,1.0,
53.2726672837,69.3864997999,1.0,
53.272678514,69.3697502824,1.0,
53.2726993937,69.425644062,1.0,
53.2727180315,69.3606854743,1.0,
53.2727342414,69.4060292944,1.0,
53.2727677432,69.3939535098,1.0,
53.2727735756,69.4114476859,1.0,
53.2727756939,69.4114402579,1.0,
53.2727771384,69.3613508284,1.0,
53.2727798701,69.3804730913,1.0,
53.2727955396,69.3994128861,1.0,
53.2728002056,69.4207533011,1.0,
53.2728220388,69.3763943269,1.0,
53.2728355759,69.4120768241,2.0,
53.272859466,69.3885201779,1.0,
53.2728750547,69.3928491422,1.0,
53.2728754336,69.3770053851,1.0,
53.272893876,69.4036105429,1.0,
53.2728967292,69.4204207678,1.0,
53.2729392905,69.4100698033,2.0,
53.2729768187,69.4267634961,1.0,
53.2729924493,69.4081928748,1.0,
53.2730037937,69.4142134803,1.0,
53.2730556439,69.3803575792,1.0,
53.2731049818,69.4243024796,1.0,
53.2731477766,69.3898523558,1.0,
53.2731562423,69.3606051628,1.0,
53.2731709858,69.4056481454,1.0,
53.2731725454,69.4056425862,1.0,
53.2732022268,69.3948226769,1.0,
53.2732218873,69.3863577103,1.0,
53.2732734641,69.4279812151,1.0,
53.2732902798,69.3600920903,1.0,
53.2733339902,69.4234047312,1.0,
53.2733440195,69.4218828699,1.0,
53.2734212031,69.4243965591,2.0,
53.2734402683,69.3727607238,1.0,
53.273446231,69.4011645891,1.0,
53.2734839418,69.3883164124,1.0,
53.2735062776,69.4271802891,1.0,
53.2735214851,69.4227257602,1.0,
53.2735286909,69.3936086006,1.0,
53.2735331776,69.3600495983,1.0,
53.2735529733,69.389360454,1.0,
53.2735966804,69.411191315,1.0,
53.2736111522,69.4130702118,1.0,
53.2736620862,69.4085066132,1.0,
53.2736630213,69.3657523217,1.0,
53.2736724966,69.4033801809,1.0,
53.273748812,69.427372004,1.0,
53.2738213235,69.4246927219,1.0,
53.2738365519,69.4217095968,1.0,
53.2738379458,69.4118221435,1.0,
53.2738419986,69.4118178486,1.0,
53.2738609917,69.4148955921,1.0,
53.2738615043,69.3817607861,1.0,
53.2738690553,69.3708424118,1.0,
53.2738896717,69.3657083596,1.0,
53.2740319064,69.3670258286,2.0,
53.2740471148,69.3623452299,1.0,
53.274051596,69.3984608185,1.0,
53.2740995998,69.3989417466,1.0,
53.2741764054,69.3955498823,1.0,
53.2741776085,69.4137953476,1.0,
53.274245827,69.3724469362,1.0,
53.2742489816,69.3598833286,1.0,
53.2743235115,69.4079136816,1.0,
53.2743809981,69.4196509165,1.0,
53.2743824661,69.3976560996,1.0,
53.2744135526,69.4044674748,1.0,
53.274499051,69.3675551415,1.0,
53.2745275825,69.3886556881,1.0,
53.274544719,69.4091550327,2.0,
53.2745683578,69.4174934103,1.0,
53.2745781058,69.4129484916,1.0,
53.2746010184,69.4209878569,1.0,
53.2746464595,69.368609588,1.0,
53.2746537879,69.3866703231,1.0,
53.2746952939,69.3597949056,1.0,
53.274728943,69.4183886436,1.0,
53.2747329839,69.4017307432,1.0,
53.2747664081,69.3858978002,1.0,
53.2747733268,69.4203991552,1.0,
53.2748267687,69.4146060801,1.0,
53.2748529212,69.4029718699,1.0,
53.2748648351,69.4178864905,1.0,
53.2749119151,69.4220406573,1.0,
53.2749686938,69.3778912614,1.0,
53.2750576492,69.37473907,1.0,
53.2751050921,69.3734393935,1.0,
53.2751272361,69.4169910732,1.0,
53.275158253,69.3920051991,1.0,
53.2751641945,69.3778571831,1.0,
53.275177336,69.417731777,1.0,
53.2752054007,69.3670155745,1.0,
53.2752141962,69.3629725795,1.0,
53.2752145497,69.380750287,1.0,
53.2753700289,69.4117572784,2.0,
53.2753745615,69.3596473467,1.0,
53.275416599,69.4138274473,2.0,
53.2754313319,69.4029762344,1.0,
53.2754426819,69.416812088,1.0,
53.2755514755,69.3814683475,1.0,
53.2755799392,69.3786095612,1.0,
53.2756257196,69.3694695894,1.0,
53.2756421276,69.4067474889,1.0,
53.2756648268,69.381760177,1.0,
53.2756678877,69.3817671732,1.0,
53.2756905287,69.3628720612,1.0,
53.2756951204,69.3805915262,1.0,
53.2757065906,69.3756137084,1.0,
53.275720514,69.4182507904,1.0,
53.2757757148,69.3855986552,1.0,
53.2757993702,69.3639328008,1.0,
53.2758140456,69.3687122279,1.0,
53.2758295357,69.417618684,1.0,
53.2758456486,69.3622430921,1.0,
53.2758629084,69.4122732749,2.0,
53.2758766415,69.3773167274,1.0,
53.2758956631,69.369381937,1.0,
53.2759765032,69.4185216125,1.0,
53.2760438255,69.3628177943,1.0,
53.2761049281,69.3856252364,1.0,
53.2762126516,69.3893387329,1.0,
53.2762393575,69.3656244883,1.0,
53.2762584653,69.3972630519,1.0,
53.2762781055,69.3616574663,1.0,
53.2762856289,69.4146773993,1.0,
53.2763234206,69.3968939158,1.0,
53.2763487519,69.3939067103,1.0,
53.2763729507,69.4169695048,1.0,
53.2763872126,69.3827669269,1.0,
53.2763945383,69.406683455,1.0,
53.2763962249,69.4061885739,1.0,
53.2764173922,69.3656142021,1.0,
53.2765755583,69.392124034,1.0,
53.2766091894,69.3938809059,1.0,
53.2766474747,69.3850400072,1.0,
53.2766551107,69.4067159222,1.0,
53.276659475,69.4067224933,1.0,
53.2766672755,69.3727748962,1.0,
53.2766945393,69.4056965015,1.0,
53.2767595018,69.3794124961,1.0,
53.2767748485,69.3670349886,1.0,
53.2768452075,69.3736407106,1.0,
53.2768960749,69.3883618193,1.0,
53.2769009792,69.3781266067,1.0,
53.2769080764,69.3683088237,1.0,
53.2769165455,69.3685966943,1.0,
53.2769502334,69.4049152326,1.0,
53.2769511738,69.3889497418,1.0,
53.2769651767,69.3598112868,1.0,
53.2769672535,69.3691114532,1.0,
53.2770068962,69.365473302,1.0,
53.2770524413,69.3949881437,1.0,
53.2770682124,69.3804040533,1.0,
53.2771149029,69.3669041334,1.0,
53.2771823594,69.3965856756,1.0,
53.2772186442,69.3679517343,1.0,
53.2772241335,69.3926209215,1.0,
53.2772448746,69.4063911584,1.0,
53.277261467,69.3683009646,1.0,
53.2772979562,69.3690424568,1.0,
53.2774228741,69.3871732498,1.0,
53.277503985,69.3772064885,1.0,
53.2775149743,69.3660515103,1.0,
53.2775885827,69.3688744381,1.0,
53.2776479806,69.3724135026,1.0,
53.2777685533,69.4028968426,1.0,
53.2778505454,69.3987636575,1.0,
53.2779555632,69.3670330501,1.0,
53.2780197893,69.3803894377,1.0,
53.2781014667,69.3917212591,1.0,
53.2781359819,69.3590423506,1.0,
53.278169205,69.3921227329,1.0,
53.2782412261,69.3663233242,1.0,
53.2782546937,69.3963084082,1.0,
53.2783061625,69.3996077607,1.0,
53.2783153754,69.3600436552,1.0,
53.2783426691,69.3716376681,1.0,
53.2783721144,69.3718969658,1.0,
53.2783801474,69.3876437372,1.0,
53.2783958622,69.3621187623,1.0,
53.2784283101,69.3927584704,1.0,
53.2784486862,69.3954835203,1.0,
53.2784836131,69.4043998261,1.0,
53.278516411,69.3604656989,1.0,
53.2785883564,69.3611506504,1.0,
53.2786890161,69.4035846448,1.0,
53.2786916177,69.3752255628,2.0,
53.2787004972,69.3784632788,1.0,
53.2787195113,69.3926406951,1.0,
53.2787263103,69.3885800359,1.0,
53.2787319089,69.3705783945,1.0,
53.2787366323,69.3628872696,1.0,
53.2787494269,69.3933578547,1.0,
53.2787926703,69.3632270769,2.0,
53.2789077726,69.35706532,1.0,
53.2789299261,69.4073332364,1.0,
53.2789593976,69.3815627242,1.0,
53.2789887613,69.3597206323,1.0,
53.279005824,69.3914284189,1.0,
53.2790102771,69.3845057845,1.0,
53.2790251148,69.3686426608,1.0,
53.2790572368,69.3747225841,1.0,
53.2790839957,69.3750716416,1.0,
53.279094501,69.403354902,1.0,
53.2791058382,69.3693896404,1.0,
53.2791785986,69.3677802666,1.0,
53.2792116566,69.3606121339,1.0,
53.2792226402,69.401955543,1.0,
53.2792361753,69.4022292792,1.0,
53.2793746331,69.4222493837,1.0,
53.2793809507,69.3864490076,1.0,
53.2794216172,69.3657378469,1.0,
53.2794428682,69.4011967531,1.0,
53.2794871362,69.3971399048,1.0,
53.2796195936,69.393621873,2.0,
53.2796342901,69.4002800615,1.0,
53.2796585219,69.3629815719,1.0,
53.2796700083,69.3681187053,1.0,
53.2796726355,69.4031816512,1.0,
53.2796835561,69.3989906914,1.0,
53.2797736725,69.3872445103,1.0,
53.2797879002,69.3749115659,1.0,
53.2797954853,69.390494291,1.0,
53.2798198442,69.3882085716,1.0,
53.279823497,69.392304078,2.0,
53.2798599556,69.3760838343,1.0,
53.2799202295,69.4070117579,1.0,
53.2799527817,69.3957678139,1.0,
53.2799783688,69.3714469503,1.0,
53.2799821749,69.35878879,1.0,
53.2800363076,69.3929197262,1.0,
53.2800365187,69.3606560536,1.0,
53.2800406213,69.3929252386,1.0,
53.2800585068,69.3774581733,1.0,
53.2800970693,69.4121462254,1.0,
53.2801195866,69.3702137626,1.0,
53.2801223402,69.3846546351,1.0,
53.2801246122,69.4041541742,1.0,
53.2801646566,69.3656500858,1.0,
53.2801922951,69.3659464445,1.0,
53.2802037352,69.3699518294,1.0,
53.2802686161,69.3646391905,1.0,
53.280308321,69.3891884312,2.0,
53.2803227109,69.3748013732,1.0,
53.2803391419,69.4199091491,1.0,
53.2803493981,69.4015768516,2.0,
53.2803560795,69.380440864,1.0,
53.2803576775,69.3581445642,1.0,
53.2803645721,69.39415131,2.0,
53.2804024346,69.3737852482,2.0,
53.2804356049,69.3663164381,1.0,
53.2804608285,69.3609922636,1.0,
53.2804643774,69.3609857243,1.0,
53.2804810204,69.3616610904,1.0,
53.2804812861,69.3695400245,1.0,
53.2805179014,69.3743845847,1.0,
53.2805672445,69.3701118016,1.0,
53.2805706168,69.3779708708,1.0,
53.2805848479,69.4043151873,1.0,
53.2806273453,69.3988519936,1.0,
53.2806559415,69.368849879,1.0,
53.2806617147,69.3866854316,1.0,
53.2806837195,69.3979949338,1.0,
53.2806870636,69.3712271987,1.0,
53.2806880336,69.3970520423,1.0,
53.2806880828,69.3663873915,1.0,
53.2806887626,69.3762552569,1.0,
53.2806922903,69.3762625501,1.0,
53.280697316,69.3593829942,1.0,
53.2807177847,69.3847156601,1.0,
53.2807183588,69.36697653,1.0,
53.2807278097,69.3874235078,1.0,
53.2807459089,69.3995505981,1.0,
53.2807873032,69.3677915112,1.0,
53.2807919645,69.3770768535,1.0,
53.2807998921,69.360524507,1.0,
53.2808097621,69.3931991946,1.0,
53.2808515312,69.3857439177,1.0,
53.2808971305,69.4054302866,1.0,
53.2809083203,69.4023983656,1.0,
53.2809126204,69.4023917902,1.0,
53.2809337769,69.3952222651,1.0,
53.2809407964,69.4087805351,1.0,
53.2809536481,69.4308303898,1.0,
53.2809700907,69.4013424364,1.0,
53.2809726498,69.4013478179,1.0,
53.2810140158,69.35750467,1.0,
53.2810443647,69.3988254983,1.0,
53.2810778942,69.3687088516,1.0,
53.2810879851,69.3758272082,1.0,
53.2810908007,69.3939605101,1.0,
53.2811218879,69.374001547,1.0,
53.2811346345,69.3666338027,1.0,
53.2811427818,69.4034438499,1.0,
53.2811442249,69.4034368607,1.0,
53.2811456037,69.3947876345,1.0,
53.281151355,69.3792071791,2.0,
53.2812263623,69.3750823551,1.0,
53.2812286003,69.3656782813,1.0,
53.2812322151,69.4336130866,1.0,
53.2812346908,69.4336068618,1.0,
53.2812862058,69.4064381546,1.0,
53.2812869638,69.3801237878,1.0,
53.2813038077,69.3856274706,1.0,
53.2813237047,69.3650408883,1.0,
53.2813426929,69.3968548519,1.0,
53.2813443891,69.3771532549,2.0,
53.2813534114,69.3996211872,1.0,
53.2813657217,69.3760599349,1.0,
53.2813747991,69.3733297476,1.0,
53.2814198447,69.3926520723,1.0,
53.2814365985,69.4003613288,1.0,
53.2814445218,69.3706035203,1.0,
53.2814474052,69.3813331251,1.0,
53.2814492264,69.3813387373,1.0,
53.2815112992,69.4139463913,1.0,
53.2815121944,69.3781065066,1.0,
53.2815725083,69.3749775079,1.0,
53.2815727491,69.3977725391,1.0,
53.2815753094,69.3977784184,1.0,
53.2816318332,69.3890714936,1.0,
53.2816536238,69.3947828536,1.0,
53.2816567195,69.384324769,2.0,
53.2816666151,69.3864361841,1.0,
53.2816807723,69.3643045156,1.0,
53.2817053299,69.3694003264,1.0,
53.2817124102,69.3957103008,1.0,
53.2817176723,69.3849490419,1.0,
53.2817227229,69.4235645301,1.0,
53.2817602857,69.3613376408,1.0,
53.2817721115,69.3572525625,1.0,
53.2817754088,69.4308883484,1.0,
53.2817879253,69.4333924415,1.0,
53.2817961352,69.365160712,1.0,
53.2817968653,69.3556502069,1.0,
53.2818102164,69.3808919879,1.0,
53.281834866,69.4293260298,1.0,
53.2818350334,69.3621735914,1.0,
53.2818415027,69.4037740473,1.0,
53.281845981,69.376791578,1.0,
53.2818501893,69.3767976775,1.0,
53.2818548581,69.3967238877,1.0,
53.2818616867,69.3728372764,1.0,
53.2819013318,69.3759305462,1.0,
53.2819037355,69.4174412774,1.0,
53.2819245067,69.385754241,1.0,
53.2819506647,69.3779881665,1.0,
53.2819519532,69.4004574551,1.0,
53.281959216,69.3634864834,1.0,
53.2819597122,69.4035085618,1.0,
53.2819679779,69.4300900026,1.0,
53.2820155899,69.3891006376,1.0,
53.282029239,69.3987625877,1.0,
53.2820352242,69.3931666673,1.0,
53.2820419527,69.401269907,1.0,
53.2820445676,69.3878483799,1.0,
53.2820479448,69.3732346314,1.0,
53.2820484628,69.3878535718,1.0,
53.2820830072,69.4197386236,1.0,
53.2821007743,69.3742950717,1.0,
53.2821011307,69.3743020763,1.0,
53.2821047012,69.3995237932,1.0,
53.2821162659,69.3583831549,1.0,
53.2821209813,69.4315488812,1.0,
53.2821225591,69.3924161301,1.0,
53.2821579021,69.428358007,1.0,
53.2821737739,69.3675971264,1.0,
53.2821755594,69.3675912232,1.0,
53.2821767285,69.3870990783,1.0,
53.2821863738,69.3848303078,1.0,
53.2822418087,69.3961545905,1.0,
53.2822994196,69.3681610709,2.0,
53.2823548113,69.3947399122,1.0,
53.2823601923,69.3795961432,1.0,
53.2824464964,69.3795678385,1.0,
53.2824481828,69.3616546871,1.0,
53.2824589616,69.3775829798,1.0,
53.2824615032,69.3728952844,1.0,
53.2824644875,69.4033513049,1.0,
53.2825077226,69.4094020048,1.0,
53.2825147007,69.3628104702,1.0,
53.2825212629,69.3610907087,1.0,
53.2825310747,69.3696230399,1.0,
53.2825488933,69.3549467214,1.0,
53.2825551582,69.373702372,1.0,
53.2825585227,69.3798480147,2.0,
53.2825856648,69.3986015016,1.0,
53.2825892855,69.3789381363,1.0,
53.282619813,69.3589435334,1.0,
53.2826530995,69.3750445094,1.0,
53.2826917478,69.3890593223,1.0,
53.2827150621,69.3809193119,1.0,
53.2827261324,69.432032173,1.0,
53.2827354162,69.3959057638,1.0,
53.2827639034,69.4074889197,1.0,
53.2828099635,69.3841882542,1.0,
53.2828610276,69.3577873826,1.0,
53.2828869612,69.3974691337,1.0,
53.2828982043,69.3861126036,1.0,
53.2828991036,69.3861063736,1.0,
53.2829382044,69.3633922084,1.0,
53.2829586589,69.4033698106,2.0,
53.2830091899,69.3637988443,1.0,
53.2830184247,69.368066462,1.0,
53.2830225344,69.3776592281,1.0,
53.2830304425,69.3649055759,1.0,
53.2830746947,69.4010501848,1.0,
53.2831058667,69.3919824615,1.0,
53.2831186199,69.3868071421,1.0,
53.2831437395,69.3787250289,1.0,
53.2831910209,69.379162735,1.0,
53.2831927954,69.3706277098,1.0,
53.2832303514,69.3809346142,1.0,
53.2832317621,69.3809286135,1.0,
53.2832826607,69.3750859163,1.0,
53.2832923208,69.3670909617,1.0,
53.2833190087,69.4509320956,1.0,
53.2833229946,69.377606244,2.0,
53.2833385798,69.3904698339,1.0,
53.283352018,69.3730546195,1.0,
53.2833788523,69.3933403685,1.0,
53.2833798178,69.3933335362,1.0,
53.2834487818,69.404680516,1.0,
53.2834495881,69.4046879408,1.0,
53.283467643,69.3692432836,1.0,
53.2834968563,69.4286278351,1.0,
53.2835071751,69.3738894774,1.0,
53.2835105579,69.3941360852,2.0,
53.2835439664,69.3791788021,1.0,
53.2836017988,69.3768701596,1.0,
53.2836024423,69.3748947684,1.0,
53.2836360306,69.3953563647,1.0,
53.2836449176,69.3381089111,1.0,
53.2836646262,69.3588250472,1.0,
53.2836698961,69.3835009406,1.0,
53.2836732663,69.3557928596,1.0,
53.2837152236,69.3854032908,1.0,
53.2837187307,69.399009571,1.0,
53.2837660951,69.3981277952,1.0,
53.2838172365,69.392723251,1.0,
53.2838213295,69.3927294533,1.0,
53.2838259657,69.402146235,1.0,
53.283830075,69.3673299789,1.0,
53.2838707859,69.3636650723,1.0,
53.2838910145,69.3643899516,1.0,
53.2838964317,69.3971634752,1.0,
53.2838998892,69.3938735555,1.0,
53.2839303679,69.3882556297,1.0,
53.2839630436,69.3946232679,1.0,
53.2839641008,69.372790964,1.0,
53.2839926949,69.4290899157,1.0,
53.2839959789,69.4290843477,1.0,
53.2840055235,69.3737869032,1.0,
53.284009296,69.3893104855,1.0,
53.2840488494,69.3946064834,1.0,
53.2840494153,69.3946136555,1.0,
53.2840550699,69.3871585378,1.0,
53.284080092,69.3373910619,1.0,
53.2840985968,69.4269320422,2.0,
53.2841249963,69.396197898,2.0,
53.2841364307,69.3765819338,1.0,
53.2841383694,69.3691711997,1.0,
53.2841530852,69.4029879559,1.0,
53.2841534702,69.3772120435,1.0,
53.2841683926,69.4045373187,1.0,
53.2841699901,69.4045447031,1.0,
53.2841888965,69.4007296926,1.0,
53.2841987939,69.4107654271,1.0,
53.2842302943,69.3955017947,1.0,
53.2842507958,69.4285888087,1.0,
53.2842556035,69.3918784564,1.0,
53.2842790805,69.3582521963,1.0,
53.2842906722,69.3383150722,1.0,
53.284329986,69.3653551072,1.0,
53.2843407043,69.3882469533,1.0,
53.2843515422,69.4013348577,1.0,
53.2843548145,69.362475747,1.0,
53.2843689364,69.3606952311,1.0,
53.2843718199,69.3805120704,1.0,
53.2843722335,69.384827394,1.0,
53.2843993078,69.3675968341,1.0,
53.2844043212,69.3928094189,2.0,
53.2844556571,69.4275341669,2.0,
53.2844979871,69.3642220697,1.0,
53.284501929,69.3671738818,1.0,
53.2845136981,69.3384054819,1.0,
53.2845149297,69.4057255696,1.0,
53.2845490549,69.3788422679,1.0,
53.2846011201,69.3599665135,1.0,
53.2846451593,69.3906808935,1.0,
53.2846576618,69.3561851529,1.0,
53.2846632369,69.3961567636,2.0,
53.2846803314,69.3871392057,1.0,
53.2846929917,69.4246077035,1.0,
53.2847181477,69.3554042759,1.0,
53.2847379899,69.4032971276,2.0,
53.2847683939,69.3598732211,1.0,
53.2847728057,69.3649598614,1.0,
53.2848268265,69.3980411247,1.0,
53.2848362782,69.4532214553,1.0,
53.2848518539,69.3657623023,1.0,
53.2849030287,69.3881012764,1.0,
53.284906541,69.3988893438,1.0,
53.2849939824,69.3701691297,1.0,
53.285010554,69.3999751167,1.0,
53.2850431382,69.3856057364,1.0,
53.2850497234,69.3606754387,1.0,
53.2850804243,69.3634377171,1.0,
53.2850815048,69.357052325,1.0,
53.2850891982,69.366326089,1.0,
53.2850938764,69.3573851575,1.0,
53.2851045672,69.4265587172,1.0,
53.2851154061,69.3865589136,1.0,
53.2851633165,69.4019786192,1.0,
53.2851648322,69.3969117563,1.0,
53.2851671486,69.405778816,1.0,
53.285169057,69.396905047,1.0,
53.2851845354,69.3560675893,1.0,
53.2852007423,69.4235415034,1.0,
53.2852008233,69.4249384532,1.0,
53.2852129367,69.402582616,1.0,
53.2852203438,69.4082404581,1.0,
53.2852313539,69.3654604649,1.0,
53.285232436,69.3680944692,1.0,
53.2852394269,69.3628886549,1.0,
53.2852401571,69.3938019073,1.0,
53.2852571394,69.397761324,1.0,
53.2852608605,69.397767645,1.0,
53.285286132,69.4008756735,1.0,
53.2852868905,69.3672279251,1.0,
53.285291161,69.3672346862,1.0,
53.2853048759,69.3884517863,1.0,
53.2853069962,69.403542924,1.0,
53.2853121821,69.4258803692,1.0,
53.2853786623,69.3893087284,1.0,
53.2853867216,69.4242658313,1.0,
53.2853948099,69.3535981659,1.0,
53.2854057006,69.3998614134,1.0,
53.2854721332,69.3961241057,1.0,
53.2854796918,69.3688345826,1.0,
53.2854827588,69.36882938,1.0,
53.2854830675,69.3597170153,1.0,
53.2854903784,69.3721262053,1.0,
53.285498967,69.4045182114,2.0,
53.2855314342,69.4001851699,1.0,
53.2855399087,69.366269867,2.0,
53.2855935898,69.3843113782,1.0,
53.2855966845,69.4021657926,1.0,
53.2856131793,69.4263314711,1.0,
53.2856175093,69.3737278977,1.0,
53.28562184,69.3911474417,1.0,
53.2856360852,69.4069505601,1.0,
53.2856486161,69.3388821858,1.0,
53.2856781325,69.4251728693,1.0,
53.2856905955,69.4014647192,1.0,
53.2857073758,69.3679650475,2.0,
53.2857090873,69.4077411267,1.0,
53.285710902,69.3707332912,1.0,
53.2857733803,69.3643683528,1.0,
53.2857831819,69.3547220597,1.0,
53.2857927299,69.3976227837,2.0,
53.2858052727,69.3576405098,1.0,
53.2858063009,69.3863645638,1.0,
53.2858107442,69.3863576228,1.0,
53.2858115815,69.3647146414,1.0,
53.2858346261,69.3695440869,1.0,
53.2858643219,69.3949057544,1.0,
53.285865547,69.3938395762,1.0,
53.2858697041,69.4562251079,1.0,
53.2858699618,69.4091420507,1.0,
53.2859290327,69.370075178,1.0,
53.2859328034,69.3645622981,1.0,
53.2859571379,69.3938312653,1.0,
53.2859712309,69.4082965773,1.0,
53.2859826205,69.388295164,1.0,
53.2860163631,69.3860118051,1.0,
53.2860277996,69.3746743941,1.0,
53.2860303556,69.3746805486,1.0,
53.2860306654,69.3631662644,1.0,
53.286050794,69.4244687808,1.0,
53.2860515305,69.4054715666,1.0,
53.2860838556,69.3961197896,1.0,
53.2861562422,69.4251183807,1.0,
53.2861626891,69.354983821,1.0,
53.2861694726,69.4200528439,1.0,
53.286176813,69.3835367641,1.0,
53.2862069723,69.4034489767,1.0,
53.2862349882,69.3780412276,1.0,
53.2862414709,69.3877663704,1.0,
53.2862533843,69.4198875231,1.0,
53.2862633412,69.3979583525,1.0,
53.2862953396,69.3391782458,1.0,
53.286305892,69.4132448348,1.0,
53.2863213384,69.4075823128,1.0,
53.2863260351,69.3991738669,2.0,
53.2863424301,69.4125387526,1.0,
53.2863602999,69.3699309964,1.0,
53.2863759397,69.3894724949,1.0,
53.2863955716,69.4051583695,1.0,
53.2863993569,69.4051522552,1.0,
53.2864499018,69.3688312687,1.0,
53.2864531297,69.3529259146,1.0,
53.2864770208,69.4002179246,1.0,
53.2864879286,69.3923875881,1.0,
53.2865347939,69.420648806,1.0,
53.2865667198,69.4194163827,1.0,
53.2865696958,69.4015149095,1.0,
53.2865719313,69.4388506027,2.0,
53.2865741517,69.4015213295,1.0,
53.286592079,69.421460928,1.0,
53.2865922231,69.3959848656,1.0,
53.2866012231,69.388579377,1.0,
53.2866042708,69.3941384893,1.0,
53.2866179464,69.3788521838,1.0,
53.2866298626,69.3837107537,1.0,
53.2866538753,69.3526635189,1.0,
53.2866643551,69.3964723788,1.0,
53.2866822862,69.4133940882,1.0,
53.2866950428,69.4232319216,1.0,
53.286696618,69.4143415165,1.0,
53.2867159711,69.3644147744,1.0,
53.2867250156,69.3730604414,1.0,
53.286726125,69.4087448349,1.0,
53.2867284517,69.3730542476,1.0,
53.2867499482,69.40268376,1.0,
53.2867960659,69.3524764575,1.0,
53.2868248861,69.4038541414,1.0,
53.2868463888,69.3657168791,1.0,
53.286855429,69.3385596276,1.0,
53.2868566922,69.3865435858,1.0,
53.2869055056,69.3913311027,1.0,
53.2869161699,69.407721909,1.0,
53.286917168,69.4077284002,1.0,
53.286917757,69.3991167476,1.0,
53.286923448,69.3924578867,1.0,
53.2869247951,69.3924522573,1.0,
53.2869320163,69.4136008334,1.0,
53.2869401506,69.4053191506,1.0,
53.2869574537,69.3965322262,1.0,
53.2869781828,69.4060579338,1.0,
53.2870826022,69.3842843005,1.0,
53.287086529,69.3975403872,1.0,
53.2870893688,69.3499217944,1.0,
53.2871012983,69.3756088189,1.0,
53.2871197856,69.4012745361,1.0,
53.2871803023,69.4085187578,1.0,
53.2871995266,69.4211148518,1.0,
53.2872181524,69.3520690455,1.0,
53.2872739119,69.4030918329,1.0,
53.2872894742,69.4104448189,1.0,
53.2872934917,69.4001428418,1.0,
53.2872992256,69.4116472201,1.0,
53.2872994073,69.4116401475,1.0,
53.2873386875,69.4038699668,1.0,
53.2873567252,69.4251971578,1.0,
53.2873652215,69.420777016,1.0,
53.2873703908,69.4135166945,1.0,
53.2874227089,69.3796474752,1.0,
53.2874386764,69.4050482313,1.0,
53.2874408075,69.4050554368,1.0,
53.2874740497,69.3972031701,1.0,
53.287476879,69.3971976536,1.0,
53.2874796565,69.3682244012,1.0,
53.287496592,69.4058264712,1.0,
53.2874984409,69.3882645209,1.0,
53.2875419971,69.3852368688,1.0,
53.287547045,69.3385658538,1.0,
53.2875671474,69.4372644622,1.0,
53.2875727553,69.3940747696,1.0,
53.28757365,69.3862028469,1.0,
53.2875858408,69.3962889732,2.0,
53.2875881408,69.4018317022,1.0,
53.2876098594,69.4185242601,1.0,
53.2876265398,69.4075845858,2.0,
53.2876298656,69.4009092782,1.0,
53.2876364221,69.3921941429,1.0,
53.2876569575,69.3908145184,1.0,
53.2876602717,69.3908093434,1.0,
53.2876648087,69.4202312094,1.0,
53.2876757704,69.4068352055,2.0,
53.2876813109,69.3997402322,1.0,
53.2877127914,69.4368976301,1.0,
53.2877205547,69.4039378314,1.0,
53.2877233167,69.3915120104,1.0,
53.2877497879,69.417315373,1.0,
53.2877592436,69.4055918542,2.0,
53.2877599567,69.3687251166,1.0,
53.2877901629,69.3818998274,1.0,
53.2877915094,69.4099264208,2.0,
53.2878119269,69.3741229424,1.0,
53.2878143696,69.3394237203,1.0,
53.2878338477,69.3898831455,1.0,
53.2878349773,69.3521215773,1.0,
53.2878985647,69.3700655653,1.0,
53.2879006514,69.4113808767,1.0,
53.2879361421,69.3511326396,1.0,
53.2879831298,69.3803211077,1.0,
53.2880005413,69.4127325994,1.0,
53.288026257,69.375665906,1.0,
53.2880457648,69.3831171069,1.0,
53.2880462227,69.4008310935,1.0,
53.2880473499,69.3740980693,1.0,
53.2880624035,69.3908709646,1.0,
53.2880866297,69.3490958493,1.0,
53.2881074566,69.4016779843,2.0,
53.2881348875,69.3859702024,1.0,
53.2881508605,69.3960846023,2.0,
53.2881577922,69.3394287852,1.0,
53.2881755309,69.3951590243,1.0,
53.2882063059,69.3821789521,1.0,
53.2882094095,69.3821838417,1.0,
53.2882391571,69.3458924908,1.0,
53.2882573099,69.4103965039,1.0,
53.2882843139,69.416477383,1.0,
53.2882899902,69.3694899694,1.0,
53.288367449,69.4223532561,1.0,
53.2883793902,69.4085956122,2.0,
53.2883816325,69.3861348697,1.0,
53.2883849119,69.4224193086,1.0,
53.2884070509,69.3842167373,1.0,
53.2884483431,69.3851372821,1.0,
53.2884744154,69.3770209676,1.0,
53.288509899,69.4363246746,1.0,
53.2885183998,69.3991101782,1.0,
53.288520088,69.4055801261,1.0,
53.2885238312,69.376230322,1.0,
53.2885272383,69.3738755958,1.0,
53.288539751,69.4006958885,1.0,
53.2885487826,69.4202782921,1.0,
53.2885994511,69.4045808378,2.0,
53.2886478792,69.3480482411,1.0,
53.2886946628,69.3980101617,2.0,
53.288737184,69.3798941586,1.0,
53.2887539626,69.3809817876,1.0,
53.2887788071,69.4033724636,1.0,
53.2887968098,69.4204073305,1.0,
53.2887970542,69.4204012184,1.0,
53.2888292762,69.4355225849,1.0,
53.2889068724,69.3505228837,1.0,
53.2889251516,69.4100537161,1.0,
53.2889563797,69.3888340351,1.0,
53.2889932424,69.3854747473,1.0,
53.2890093067,69.3395364085,1.0,
53.2890114677,69.4295909357,1.0,
53.2890245173,69.402147487,1.0,
53.2890325859,69.3748257218,1.0,
53.2890332909,69.4373005851,2.0,
53.2890626616,69.4278109686,1.0,
53.2890852351,69.4035770471,1.0,
53.2891060155,69.4286014894,1.0,
53.2891115521,69.3808766036,1.0,
53.2891216785,69.3791860626,1.0,
53.2891218964,69.3756789055,1.0,
53.2891472098,69.3814015339,1.0,
53.2891488688,69.4197650045,2.0,
53.2891585257,69.3760229644,1.0,
53.2891707928,69.4007674942,1.0,
53.2891767447,69.3828418584,1.0,
53.2891956169,69.4053356498,1.0,
53.289263583,69.3942794969,1.0,
53.2892733139,69.4098609695,1.0,
53.2893355857,69.4075548275,2.0,
53.2893443611,69.374012166,1.0,
53.2893499466,69.3967248289,1.0,
53.289354695,69.4024878268,1.0,
53.2893666233,69.4203115055,1.0,
53.2893970326,69.3780491864,1.0,
53.2894417898,69.4033058912,1.0,
53.2894427859,69.3399343525,1.0,
53.2894517037,69.4360716064,1.0,
53.2894696196,69.3787539874,1.0,
53.2894848809,69.3487554335,1.0,
53.2894883954,69.3759501244,1.0,
53.2895033032,69.4191226822,2.0,
53.2895088338,69.4329633129,1.0,
53.2895381725,69.409016039,1.0,
53.289576703,69.3792556735,1.0,
53.289577882,69.399647635,1.0,
53.2895957285,69.4046336401,2.0,
53.289613719,69.3498398761,1.0,
53.289617909,69.3878169241,1.0,
53.2896375736,69.3936720156,1.0,
53.2896854207,69.3799133053,1.0,
53.2896987565,69.3725785188,1.0,
53.2897123495,69.4057226134,1.0,
53.2897453177,69.3809022267,1.0,
53.2897754888,69.4013116312,1.0,
53.28981097,69.3457537108,1.0,
53.2898225657,69.3910443032,1.0,
53.2898261162,69.3910372233,1.0,
53.289831326,69.4068118551,2.0,
53.2898898295,69.3405353042,1.0,
53.2898942548,69.4184389125,1.0,
53.28989952,69.3843106844,1.0,
53.2899374507,69.3488566835,1.0,
53.2899567264,69.4265298656,1.0,
53.2899611998,69.3805760315,1.0,
53.2899618874,69.3392495651,1.0,
53.2899798701,69.4005267707,1.0,
53.290010317,69.3826153852,2.0,
53.2900568365,69.3835982951,1.0,
53.2900769841,69.3797536615,1.0,
53.2900973751,69.3930519659,1.0,
53.290124646,69.3817174928,1.0,
53.2901399381,69.4326070526,1.0,
53.2901426502,69.4004483131,1.0,
53.2901952171,69.3805210927,1.0,
53.2902008472,69.3749289396,1.0,
53.2902101587,69.3394557288,1.0,
53.2902439217,69.399657187,1.0,
53.2902789273,69.3900125316,1.0,
53.2903613194,69.4030011911,1.0,
53.2903649024,69.3793434623,1.0,
53.2903709759,69.4281655602,1.0,
53.2903814597,69.3756693786,1.0,
53.2904668217,69.3485051116,1.0,
53.2904916711,69.3777651385,1.0,
53.2905213762,69.3807628678,1.0,
53.2905374734,69.3954676973,1.0,
53.2905517373,69.4018896773,1.0,
53.2906384013,69.3988401315,1.0,
53.2907248359,69.3833341052,1.0,
53.2907608591,69.3843855403,1.0,
53.2907737147,69.3464717557,1.0,
53.2908158769,69.4335077419,1.0,
53.2908174311,69.3755691889,1.0,
53.290865656,69.3785141551,1.0,
53.2909520814,69.3795940358,1.0,
53.2909978696,69.3865232165,1.0,
53.2910401701,69.4293783145,1.0,
53.2911311856,69.3767244202,1.0,
53.2911688578,69.3478459562,1.0,
53.2911894695,69.404104444,1.0,
53.2911999808,69.4312043766,1.0,
53.2912094834,69.3832676849,1.0,
53.2912197721,69.4130222605,1.0,
53.2912497255,69.348211442,1.0,
53.2912908192,69.3794632274,1.0,
53.2913157914,69.4158772269,1.0,
53.2913332103,69.4342754036,1.0,
53.2913420414,69.3947929786,1.0,
53.2913887693,69.4175806331,1.0,
53.2914028806,69.4059034752,1.0,
53.2914334987,69.3847730291,2.0,
53.2914358253,69.4170127744,1.0,
53.291491575,69.3805117501,2.0,
53.2915083134,69.3871150085,1.0,
53.2915163476,69.3961429881,1.0,
53.2915718805,69.3375889276,1.0,
53.2915863604,69.3894586286,1.0,
53.2916129591,69.4355843388,1.0,
53.2917042069,69.4007760575,1.0,
53.2917049074,69.4007829411,1.0,
53.2917305702,69.4240713102,1.0,
53.2917386709,69.3952545593,1.0,
53.2917614022,69.4069279815,1.0,
53.2918020791,69.3353371671,1.0,
53.2919452528,69.3880006116,1.0,
53.2919723504,69.3840322891,1.0,
53.2920116009,69.3332453249,1.0,
53.29203352,69.3960260343,1.0,
53.2920716454,69.4326151299,1.0,
53.2921228661,69.4144321089,1.0,
53.2921272754,69.3951146125,1.0,
53.2922266539,69.3817453892,1.0,
53.2922348,69.3377718271,1.0,
53.2922675579,69.3970778096,1.0,
53.2922865211,69.3365223317,1.0,
53.2923226695,69.4053358505,1.0,
53.2923534574,69.4317933685,1.0,
53.2923744797,69.3996401911,1.0,
53.2923769261,69.3279223016,1.0,
53.2923781994,69.3805754348,1.0,
53.2924452168,69.3889529016,1.0,
53.2924734772,69.3968652372,1.0,
53.2924779423,69.3314789349,1.0,
53.2924935058,69.4014204876,1.0,
53.2925021949,69.438201343,1.0,
53.2925092847,69.3374761058,1.0,
53.2925099962,69.3308875059,1.0,
53.2925179306,69.3970357343,1.0,
53.2925300651,69.3390664488,1.0,
53.2925507224,69.4333598283,1.0,
53.2925741355,69.4227517882,1.0,
53.2925866576,69.3787028076,1.0,
53.2926347934,69.3289444484,1.0,
53.2926569614,69.3378709529,1.0,
53.2926640708,69.3845724266,1.0,
53.2926642022,69.3384777369,1.0,
53.2926738501,69.3757038156,1.0,
53.2926928154,69.422320399,1.0,
53.2927054835,69.3863148112,1.0,
53.2927080081,69.3863207885,1.0,
53.292757935,69.326867808,1.0,
53.2927858003,69.3374006287,1.0,
53.2928767471,69.3327952956,1.0,
53.2928961921,69.3457569942,1.0,
53.2929238655,69.4325810002,1.0,
53.2929766503,69.4233539121,1.0,
53.292996371,69.3350657871,1.0,
53.2930179002,69.3926243717,1.0,
53.2930311684,69.3828821324,1.0,
53.2930325846,69.3346058065,1.0,
53.2930343602,69.3828883495,1.0,
53.2930713086,69.4279214211,1.0,
53.2931093115,69.3883566705,1.0,
53.2931189717,69.3760559478,1.0,
53.2931279896,69.3335283901,1.0,
53.2931444399,69.3995404511,1.0,
53.2931737744,69.3860489866,1.0,
53.2931781712,69.3860425286,1.0,
53.2931927602,69.3993835215,1.0,
53.2932390763,69.3776488754,1.0,
53.2932488107,69.4320391518,1.0,
53.293252418,69.4240825157,1.0,
53.2932963345,69.4220445116,1.0,
53.293387599,69.3306471375,1.0,
53.2933961646,69.3864954878,1.0,
53.2934851986,69.3785076878,1.0,
53.2935575063,69.3986985671,1.0,
53.2936682114,69.3923318965,1.0,
53.2937212658,69.3448748162,1.0,
53.2937335517,69.4249866935,1.0,
53.2937376901,69.4403419513,1.0,
53.2937896197,69.4194045495,1.0,
53.2938527734,69.3955519985,1.0,
53.2939226162,69.3874729268,1.0,
53.2939239759,69.396564689,1.0,
53.2939780474,69.4018480477,1.0,
53.2940690076,69.398104517,1.0,
53.2941256451,69.4208647766,2.0,
53.2941824792,69.4261140113,1.0,
53.2942840561,69.3877839831,2.0,
53.2943247453,69.4397307323,1.0,
53.2943285677,69.402707197,1.0,
53.2943287918,69.3770443957,1.0,
53.2943321979,69.4027129338,1.0,
53.2943614887,69.388460201,1.0,
53.2943641533,69.388454335,1.0,
53.2943652197,69.3432857403,1.0,
53.2944489801,69.3891961513,1.0,
53.2944516863,69.3891899376,1.0,
53.294476254,69.4016664645,1.0,
53.2944922477,69.3818949622,1.0,
53.2945014416,69.3823705904,1.0,
53.2945767391,69.3819941295,1.0,
53.2946572856,69.4032265303,1.0,
53.2946831755,69.3772280927,1.0,
53.2948370885,69.3775153745,1.0,
53.2948397541,69.4248326363,1.0,
53.2948799664,69.3923661814,2.0,
53.2949167347,69.4376315206,1.0,
53.2949319068,69.4240008195,1.0,
53.294935835,69.4340705188,1.0,
53.2949814945,69.37733332,1.0,
53.2949851128,69.4291463534,1.0,
53.295045492,69.3989210781,1.0,
53.2950699895,69.3814836866,1.0,
53.2950730564,69.4237769992,1.0,
53.2952097293,69.3983701822,1.0,
53.295297714,69.3231537713,1.0,
53.2953757006,69.3874356812,1.0,
53.2953854854,69.4356670316,1.0,
53.2953902312,69.4043313643,1.0,
53.2954461172,69.3992336438,1.0,
53.2954513061,69.4220612912,1.0,
53.2954871095,69.4272652985,1.0,
53.2955178627,69.377883755,1.0,
53.2956078624,69.3985535952,1.0,
53.2956155129,69.4311535658,1.0,
53.2956919548,69.4328230343,1.0,
53.2957161573,69.4016490342,1.0,
53.2957927539,69.3995524782,1.0,
53.2957941031,69.3816630331,1.0,
53.2958654838,69.4305934843,1.0,
53.2958782526,69.4239686998,1.0,
53.295948783,69.4001019723,1.0,
53.2959607358,69.377991461,1.0,
53.2960062336,69.3148484124,1.0,
53.2960649774,69.4339298639,1.0,
53.2960874216,69.4235967477,1.0,
53.2960907802,69.3975155833,1.0,
53.2960973541,69.3825944725,1.0,
53.2961565296,69.4048003819,1.0,
53.2961848816,69.3833304408,1.0,
53.2963049305,69.4000926432,1.0,
53.2963068596,69.4012008772,1.0,
53.296335812,69.3981668772,1.0,
53.2964363756,69.41817174,1.0,
53.2964426298,69.4215026688,1.0,
53.2964438014,69.4040118807,1.0,
53.296531513,69.3990661917,1.0,
53.2966040381,69.4234644601,1.0,
53.2966119311,69.4193937184,1.0,
53.2967196466,69.3967611757,1.0,
53.2967374901,69.4000648754,1.0,
53.2968736996,69.3131908139,1.0,
53.2968996057,69.397950269,2.0,
53.2971087938,69.4193274209,1.0,
53.2971191,69.3972626381,1.0,
53.2971471957,69.4218833709,1.0,
53.2972082817,69.401661871,1.0,
53.2972130828,69.4007901168,1.0,
53.2972827392,69.4224034574,1.0,
53.2973775644,69.4214818649,1.0,
53.2973787199,69.4200110424,1.0,
53.2973811725,69.3968449516,1.0,
53.2974614299,69.3823622582,1.0,
53.2975167065,69.4285390897,1.0,
53.2978129177,69.4225390209,1.0,
53.2978257714,69.3846619286,1.0,
53.2978799565,69.3863640759,1.0,
53.2979212333,69.3170715808,1.0,
53.2979565925,69.420509831,1.0,
53.2979567103,69.4211872812,1.0,
53.2981196145,69.3982139472,1.0,
53.2982421333,69.3050199372,1.0,
53.2983093151,69.3848357886,1.0,
53.2983120686,69.4330763486,1.0,
53.2983908487,69.398669865,1.0,
53.2983930466,69.3867958206,1.0,
53.2984205839,69.4281807331,1.0,
53.2984265644,69.3861137073,1.0,
53.2984566896,69.4339307359,1.0,
53.29854776,69.4279823682,1.0,
53.2985984433,69.3795203919,1.0,
53.2986870682,69.3846020593,1.0,
53.2987394795,69.3852853804,1.0,
53.2987777827,69.4333940196,1.0,
53.2987842196,69.400659029,1.0,
53.2988683336,69.4340324318,1.0,
53.298884846,69.412516037,1.0,
53.2988953131,69.4195995864,1.0,
53.2990165915,69.4138822308,1.0,
53.2990228157,69.3960386023,1.0,
53.2990325359,69.3891730094,1.0,
53.2990670357,69.4001053767,1.0,
53.2990757214,69.3869155915,1.0,
53.2990855302,69.3847022251,1.0,
53.2992293957,69.4190620098,1.0,
53.2992350625,69.3100071792,1.0,
53.2993179379,69.3053763737,1.0,
53.2993392163,69.4119090773,1.0,
53.2993975122,69.4242707121,1.0,
53.2994387817,69.4224529955,1.0,
53.2994568302,69.4253008043,1.0,
53.2994753491,69.4281766438,1.0,
53.2994809625,69.3842302415,1.0,
53.2994840695,69.3842239973,1.0,
53.2994959752,69.3961293121,1.0,
53.2995102244,69.3999407069,1.0,
53.2995134412,69.3999461672,1.0,
53.2996019975,69.3854986409,1.0,
53.2996027389,69.3854917543,1.0,
53.2996109989,69.4318296444,1.0,
53.299636232,69.3868357005,1.0,
53.2997022991,69.3956568445,1.0,
53.2997043102,69.3956510786,1.0,
53.2998116605,69.3877904305,1.0,
53.2998242626,69.4246716147,1.0,
53.2999322938,69.4320708489,1.0,
53.2999474756,69.4244341668,1.0,
53.2999492578,69.3843583479,1.0,
53.3000080253,69.3063302851,1.0,
53.3000775363,69.3809901187,1.0,
53.3000864599,69.3061695502,1.0,
53.3000907999,69.3970535801,1.0,
53.3001476541,69.4309375135,1.0,
53.3003204689,69.3878353977,1.0,
53.3003891808,69.3848229176,1.0,
53.3004224913,69.4284203411,1.0,
53.3004565577,69.3987501695,1.0,
53.3005437756,69.3993955796,1.0,
53.300653842,69.3991444382,1.0,
53.3006692889,69.3946996532,1.0,
53.3006730289,69.4273105615,1.0,
53.3007288157,69.4011075075,1.0,
53.3007321681,69.4011009606,1.0,
53.3007673552,69.3989346721,1.0,
53.3007831266,69.3981721731,1.0,
53.3008265098,69.3886786568,1.0,
53.3008475869,69.3879141111,1.0,
53.3008957152,69.4296542011,1.0,
53.3009036224,69.3855296624,1.0,
53.300917962,69.3818798939,1.0,
53.3009689238,69.4249975005,1.0,
53.3009794194,69.3960530064,1.0,
53.3010137685,69.4285056229,1.0,
53.3010345918,69.3887207684,1.0,
53.3010609093,69.4272707793,1.0,
53.3011291294,69.4300532848,1.0,
53.3011384443,69.4264674624,1.0,
53.3011666233,69.4291808145,1.0,
53.3011711025,69.3974089906,1.0,
53.3014174063,69.4305227669,1.0,
53.3015271273,69.4240836572,1.0,
53.3015831863,69.4228300396,1.0,
53.3016045859,69.4251947113,1.0,
53.301643547,69.4238568179,1.0,
53.3017033602,69.4130343976,1.0,
53.3018168408,69.3980079975,1.0,
53.3018884593,69.4269881787,1.0,
53.3019924915,69.395985086,1.0,
53.3020925767,69.3933857787,1.0,
53.3025725123,69.3957480921,1.0,
53.3026052272,69.3924945776,1.0,
53.3026168889,69.3839866377,1.0,
53.3026868792,69.3970196951,1.0,
53.3027506799,69.3963976925,1.0,
53.3027846695,69.4151929137,1.0,
53.3029082809,69.4282451416,1.0,
53.3029983124,69.3936334484,1.0,
53.303071735,69.3948636086,1.0,
53.3031500681,69.3909766002,1.0,
53.3031611679,69.258098855,1.0,
53.3032715885,69.257254598,1.0,
53.303476106,69.2581933324,1.0,
53.3034808437,69.2577004894,1.0,
53.3035222914,69.39135978,1.0,
53.3035649873,69.2590441664,1.0,
53.3036620687,69.390800532,1.0,
53.3036665011,69.3907956069,1.0,
53.3037270609,69.3941706372,1.0,
53.3037372814,69.3856190282,1.0,
53.3037615947,69.2586095373,1.0,
53.3038138847,69.2594465483,1.0,
53.3038161517,69.2574567015,1.0,
53.3039292266,69.258305961,1.0,
53.303949485,69.3953290629,1.0,
53.3040385773,69.2590651424,1.0,
53.3041764293,69.256691027,1.0,
53.3042251246,69.3906758536,1.0,
53.304258983,69.2593534517,1.0,
53.3042921179,69.3923034285,1.0,
53.3044155572,69.2590256667,1.0,
53.3044735357,69.2596295956,1.0,
53.3044774221,69.2596343433,1.0,
53.3045265381,69.2985670568,1.0,
53.3046616986,69.2593255153,1.0,
53.3046725987,69.3911906006,1.0,
53.3048586174,69.2596030134,1.0,
53.3049789049,69.2603506434,1.0,
53.3050214586,69.3911543607,2.0,
53.3054235023,69.3942042207,1.0,
53.3054712403,69.2605251547,1.0,
53.3057476485,69.2609371163,1.0,
53.3058182581,69.3941370287,1.0,
53.3060147828,69.2618272128,1.0,
53.3060286946,69.3938213695,1.0,
53.3060454411,69.3921035569,1.0,
53.3063098109,69.2622264829,1.0,
53.3063243943,69.3901648583,1.0,
53.3064412367,69.3932306729,1.0,
53.3064997022,69.3908336983,1.0,
53.3065115324,69.2618583635,1.0,
53.3065579023,69.2493598058,1.0,
53.3069028006,69.393136582,2.0,
53.3071446148,69.3937238411,1.0,
53.3071450538,69.3937297266,1.0,
53.3072909709,69.3001223136,1.0,
53.3073800416,69.3906091149,1.0,
53.3078728711,69.3918983958,1.0,
53.3086227253,69.3908937183,1.0,
53.3086434692,69.3903804017,1.0,
53.3087264518,69.3930573519,1.0,
53.3091799105,69.3858487835,1.0,
53.3092758971,69.3934322142,1.0,
53.3096066402,69.3940166456,1.0,
53.3096100583,69.3940099833,1.0,
53.309827272,69.3896927357,1.0,
53.3099957066,69.3904674038,1.0,
53.3100221838,69.3940925402,1.0,
53.310103179,69.3974838607,1.0,
53.3101346373,69.3967497773,1.0,
53.3103856491,69.3918784839,1.0,
53.3105006015,69.3900926875,2.0,
53.3105056261,69.391166719,1.0,
53.3105059104,69.3911732489,1.0,
53.3112811103,69.3930878421,2.0,
53.3113378349,69.389721438,1.0,
53.3114234907,69.3834008891,1.0,
53.3114771872,69.3910320361,1.0,
53.3114794051,69.391037964,1.0,
53.3117078663,69.3889026497,1.0,
53.3120050844,69.3929707985,1.0,
53.3120067359,69.3912770249,1.0,
53.3120104978,69.3912827974,1.0,
53.3120672958,69.3832770315,2.0,
53.3121357667,69.3845420727,1.0,
53.3121743127,69.3890562056,2.0,
53.312236917,69.3851802941,1.0,
53.3124052192,69.3885971611,1.0,
53.312461247,69.3939319657,1.0,
53.3124654081,69.3939379027,1.0,
53.3125683284,69.3860332514,1.0,
53.312572163,69.3860288536,1.0,
53.312692928,69.3897283435,1.0,
53.3128030369,69.3867206476,2.0,
53.3128495068,69.3921204745,1.0,
53.3130160068,69.3849821787,1.0,
53.3130199876,69.3849748028,1.0,
53.313094268,69.3884045189,2.0,
53.3131887718,69.3939236163,1.0,
53.313278704,69.3858079016,1.0,
53.3132883945,69.2577792742,1.0,
53.3133333265,69.3812071467,1.0,
53.3135795001,69.3968150516,1.0,
53.3137300996,69.3893878536,2.0,
53.3137395812,69.392924479,1.0,
53.3138181478,69.3941834352,1.0,
53.313821915,69.3941905516,1.0,
53.3140678711,69.2520549217,1.0,
53.3140906033,69.3886535233,2.0,
53.3141066876,69.3921216239,2.0,
53.3141145865,69.2564631226,1.0,
53.3141885104,69.2504392774,1.0,
53.3142547542,69.2515192847,1.0,
53.3144546515,69.3928313622,2.0,
53.3144903425,69.3879971827,2.0,
53.3145085753,69.3848605164,1.0,
53.3145125545,69.3848653329,1.0,
53.3145322238,69.3941370547,1.0,
53.3145363085,69.3941427302,1.0,
53.3146386454,69.3859133682,2.0,
53.314671257,69.3891621721,1.0,
53.3146744249,69.3891549495,1.0,
53.3148034587,69.2496828872,1.0,
53.3148661966,69.2548143081,1.0,
53.3151491952,69.3893858452,2.0,
53.3151916768,69.3877837693,1.0,
53.3152003031,69.3944167628,1.0,
53.3152362835,69.2531155563,1.0,
53.3153147808,69.3929034391,1.0,
53.3153855406,69.3911432929,1.0,
53.3154101947,69.2524568398,1.0,
53.3155231592,69.3827335606,1.0,
53.3156970905,69.2519256928,1.0,
53.315721155,69.2598711534,1.0,
53.3158237764,69.3894121478,1.0,
53.3159289672,69.258032921,1.0,
53.3159619027,69.2536499468,1.0,
53.3159645886,69.3879514954,2.0,
53.3161979037,69.3887701403,1.0,
53.3162623281,69.3927223452,1.0,
53.3164834882,69.2540153382,1.0,
53.3165304293,69.2574591954,1.0,
53.3167063639,69.2586724163,1.0,
53.3170658996,69.2626101924,1.0,
53.3174825853,69.2547171316,1.0,
53.3177354251,69.2548775916,1.0,
53.3180038518,69.2570860479,1.0,
53.3180785751,69.2597468171,1.0,
53.3182442402,69.2637250915,1.0,
53.3185311607,69.2567238693,1.0,
53.3187651305,69.2603114401,1.0,
53.319426544,69.2617619558,1.0,
53.3200635968,69.2579542418,1.0,
53.3207352797,69.2551495149,1.0,
53.3209845971,69.253563951,1.0,
53.3211188195,69.2616618809,1.0,
53.3214279566,69.2669507929,1.0,
53.3214546056,69.2549523228,1.0,
53.3214786727,69.2633930179,1.0,
53.3219314942,69.250588527,1.0,
53.3220361734,69.2645552959,1.0,
53.3221731789,69.26238144,1.0,
53.3221934957,69.2547601303,1.0,
53.3223017312,69.2509121387,1.0,
53.3223961192,69.2517296634,1.0,
53.3223964995,69.251736474,1.0,
53.3225149023,69.2510915842,2.0,
53.3225558839,69.2550501448,1.0,
53.3227777918,69.4229339032,1.0,
53.3228154124,69.2513394218,1.0,
53.3230660222,69.251542829,1.0,
53.3233352245,69.2556943796,1.0,
53.3233525396,69.2517906161,1.0,
53.3235059637,69.2526536505,1.0,
53.3235091815,69.2526588356,1.0,
53.323544056,69.2566530153,2.0,
53.3237604241,69.2528705076,1.0,
53.3240281578,69.2524229823,1.0,
53.3240296165,69.2591174259,1.0,
53.324083386,69.2531726875,1.0,
53.3241282866,69.2571216196,2.0,
53.3243592114,69.2393368464,1.0,
53.3244418046,69.253346792,1.0,
53.3246022363,69.2667031155,1.0,
53.3246864925,69.2568444135,1.0,
53.3246942589,69.2536403618,1.0,
53.3247032329,69.2639887965,1.0,
53.3250226706,69.2579108445,1.0,
53.3250847021,69.253999296,1.0,
53.3250883821,69.2540044,1.0,
53.3252549193,69.2573042329,1.0,
53.3254858405,69.254340824,1.0,
53.3256806794,69.2324145908,1.0,
53.3257169112,69.2545503154,2.0,
53.3257343456,69.4315511494,1.0,
53.3258210059,69.2620269093,1.0,
53.3258291814,69.2646360561,1.0,
53.3259214129,69.2547244395,1.0,
53.3259228086,69.2547300361,1.0,
53.3259526478,69.4309548475,1.0,
53.3259761586,69.2413344477,1.0,
53.3261228909,69.234492726,1.0,
53.3261733747,69.254195303,1.0,
53.3262206612,69.2581057113,1.0,
53.3263094972,69.2366975039,1.0,
53.3263277535,69.258996125,2.0,
53.3264615086,69.4312540661,1.0,
53.3264685987,69.2345879748,1.0,
53.3265045069,69.2583215249,1.0,
53.3266586976,69.2635629076,1.0,
53.3268181944,69.2586063107,1.0,
53.327054594,69.2649412862,1.0,
53.3270959669,69.2622891489,1.0,
53.3272410551,69.2678324749,1.0,
53.3276634667,69.2662895652,1.0,
53.3277606928,69.4176300191,1.0,
53.3278569172,69.4330568697,1.0,
53.3279488191,69.4359457734,1.0,
53.3280674613,69.2422467693,1.0,
53.3282212221,69.2647843759,1.0,
53.3282309102,69.2607108482,1.0,
53.3285440729,69.2683563291,1.0,
53.3286000906,69.2628192996,1.0,
53.3289032413,69.2641643392,1.0,
53.3289428479,69.2626068939,1.0,
53.329056833,69.2613570628,1.0,
53.3291338608,69.2471016366,1.0,
53.3291513126,69.4343672819,1.0,
53.3292176224,69.2631789162,1.0,
53.329246088,69.2642094985,1.0,
53.3292835029,69.2668528475,1.0,
53.3294624031,69.2706296417,1.0,
53.3296674455,69.2636677286,1.0,
53.3297062029,69.2646014412,1.0,
53.3299081346,69.26380685,1.0,
53.3299894883,69.2613461107,1.0,
53.3299912301,69.2613396361,1.0,
53.3300926907,69.2632010697,1.0,
53.3302445737,69.2713037845,1.0,
53.3305697616,69.2653012239,1.0,
53.3306038841,69.2707278393,1.0,
53.3307145354,69.2686317831,1.0,
53.3307435993,69.265782161,2.0,
53.3308006935,69.4288951637,1.0,
53.3308748828,69.2606086005,1.0,
53.3309791023,69.4326414617,1.0,
53.3311487852,69.2690943091,1.0,
53.3312404018,69.4284373434,1.0,
53.3312597285,69.27033679,1.0,
53.3313920724,69.4333753857,1.0,
53.3314389388,69.2690574625,2.0,
53.3316239914,69.2740297586,1.0,
53.3318670808,69.2630297933,1.0,
53.3319420396,69.2707681612,1.0,
53.332093413,69.2657394421,1.0,
53.3322566017,69.2730286476,1.0,
53.3324287476,69.2643249585,1.0,
53.3324487061,69.2630968427,1.0,
53.3325308541,69.2618436042,1.0,
53.332610636,69.2626450728,1.0,
53.3326595006,69.2612122645,1.0,
53.3327143626,69.4289778555,1.0,
53.3327365836,69.2622519678,1.0,
53.3328208709,69.2658568941,1.0,
53.3331813401,69.2640364559,1.0,
53.3332603937,69.4273683352,1.0,
53.333288608,69.4305939898,1.0,
53.333313046,69.2670471581,1.0,
53.3335101272,69.2614518426,1.0,
53.3335394301,69.2629487845,1.0,
53.3336774027,69.2566552405,1.0,
53.3337101269,69.2695430137,1.0,
53.3338484125,69.2573303918,1.0,
53.3338551107,69.2641261323,1.0,
53.3340705641,69.2684412225,1.0,
53.3341278201,69.270545567,1.0,
53.3342714273,69.2711793089,1.0,
53.3343423773,69.269918058,1.0,
53.3344426122,69.2677530583,1.0,
53.3344678023,69.2695126441,1.0,
53.3346741149,69.4312352774,1.0,
53.3350301963,69.4327238023,1.0,
53.3350768816,69.2659864946,1.0,
53.3353525034,69.2695732691,1.0,
53.3353724752,69.2663849817,1.0,
53.3356226614,69.2654126035,1.0,
53.3361448934,69.2622697851,1.0,
53.3366806466,69.2715176614,1.0,
53.3369989994,69.2610281182,1.0,
53.3370912121,69.2627930858,1.0,
53.3371597283,69.2696307868,1.0,
53.3371748127,69.2702216667,1.0,
53.3373523389,69.2652298309,1.0,
53.338569106,69.2760965459,1.0,
53.339587116,69.2568086979,1.0,
53.339920054,69.2582377912,1.0,
53.3399235025,69.2561308374,1.0,
53.3434440056,69.2477662114,1.0,
53.3522805215,69.4846887431,1.0,
53.354177967,69.4944582513,2.0,
53.3542006045,69.4955620498,1.0,
53.3544019198,69.4961532338,1.0,
53.3545191303,69.4923219831,1.0,
53.354519925,69.4965143411,1.0,
53.3546044982,69.4953129219,1.0,
53.3547428484,69.4896661586,1.0,
53.3547925458,69.4958751801,1.0,
53.3548238568,69.4918338497,1.0,
53.3550896471,69.4908308498,1.0,
53.3554632895,69.4806717058,1.0,
53.3557875633,69.4905965334,1.0,
53.3565443114,69.4882545245,1.0,
53.356696218,69.4905629402,1.0,
53.3569739347,69.4838316692,1.0,
53.3570959002,69.4863997451,1.0,
53.3573805374,69.4913280805,1.0,
53.3576039472,69.4945104373,1.0,
53.3596582989,69.5000129649,1.0,
53.360109239,69.496916481,1.0,
53.3622689505,69.4976909006,1.0,
53.2542896989,69.3675769107,2.0,
53.2834996871,69.3748763176,2.0,
53.2895548143,69.3847095324,2.0,
53.3395506653,69.2754630068,2.0,
53.2814128814,69.4038662265,2.0,
53.2838548875,69.4297767199,2.0,
53.2771164038,69.3637669761,2.0,
53.288331472,69.3880923349,2.0,
53.2800313971,69.3829147436,2.0,
53.3104677825,69.3892499341,2.0,
53.2774451432,69.3570971907,2.0,
53.2948862536,69.3868146104,2.0,
53.285977249,69.4006844442,2.0,
53.2872152292,69.3993028361,2.0,
53.2686632329,69.4270906245,2.0,
53.2695652268,69.4269948303,2.0,
53.2730318791,69.3791807877,2.0,
53.287457937,69.4128055956,2.0,
53.2899382795,69.4078756198,2.0,
53.3238397256,69.2529324317,2.0,
53.3372112724,69.2708970417,2.0,
53.2876966228,69.4086378361,2.0,
53.2828125294,69.3929585928,2.0,
53.2534840469,69.3705835935,2.0,
53.2814912657,69.3875467,2.0,
53.3017707657,69.3855554206,2.0,
53.3055026533,69.3983179552,2.0,
53.2805616531,69.3753780135,2.0,
53.2690342977,69.4286847724,2.0,
53.2828838933,69.3876195441,2.0,
53.2871302783,69.3983838695,2.0,
53.2850337596,69.3951863191,2.0,
53.3220451361,69.2554434918,2.0,
53.2691915356,69.4234073014,2.0,
53.2737179394,69.4027895519,2.0,
53.2714152161,69.4275832987,2.0,
53.2808749461,69.3814218978,2.0,
53.2811275796,69.3837826141,2.0,
53.2861845296,69.4013292529,2.0,
53.2830224556,69.3983480186,2.0,
53.3145130589,69.3841255945,2.0,
53.2849614212,69.4277502779,2.0,
53.2847425743,69.4019457615,2.0,
53.2765546991,69.377532669,2.0,
53.2798061319,69.394269448,2.0,
53.271179264,69.4078038515,2.0,
53.2820701352,69.3752226194,2.0,
53.2831930615,69.3957695225,2.0,
53.2955561936,69.3835966508,2.0,
53.3280964001,69.2671921418,2.0,
53.2833924789,69.4032536057,2.0,
53.301099638,69.3837967878,2.0,
53.289157291,69.4066382952,2.0,
53.3228199484,69.2521307476,2.0,
53.2884147324,69.4036945927,2.0,
53.2741051954,69.4056997004,2.0,
53.2976434254,69.4013467748,2.0,
53.2883121253,69.3969578834,2.0,
53.2874905314,69.3890709776,2.0,
53.3226106994,69.2519500149,2.0,
53.271422675,69.4219177347,2.0,
53.2826690687,69.4122048093,2.0,
53.2783899744,69.4007644768,2.0,
53.2902196898,69.3851198073,2.0,
53.2844116522,69.3991522904,2.0,
53.2918762856,69.3867447322,2.0,
53.2726530847,69.4071002184,2.0,
53.2896521709,69.4347143298,2.0,
53.2826476971,69.4312226658,2.0,
53.3249098896,69.2538358856,2.0,
53.281833085,69.3911228089,2.0,
53.2804080128,69.4000648371,2.0,
53.2925333124,69.3432429215,2.0,
53.281565285,69.3789974893,2.0,
53.2843914599,69.3810666468,2.0,
53.2834833391,69.428828246,2.0,
53.2732848927,69.4071353246,2.0,
53.2966821761,69.401997639,2.0,
53.270938278,69.4226292353,2.0,
53.2841576016,69.3909610533,2.0,
53.2922370736,69.3861733388,2.0,
53.2808893886,69.4322411421,2.0,
53.2865903621,69.4027286717,2.0,
53.2831366804,69.4062098381,2.0,
53.3315505708,69.2701424216,2.0,
53.2737075709,69.4174532358,2.0,
53.3120232577,69.3938718885,2.0,
53.2839878828,69.3850978758,2.0,
53.2720514629,69.4044556293,2.0,
53.3056916667,69.2613751108,2.0,
53.2811684037,69.4300343013,2.0,
53.3237779884,69.2521329832,2.0,
53.2695494239,69.4181765186,2.0,
53.2879246354,69.4047555893,2.0,
53.2922403405,69.3831477106,2.0,
53.2844969041,69.3943688241,2.0,
53.2855555409,69.406077752,2.0,
53.2891488451,69.4044371846,2.0,
53.2878674705,69.3839282494,2.0,
53.2662003009,69.4018066126,2.0,
