53.0926809301,63.5371581953,1.0,
53.1131884304,63.5637064746,1.0,
53.1169880024,63.5664870695,1.0,
53.1178636158,63.5677227792,1.0,
53.118295852,63.5689321143,4.0,
53.1188860522,63.569597376,1.0,
53.1192979271,63.5722701271,2.0,
53.1193790224,63.5821603704,2.0,
53.1197316369,63.5849506049,1.0,
53.1201072356,63.5700126765,1.0,
53.120502239,63.5838519146,1.0,
53.1207600233,63.5754025389,2.0,
53.1208627787,63.5737073656,2.0,
53.1211258871,63.5872830469,1.0,
53.1212843148,63.5768092491,2.0,
53.1212975753,63.5856175592,2.0,
53.1213521988,63.5757378786,1.0,
53.1216307378,63.5849429183,4.0,
53.1216711355,63.579345375,1.0,
53.1217430215,63.5726439656,4.0,
53.1219680201,63.5832852475,1.0,
53.1222428023,63.5863502066,1.0,
53.1225716115,63.5779749424,1.0,
53.1226404901,63.5737905408,4.0,
53.122815905,63.5872386333,2.0,
53.1232922557,63.5782974111,2.0,
53.1234372625,63.5822514178,4.0,
53.1234503004,63.5881580925,1.0,
53.1235403445,63.5828070881,1.0,
53.1236589552,63.5870096311,1.0,
53.1241038779,63.5914281673,4.0,
53.1241387965,63.5802080691,1.0,
53.1242450258,63.5905866374,1.0,
53.1247443289,63.5843384212,4.0,
53.1249848619,63.578963767,2.0,
53.1251352911,63.5915066634,1.0,
53.1254215128,63.586561188,1.0,
53.125743856,63.5818090836,1.0,
53.1258915299,63.5931943446,4.0,
53.1260643484,63.5910084209,2.0,
53.1261199852,63.5947579183,4.0,
53.1262006152,63.5943953858,1.0,
53.1263766669,63.587789397,1.0,
53.1265614768,63.5776346105,2.0,
53.1267286711,63.5910529989,1.0,
53.1268189188,63.5785617739,1.0,
53.1269591838,63.5863952466,2.0,
53.1270754665,63.5800478772,4.0,
53.1270987421,63.5922462792,2.0,
53.1272823136,63.589096822,1.0,
53.1276246122,63.594059658,2.0,
53.1277448519,63.582739342,1.0,
53.1278618872,63.5957388853,2.0,
53.1280002159,63.5910290011,4.0,
53.1280326215,63.5789091591,2.0,
53.1280342698,63.597853527,4.0,
53.1280834189,63.596085606,1.0,
53.1286236897,63.5794887166,1.0,
53.1292453596,63.5801146586,2.0,
53.1296486355,63.5816671701,1.0,
53.1299188761,63.5933647844,1.0,
53.1299529227,63.5969459426,1.0,
53.1301406298,63.5911841258,2.0,
53.1301616728,63.5975685495,4.0,
53.1302676169,63.5842457055,1.0,
53.130297591,63.5858725849,2.0,
53.1305112122,63.5899610018,4.0,
53.1305811903,63.5537681697,1.0,
53.1306582242,63.588040492,2.0,
53.13071476,63.5981179772,2.0,
53.1309588557,63.5925448927,2.0,
53.1309699989,63.5828191268,2.0,
53.1310451683,63.5860278865,4.0,
53.1312534411,63.5982560446,4.0,
53.1315063614,63.5840690579,4.0,
53.1315588648,63.5840845917,1.0,
53.1316614629,63.5860083404,1.0,
53.1319562665,63.5930153378,1.0,
53.1320423488,63.5992797981,2.0,
53.1320565508,63.5892929997,2.0,
53.1323601262,63.5882909069,1.0,
53.1331181218,63.5992364587,1.0,
53.1351361627,63.5813760267,1.0,
53.1354482693,63.5779056167,2.0,
53.1360122544,63.5798100039,1.0,
53.136962607,63.5730296918,1.0,
53.1386524536,63.5877687485,1.0,
53.1404577748,63.5868788357,2.0,
53.1417252827,63.5938118215,4.0,
53.1420788538,63.5934913198,1.0,
53.1432301616,63.5953676763,2.0,
53.1447519735,63.5886602064,2.0,
53.1466445917,63.5859694816,2.0,
53.1483635528,63.5917092043,1.0,
53.1484664612,63.5977027215,2.0,
53.1485182645,63.5919442158,2.0,
53.1486258873,63.595224595,4.0,
53.1488196439,63.5950052555,1.0,
53.1488560808,63.5936076705,2.0,
53.1494226793,63.5948277211,2.0,
53.1497222785,63.5959967364,8.0,
53.149743076,63.5925534187,1.0,
53.1506948646,63.5903299596,2.0,
53.1509012742,63.6034090079,2.0,
53.1509677873,63.6072517848,2.0,
53.150974091,63.5909273229,4.0,
53.1511174961,63.6009286179,4.0,
53.1512057762,63.5875182016,1.0,
53.1512112729,63.6045473848,8.0,
53.1512468617,63.5963335541,2.0,
53.1512669886,63.5896514748,1.0,
53.1512751915,63.596552511,1.0,
53.1513585538,63.5788481037,2.0,
53.1515306863,63.6016983689,2.0,
53.1515872612,63.6055892434,2.0,
53.1516001732,63.5992977187,2.0,
53.1516943003,63.5994342647,1.0,
53.151815746,63.6021502069,16.0,
53.1518664618,63.5907586985,1.0,
53.1518728847,63.6010235625,1.0,
53.1519068998,63.5976044462,4.0,
53.1519159789,63.6086770688,2.0,
53.1519600392,63.5932301548,2.0,
53.1520285484,63.6033778337,4.0,
53.1524878406,63.6034956774,8.0,
53.1526535454,63.5972760303,1.0,
53.152656003,63.614365566,4.0,
53.1526705905,63.6088092086,4.0,
53.1527705871,63.6005000828,8.0,
53.1528144086,63.6048939754,2.0,
53.1528967506,63.6122340901,1.0,
53.1529410758,63.6078565791,1.0,
53.152962293,63.6065187349,2.0,
53.1530744957,63.6017639331,1.0,
53.1533008135,63.6133806706,2.0,
53.1533470023,63.5780474091,1.0,
53.153452539,63.6041620458,4.0,
53.1534992159,63.6027289045,8.0,
53.1536079649,63.6152346384,1.0,
53.1536836882,63.6099655324,4.0,
53.1537232358,63.6157009732,4.0,
53.1538799701,63.6012420846,4.0,
53.1540544583,63.6130553188,1.0,
53.1541833008,63.6087525808,8.0,
53.1543652708,63.6138394498,4.0,
53.1544853619,63.6047477775,8.0,
53.1546529625,63.6020125522,8.0,
53.1548448194,63.6057579714,4.0,
53.1548778972,63.6033299866,2.0,
53.1548858017,63.6159112606,1.0,
53.1550187386,63.6108930883,4.0,
53.1550440062,63.6070005715,4.0,
53.1550806934,63.6147141411,2.0,
53.1552756614,63.6095355527,1.0,
53.1553262552,63.6164049851,2.0,
53.1553895899,63.6060815087,1.0,
53.1554011128,63.5943202968,4.0,
53.1555117696,63.5933436153,1.0,
53.1555172169,63.5993702235,2.0,
53.1556865459,63.6030924559,4.0,
53.155704349,63.6046200175,4.0,
53.1557349237,63.6172167578,1.0,
53.1559942708,63.6126686433,2.0,
53.1560184668,63.6113922433,2.0,
53.1561980607,63.6072547899,2.0,
53.1562619028,63.6105341087,4.0,
53.1564011092,63.586263546,4.0,
53.156698253,63.603411591,1.0,
53.1567087964,63.6098399706,2.0,
53.1567253379,63.6047755829,1.0,
53.1567477341,63.6089375186,4.0,
53.1567623258,63.6004873868,2.0,
53.1568570128,63.5950035563,2.0,
53.1568759883,63.5847515058,1.0,
53.156907393,63.6036394745,4.0,
53.1571104487,63.6136351264,2.0,
53.1572850207,63.6079965441,2.0,
53.1573085898,63.5778822553,2.0,
53.1575728041,63.6165510856,4.0,
53.1576237043,63.5915123453,2.0,
53.1576651582,63.6056372785,4.0,
53.1578307667,63.613347342,1.0,
53.1579333503,63.61167249,8.0,
53.1580005697,63.6045574544,2.0,
53.1581087933,63.5877114267,4.0,
53.1581311232,63.5941615685,1.0,
53.1582109095,63.5891476226,2.0,
53.1582707256,63.5864151267,4.0,
53.1582767608,63.6095589246,8.0,
53.158282776,63.5959984057,2.0,
53.1583618165,63.6140620499,2.0,
53.1583677859,63.6068758758,4.0,
53.1584814781,63.6171233419,1.0,
53.1585957836,63.6055118431,2.0,
53.1587301888,63.5918266089,2.0,
53.1589194981,63.587561599,2.0,
53.1591200746,63.6081581927,1.0,
53.1591204071,63.6146029839,4.0,
53.1591663251,63.586216552,2.0,
53.1595097745,63.5869245061,1.0,
53.1596080519,63.6030063075,2.0,
53.1596278061,63.6179627349,1.0,
53.1596386706,63.6127369366,4.0,
53.1597744112,63.6102592474,2.0,
53.1599762945,63.5919525118,1.0,
53.1599918314,63.6061137765,2.0,
53.159992398,63.6162676725,2.0,
53.1600349292,63.5900763109,2.0,
53.1600883587,63.6003437121,4.0,
53.1600887588,63.6036329202,4.0,
53.1601991456,63.598870443,2.0,
53.1604252068,63.5886474927,4.0,
53.1604615942,63.6004421443,1.0,
53.1608715094,63.5973587185,4.0,
53.1608870544,63.6084693952,1.0,
53.1609512759,63.5917159368,4.0,
53.1609656229,63.6077777708,4.0,
53.1610846704,63.5955841214,2.0,
53.1612103,63.6045239224,4.0,
53.1612456443,63.5934378894,4.0,
53.1612647808,63.6058370164,2.0,
53.1613745199,63.6149589851,2.0,
53.1614191905,63.5908241907,2.0,
53.1616048825,63.6005286477,4.0,
53.1616438033,63.6026894279,1.0,
53.1618568754,63.6175034395,2.0,
53.1619814945,63.5886334684,4.0,
53.1619836864,63.5933007157,2.0,
53.1620046767,63.5864852348,2.0,
53.1621626002,63.6016081318,2.0,
53.1622395633,63.5895069748,2.0,
53.1624655819,63.5873048483,1.0,
53.1624937625,63.5853752068,1.0,
53.1626055686,63.5947861743,4.0,
53.1627998924,63.6151605047,4.0,
53.162926629,63.589738509,1.0,
53.1629776396,63.6008537445,4.0,
53.1630528807,63.6188658795,1.0,
53.1631826852,63.5919612558,4.0,
53.1632144875,63.5871556379,4.0,
53.1632799519,63.5838802864,1.0,
53.1632818085,63.6038761087,1.0,
53.1633075365,63.5995634926,8.0,
53.1635883316,63.6099102321,4.0,
53.1636912555,63.5968286322,2.0,
53.1638972264,63.5980348243,1.0,
53.1639262204,63.5881309088,2.0,
53.1639363121,63.5934479466,1.0,
53.1642743167,63.6058648007,2.0,
53.1644359422,63.5942082918,2.0,
53.1644769692,63.5925804813,2.0,
53.1644971666,63.5912020379,2.0,
53.1646269594,63.5869629301,2.0,
53.1648069796,63.6008549791,4.0,
53.1648444885,63.5915334408,1.0,
53.1648920561,63.5976817121,2.0,
53.1650168395,63.5990750662,4.0,
53.1654818322,63.600199591,1.0,
53.1657343972,63.598907403,2.0,
53.1657675923,63.6058524515,2.0,
53.1660372814,63.5872975141,2.0,
53.166372757,63.6039653289,4.0,
53.1664140284,63.6108134873,4.0,
53.1664711449,63.6094956964,1.0,
53.1666232468,63.5993963685,4.0,
53.1666241826,63.5879241435,1.0,
53.1668176462,63.5877201248,4.0,
53.1670370402,63.5863560864,2.0,
53.167156342,63.6077333336,2.0,
53.1671899706,63.6048932664,1.0,
53.167337366,63.5986426194,1.0,
53.167408362,63.6089744636,2.0,
53.1675840266,63.5993813571,2.0,
53.1679239225,63.5982682484,8.0,
53.1679608741,63.6128724058,1.0,
53.1680033911,63.6172715587,2.0,
53.1680713829,63.5974392329,1.0,
53.1681477659,63.6097495001,1.0,
53.1681777835,63.5849127633,2.0,
53.1682508989,63.5992486446,4.0,
53.1682961901,63.596693646,4.0,
53.1684255595,63.59491882,1.0,
53.1684821179,63.602650643,2.0,
53.1685278241,63.6119337448,2.0,
53.1686644647,63.5895524032,1.0,
53.1687806714,63.5957546935,2.0,
53.1690180714,63.6158898896,1.0,
53.1691524366,63.5976481982,4.0,
53.169208202,63.6116979615,1.0,
53.1692163627,63.5970183414,1.0,
53.1693101936,63.5852206823,2.0,
53.1694305656,63.6066334757,4.0,
53.169560574,63.6132696062,2.0,
53.1696022159,63.6082303166,4.0,
53.1696701486,63.5988184626,4.0,
53.1696881183,63.6003807423,4.0,
53.1697345781,63.603154568,4.0,
53.1699090714,63.6054951499,1.0,
53.1702012484,63.5850183316,1.0,
53.1702025403,63.6139206985,1.0,
53.170411205,63.6144385461,4.0,
53.1704455357,63.6165175361,4.0,
53.170474897,63.6058872477,2.0,
53.1706614627,63.608657901,2.0,
53.1706876776,63.6063481356,4.0,
53.1707081969,63.6044907457,2.0,
53.1707408076,63.6131596496,4.0,
53.1707430782,63.5973470812,1.0,
53.1707569497,63.599415425,4.0,
53.1707709914,63.6072626435,1.0,
53.1707969556,63.6072268003,8.0,
53.170929385,63.6027897322,1.0,
53.1712132691,63.59838279,4.0,
53.1712165095,63.6134696549,1.0,
53.1713006172,63.6035539155,2.0,
53.1713811707,63.6165043342,2.0,
53.1713844388,63.6085951965,1.0,
53.1714662801,63.6096916678,1.0,
53.1715000722,63.5853197903,2.0,
53.1715336225,63.605397831,1.0,
53.1715584725,63.6176788193,1.0,
53.1716768827,63.5874063107,1.0,
53.1716908842,63.6041523398,4.0,
53.1717954228,63.6120702331,4.0,
53.1718109634,63.6083168325,2.0,
53.1718380723,63.6141269387,2.0,
53.1718885913,63.5965995672,1.0,
53.1721172614,63.6163055048,1.0,
53.1722021444,63.6175703754,2.0,
53.1722083152,63.6062722728,8.0,
53.1722732935,63.6048426508,8.0,
53.1723305669,63.61552156,8.0,
53.1723811922,63.5990240758,4.0,
53.172475946,63.5936866746,1.0,
53.1725900187,63.5880717343,2.0,
53.1726294032,63.6010662747,8.0,
53.1726536555,63.610641825,1.0,
53.1726585373,63.5894645416,1.0,
53.172681676,63.5964083967,2.0,
53.1727205455,63.6038383969,8.0,
53.1727501132,63.6128194632,4.0,
53.1728109682,63.6026304615,2.0,
53.1729884245,63.6043222781,2.0,
53.1729885684,63.6291403804,4.0,
53.1729948134,63.6133479251,1.0,
53.1730060593,63.614094712,2.0,
53.1730188606,63.6115466861,2.0,
53.1730420481,63.6103175066,4.0,
53.1730421291,63.5904882958,2.0,
53.1733474961,63.6054723846,2.0,
53.1735004856,63.6071040461,8.0,
53.1735423419,63.5956816316,1.0,
53.1735637252,63.633003035,2.0,
53.1735689166,63.6168459459,8.0,
53.1735902804,63.6311252423,1.0,
53.1736057587,63.5913646489,1.0,
53.1736125972,63.5968642324,1.0,
53.1736626701,63.614658455,1.0,
53.1736643325,63.5980457556,1.0,
53.1736647802,63.5888338901,4.0,
53.1737138846,63.5848702275,2.0,
53.1737242567,63.6110100443,1.0,
53.1738047152,63.630303435,4.0,
53.1738838608,63.609002151,4.0,
53.1739174585,63.6008674905,4.0,
53.1739272454,63.5957946864,2.0,
53.173932807,63.5865551357,2.0,
53.173962362,63.6212272301,2.0,
53.1739857129,63.6264195765,4.0,
53.1739901415,63.6146700605,4.0,
53.174076687,63.6250742638,4.0,
53.1741222184,63.592009046,2.0,
53.1741329086,63.6174257798,1.0,
53.1741476952,63.6320154177,8.0,
53.1741556396,63.6038891999,2.0,
53.1741890401,63.5987575991,2.0,
53.1742318299,63.6074533786,1.0,
53.1742495005,63.6019126078,4.0,
53.1742619974,63.6290854308,1.0,
53.1742644281,63.6218058359,1.0,
53.1743355021,63.608476458,2.0,
53.1743600457,63.6187387845,2.0,
53.1743623958,63.6104084057,2.0,
53.1744812115,63.6229594795,1.0,
53.1744956086,63.6116505245,2.0,
53.1745212521,63.6134333312,4.0,
53.1745921079,63.6278003025,1.0,
53.1746231143,63.5994545487,1.0,
53.1747633505,63.6251439605,2.0,
53.1748025978,63.6074291606,4.0,
53.1748403536,63.5896734655,2.0,
53.1748813272,63.6833676856,2.0,
53.1749958953,63.5963272198,2.0,
53.1749962394,63.6160636414,4.0,
53.1750090106,63.5933458172,4.0,
53.1750252215,63.5951179395,1.0,
53.1750637997,63.6219919963,4.0,
53.1750809913,63.6094170275,1.0,
53.175105296,63.5907613485,2.0,
53.1751149778,63.6208875494,1.0,
53.1751750644,63.6827919978,1.0,
53.1751819262,63.6197391769,8.0,
53.1752555104,63.6239394104,2.0,
53.1752625054,63.6125763609,4.0,
53.1753153,63.6293356317,4.0,
53.1753586515,63.6228488545,2.0,
53.1753750214,63.6052589034,1.0,
53.1753912429,63.6171672829,1.0,
53.1754565387,63.6065234551,4.0,
53.1755384954,63.6242745168,1.0,
53.1755860561,63.5945762014,4.0,
53.175667998,63.6110825696,2.0,
53.1757983828,63.6018068687,4.0,
53.1758009053,63.6327245201,4.0,
53.1759891938,63.6280733274,2.0,
53.1759960349,63.6038219014,2.0,
53.1761149633,63.6245472896,8.0,
53.1761203042,63.5960008345,2.0,
53.1761219866,63.6004326312,1.0,
53.1761264712,63.5946935706,1.0,
53.1761275733,63.6260248666,2.0,
53.1761670897,63.6176562551,2.0,
53.1761981518,63.589595063,8.0,
53.1762011068,63.5924730876,1.0,
53.1763026091,63.6221720913,4.0,
53.1763031753,63.6162501749,4.0,
53.1763039351,63.5972019585,2.0,
53.1763947207,63.5862540802,1.0,
53.1764246695,63.6305043555,2.0,
53.1764299726,63.5917913538,4.0,
53.176452036,63.608068759,4.0,
53.1765409352,63.5935361227,4.0,
53.1765602153,63.6212005974,1.0,
53.1765659128,63.6120321238,2.0,
53.1766066706,63.6054750621,2.0,
53.1766284029,63.6233782554,2.0,
53.1766414712,63.5910791,1.0,
53.1766496851,63.6142689423,2.0,
53.1766660309,63.5937424887,1.0,
53.1767520672,63.6028101353,1.0,
53.1767573118,63.6341485938,2.0,
53.1768761821,63.5940719147,2.0,
53.1768853412,63.628949679,2.0,
53.1768894509,63.6213096039,2.0,
53.1768976794,63.6341729963,1.0,
53.1769149654,63.6107042986,2.0,
53.1769739446,63.6269054873,1.0,
53.1769916356,63.6316986319,2.0,
53.1769987165,63.6065248967,8.0,
53.1770599006,63.5866215837,2.0,
53.1771351438,63.6255503683,1.0,
53.1771407193,63.6255692503,4.0,
53.1771924291,63.5895678135,2.0,
53.1772434573,63.5970857666,4.0,
53.1773097166,63.6023856555,4.0,
53.1773254988,63.6271433683,2.0,
53.1773522025,63.629236915,4.0,
53.1774592663,63.6242267296,2.0,
53.1776137536,63.5995606815,2.0,
53.1776646185,63.6154741702,8.0,
53.1776930968,63.5814195817,2.0,
53.1777127766,63.5983945142,2.0,
53.1777154931,63.6239485907,8.0,
53.1777305997,63.6139541392,4.0,
53.1777756997,63.6306998675,8.0,
53.1778226615,63.6036049727,4.0,
53.1778564232,63.5912477394,2.0,
53.1778576933,63.611766673,8.0,
53.1778811198,63.607340614,2.0,
53.1779558152,63.6227652932,2.0,
53.1779589653,63.5950397097,1.0,
53.1780425555,63.610975587,2.0,
53.178102445,63.6031010434,1.0,
53.1781038643,63.6235004989,1.0,
53.1781106935,63.6162870123,1.0,
53.1781150061,63.5991329352,1.0,
53.1781353657,63.5958743566,4.0,
53.1782554263,63.6048511608,2.0,
53.1782920183,63.6351273186,4.0,
53.1782958761,63.6332689292,1.0,
53.1783558336,63.6214996704,1.0,
53.1783723501,63.6290256624,2.0,
53.1783803101,63.6321778831,2.0,
53.1784313203,63.5888424376,2.0,
53.1784633179,63.6003927202,2.0,
53.1784718401,63.6059986333,4.0,
53.1785301125,63.6097716541,4.0,
53.1785682564,63.592857132,2.0,
53.1786128901,63.5980736712,4.0,
53.1786162423,63.6020591497,1.0,
53.178626399,63.6093774943,1.0,
53.178684359,63.6029468397,2.0,
53.1787421468,63.5903344243,2.0,
53.178817631,63.6238108458,2.0,
53.178835371,63.5929425342,1.0,
53.1789040995,63.6070975818,1.0,
53.179023309,63.6079325631,2.0,
53.1790673919,63.594743182,1.0,
53.1791770791,63.5993557802,2.0,
53.1791834805,63.6319733623,1.0,
53.179220217,63.6163423213,4.0,
53.1792444518,63.5964587392,1.0,
53.1792624738,63.6296740983,2.0,
53.1793168034,63.6041658955,2.0,
53.1793184954,63.6091431979,2.0,
53.1793193303,63.5946757776,2.0,
53.1793451164,63.6274710134,4.0,
53.1794145526,63.6240734323,8.0,
53.1794305704,63.6107690141,4.0,
53.1794370868,63.622608565,4.0,
53.1795159397,63.633219563,1.0,
53.179523596,63.6059669575,1.0,
53.1795910869,63.6371300443,4.0,
53.1796078755,63.6255406826,8.0,
53.1796285881,63.5912857941,1.0,
53.1796571343,63.6217084175,8.0,
53.1796908674,63.6198178752,2.0,
53.1797211062,63.6177790808,2.0,
53.1797242341,63.6274722056,1.0,
53.179744062,63.6117647659,1.0,
53.179793401,63.5891403967,2.0,
53.1798283261,63.6170043654,1.0,
53.1798470315,63.6031398825,4.0,
53.1798700304,63.6005247067,2.0,
53.1798727658,63.6306215143,1.0,
53.1798827832,63.6142606289,4.0,
53.1798870896,63.6421802288,4.0,
53.1800657384,63.6211019746,1.0,
53.1800801154,63.6102832576,1.0,
53.1801030924,63.5998040889,1.0,
53.1801783517,63.6015703325,4.0,
53.1801925679,63.6377441894,8.0,
53.1802644251,63.6410233619,2.0,
53.1802825635,63.5901873625,2.0,
53.1803143446,63.6089950572,1.0,
53.1803162251,63.6361832069,8.0,
53.1803328358,63.6440324864,2.0,
53.1803421047,63.6186994567,4.0,
53.1803630768,63.6384735824,4.0,
53.1803941624,63.6157669669,1.0,
53.1804140594,63.6096250022,4.0,
53.1804755772,63.6285424548,2.0,
53.1804864272,63.6438601667,8.0,
53.1805156561,63.5953122973,1.0,
53.1805541421,63.6345690506,4.0,
53.1805714793,63.5944880907,2.0,
53.1805855996,63.6069569917,1.0,
53.1806040365,63.6114610991,8.0,
53.1806070709,63.6125987679,4.0,
53.1806077849,63.614120964,1.0,
53.1807117567,63.6389727592,1.0,
53.1807433656,63.6081982752,4.0,
53.1808016838,63.5879911297,2.0,
53.1808192043,63.6202467445,1.0,
53.1808333449,63.5922132413,1.0,
53.1809016473,63.6175445238,1.0,
53.1809164544,63.6251786436,1.0,
53.180942516,63.6385019324,2.0,
53.1810046101,63.595275327,8.0,
53.1810833001,63.6420842501,4.0,
53.1810848831,63.5937846265,1.0,
53.1810939558,63.6427449642,1.0,
53.1811280855,63.5963488244,1.0,
53.181141516,63.5982553294,2.0,
53.1811511965,63.6311224731,8.0,
53.1812063812,63.6066249781,2.0,
53.181216194,63.6089992998,2.0,
53.1812920945,63.633686392,1.0,
53.1813299055,63.6294795029,4.0,
53.1813431865,63.6365116314,2.0,
53.1813593928,63.6202836938,8.0,
53.1813596653,63.6142982658,4.0,
53.1814865494,63.6222447695,2.0,
53.1815520444,63.6269732894,4.0,
53.1816430281,63.5924438926,2.0,
53.1816691386,63.5991807142,1.0,
53.1817025794,63.589750437,2.0,
53.1817456983,63.6167830447,4.0,
53.1817704659,63.6415211843,1.0,
53.1817716149,63.6183818789,2.0,
53.18180603,63.5998440457,2.0,
53.1818837266,63.6306458156,1.0,
53.1818909676,63.61527574,2.0,
53.1819509564,63.6410921123,4.0,
53.1819731469,63.6058535561,1.0,
53.1819754661,63.6438626724,4.0,
53.1820628861,63.6103291757,2.0,
53.1820783659,63.5978020382,4.0,
53.1821153843,63.5909098443,2.0,
53.1821408662,63.6302615174,4.0,
53.1821419344,63.6025810235,1.0,
53.1821888698,63.5881361606,1.0,
53.1821927675,63.6241224384,1.0,
53.1821940116,63.6094569431,1.0,
53.1822637164,63.5942590565,4.0,
53.1822984637,63.627680707,8.0,
53.1823263262,63.6430408579,1.0,
53.1824091927,63.625618691,4.0,
53.1824347861,63.6334768021,4.0,
53.1824915115,63.6297309126,1.0,
53.1825483622,63.6119625058,1.0,
53.1826427249,63.5956793315,4.0,
53.182689537,63.6133433792,8.0,
53.1827525194,63.6070433557,2.0,
53.1827525575,63.6385813547,1.0,
53.1827728112,63.6230112593,4.0,
53.1827738927,63.6115192693,4.0,
53.1827876741,63.628381571,4.0,
53.1828163123,63.6216031811,4.0,
53.1828333313,63.604885441,4.0,
53.1828423245,63.5993763791,1.0,
53.182844949,63.6368576283,2.0,
53.1829168175,63.6010151226,1.0,
53.1829750912,63.6313016129,1.0,
53.1830253048,63.6323805843,8.0,
53.1830382813,63.6037708606,4.0,
53.1831531495,63.5982774255,1.0,
53.1831668564,63.6313574935,2.0,
53.1831868087,63.5899599863,4.0,
53.1831986608,63.6059679674,1.0,
53.1832001379,63.6402647228,1.0,
53.1832048306,63.6458678041,4.0,
53.1832083111,63.6403163349,4.0,
53.1832145431,63.6109413544,1.0,
53.1832203086,63.6264229008,1.0,
53.1832585463,63.6155962174,4.0,
53.1832661383,63.5968207998,1.0,
53.1832860635,63.5934644699,2.0,
53.1832940723,63.6084029678,4.0,
53.1832992222,63.5864472324,2.0,
53.1833447453,63.591062607,4.0,
53.183349028,63.619565907,1.0,
53.1833576446,63.6022183831,2.0,
53.183408883,63.6204441703,4.0,
53.1834100526,63.6001529536,4.0,
53.1835175396,63.6122746595,2.0,
53.1835707636,63.6377113787,8.0,
53.1835717801,63.6331462961,1.0,
53.1835758729,63.6415258055,4.0,
53.1835848229,63.5877599138,2.0,
53.183604777,63.6357349983,2.0,
53.1836975379,63.6206046989,1.0,
53.1837474334,63.5895980985,1.0,
53.1838080932,63.613860563,2.0,
53.1838089753,63.6392949203,8.0,
53.1838527163,63.6228176076,2.0,
53.1838834322,63.598922041,4.0,
53.1839117776,63.6331047211,2.0,
53.183979784,63.6053204572,4.0,
53.1840372044,63.6044887217,2.0,
53.1840642352,63.6099368408,4.0,
53.1840659071,63.6219818779,1.0,
53.1840766975,63.6073371611,2.0,
53.1840818926,63.6065507292,4.0,
53.1841636095,63.5997037295,2.0,
53.1841708821,63.6342549592,1.0,
53.1843277368,63.6108728368,2.0,
53.1843443533,63.6190943252,2.0,
53.1843912965,63.6248760207,2.0,
53.1844295826,63.6395865838,1.0,
53.1844363446,63.6035939036,4.0,
53.1844896359,63.6005095714,1.0,
53.1845216458,63.6346034317,8.0,
53.1845600412,63.6078704982,1.0,
53.1846361347,63.620045171,4.0,
53.184645215,63.6266289735,1.0,
53.1846780939,63.5877537537,1.0,
53.1847391953,63.5917853811,4.0,
53.1847425365,63.6209251653,2.0,
53.1847568961,63.638158647,4.0,
53.184759475,63.6366650779,8.0,
53.1847706624,63.6172865733,1.0,
53.1847818756,63.5872378751,2.0,
53.1847855391,63.6142378255,1.0,
53.184818098,63.631247822,8.0,
53.1848181316,63.5935412424,2.0,
53.1849610078,63.626173397,2.0,
53.1850556885,63.6290974688,2.0,
53.1850664042,63.6146523265,2.0,
53.1851587442,63.6330443474,2.0,
53.1851793982,63.5961166037,2.0,
53.1852272654,63.5997987617,4.0,
53.1852428314,63.6062721963,4.0,
53.1852669517,63.5946929363,4.0,
53.1852818075,63.6415269685,8.0,
53.1853468471,63.6077853125,2.0,
53.1853527403,63.6098633989,1.0,
53.1853568002,63.5984060555,4.0,
53.185359982,63.6404591463,1.0,
53.1853739396,63.609085961,8.0,
53.1853968655,63.6032407752,1.0,
53.185409669,63.6433752246,2.0,
53.1854207754,63.6229377695,4.0,
53.1854729555,63.5992548618,2.0,
53.1855629517,63.6017082075,2.0,
53.1856082067,63.6007356594,1.0,
53.185667691,63.6347262989,4.0,
53.1856722451,63.6053605428,2.0,
53.1856811093,63.6180945728,4.0,
53.1856941784,63.6251332048,8.0,
53.1857607279,63.6047368775,1.0,
53.1857624008,63.6390376889,4.0,
53.1858048562,63.6134899094,4.0,
53.1858646712,63.6261480185,1.0,
53.1859190707,63.6195271398,2.0,
53.1859407373,63.6125000084,2.0,
53.1860337105,63.6019985268,4.0,
53.1861114169,63.6360482094,4.0,
53.1861422102,63.6373387461,1.0,
53.1861528013,63.6003765075,4.0,
53.1861717284,63.6277746782,2.0,
53.186223939,63.6217420773,2.0,
53.1862401102,63.6074621762,4.0,
53.1862588345,63.6244156907,2.0,
53.1862855727,63.6119605059,1.0,
53.1863033708,63.6338086719,2.0,
53.186488354,63.6416168714,1.0,
53.1864895276,63.5939098064,4.0,
53.1864952795,63.6223269552,4.0,
53.1865395962,63.608926031,4.0,
53.1865439734,63.5985803255,2.0,
53.1865890918,63.6029625117,2.0,
53.1866117278,63.5997949293,2.0,
53.186647567,63.642818058,2.0,
53.1866708761,63.6458934541,4.0,
53.1866824291,63.6268897402,4.0,
53.1867266329,63.6475177539,4.0,
53.1867463986,63.6439291786,1.0,
53.1867899611,63.6310025417,8.0,
53.1868564752,63.6349531292,2.0,
53.1869293097,63.5975440578,1.0,
53.1869421242,63.595638449,4.0,
53.186984908,63.6361915229,2.0,
53.1869894788,63.6225440645,1.0,
53.1872751403,63.5965263767,2.0,
53.1872892772,63.6367415514,1.0,
53.1872930928,63.6062533512,4.0,
53.187294451,63.6048541409,1.0,
53.1873206829,63.645818075,1.0,
53.1873738343,63.6230975503,2.0,
53.187375146,63.6282624444,2.0,
53.1873787452,63.6474045419,2.0,
53.1875183602,63.6039279422,4.0,
53.1875285887,63.6296905163,2.0,
53.1875489148,63.6346097887,4.0,
53.1876039477,63.6385010314,4.0,
53.1876958557,63.6439581008,2.0,
53.1877157311,63.6096198058,1.0,
53.1877185875,63.6209965554,2.0,
53.187777636,63.6184829391,4.0,
53.1877944206,63.6006961046,2.0,
53.187825762,63.5982802896,2.0,
53.1878390432,63.6143572363,2.0,
53.1878715579,63.6450601202,2.0,
53.187972566,63.6035335162,1.0,
53.1879831215,63.6266691186,4.0,
53.1880371199,63.649437526,1.0,
53.1880380809,63.6189787095,1.0,
53.1881037211,63.6488217078,4.0,
53.1881186999,63.6273492166,1.0,
53.1881459922,63.602384234,4.0,
53.1881631674,63.6433990599,4.0,
53.1882263435,63.5877283744,2.0,
53.1882462184,63.5958932605,1.0,
53.188253088,63.6357230061,2.0,
53.1884166029,63.6492142594,2.0,
53.1884239018,63.6346092085,2.0,
53.1884883392,63.6155215391,4.0,
53.1885643659,63.6109876609,2.0,
53.1885904411,63.638841787,2.0,
53.1886418709,63.6250159874,1.0,
53.1886440257,63.6455709545,1.0,
53.1886599267,63.5984805747,1.0,
53.1886942517,63.6413386203,4.0,
53.1887367404,63.620229482,8.0,
53.1887463116,63.5918596223,4.0,
53.1887528264,63.6380044071,4.0,
53.1887850608,63.593380159,8.0,
53.1887876198,63.5945692172,2.0,
53.1888029544,63.6472295882,4.0,
53.1888688983,63.629908197,2.0,
53.188911574,63.5933068418,2.0,
53.1889131133,63.6125233896,4.0,
53.1889453305,63.5996271785,2.0,
53.1889557831,63.5940804932,1.0,
53.1889654616,63.6503627727,1.0,
53.1889956437,63.616453977,1.0,
53.1891144298,63.635875979,4.0,
53.1891738294,63.6336576599,2.0,
53.1892161752,63.6216383273,2.0,
53.1892319072,63.6444868302,4.0,
53.1892555001,63.6325515817,4.0,
53.1893109119,63.6270218496,4.0,
53.1893296756,63.609871979,1.0,
53.1893491471,63.5915170349,1.0,
53.1894017484,63.625522354,2.0,
53.1894135989,63.6420207621,8.0,
53.1894440874,63.6406210292,2.0,
53.1894782146,63.5954796189,2.0,
53.1895156926,63.6460804892,4.0,
53.1895306806,63.597438255,2.0,
53.1895332597,63.6032136979,1.0,
53.1895462697,63.6240295417,4.0,
53.1895838353,63.6163006444,2.0,
53.1895869874,63.6389203087,4.0,
53.1896084265,63.6192559992,1.0,
53.1896441088,63.6286993669,2.0,
53.1897046609,63.6124591417,1.0,
53.1897388638,63.6181224093,8.0,
53.1897687807,63.5869617931,1.0,
53.1897869828,63.5998510372,4.0,
53.1898016944,63.5898963627,4.0,
53.1898484305,63.6136124249,4.0,
53.189890108,63.6345170033,8.0,
53.1898927564,63.6408355473,1.0,
53.1900865537,63.6374881227,2.0,
53.190119867,63.6444020606,2.0,
53.1901267067,63.6377130614,1.0,
53.1901292835,63.6149429318,2.0,
53.1901417605,63.5930549473,4.0,
53.1901568116,63.6402394019,8.0,
53.1902080229,63.5891602142,2.0,
53.1902278247,63.6496438384,8.0,
53.1902453771,63.642349974,1.0,
53.190314531,63.5941653149,4.0,
53.1903243281,63.6450057326,1.0,
53.1903817608,63.6430821228,2.0,
53.1903882327,63.6216809024,2.0,
53.1903938405,63.6075096294,2.0,
53.1904220341,63.6232256098,2.0,
53.1904610759,63.5962067419,4.0,
53.1905197834,63.5981749184,1.0,
53.1905441762,63.6359723459,2.0,
53.1905500791,63.6167024937,1.0,
53.1905805361,63.6195638392,2.0,
53.1905953444,63.6012028053,2.0,
53.1906420249,63.5795742874,2.0,
53.1906451834,63.6478586142,2.0,
53.1906561249,63.6134822538,1.0,
53.1906802202,63.6065694612,8.0,
53.1906982464,63.6392971871,2.0,
53.1908348545,63.5788276117,1.0,
53.1908519281,63.6099116705,1.0,
53.1908831275,63.601785315,1.0,
53.1909707236,63.6458659952,4.0,
53.1910486647,63.6003203414,1.0,
53.1910594864,63.633451094,8.0,
53.1910794018,63.6474364016,4.0,
53.1910810738,63.6133306528,2.0,
53.1911267792,63.64299335,1.0,
53.1911311729,63.6202024812,1.0,
53.1911383395,63.638546619,8.0,
53.1911657227,63.6217502827,1.0,
53.1911674138,63.6327639415,1.0,
53.1912356262,63.6144888936,8.0,
53.1912564528,63.6187769064,1.0,
53.1912588291,63.6401410381,1.0,
53.1912731225,63.640999818,8.0,
53.1912795144,63.6353230817,1.0,
53.1912862746,63.6229565473,1.0,
53.1913274414,63.5973701138,4.0,
53.1913416276,63.615639417,4.0,
53.1913716843,63.6026343156,2.0,
53.1914089647,63.6444681058,1.0,
53.1914523351,63.605539768,4.0,
53.1914673507,63.6249930263,2.0,
53.1914800395,63.5771874287,1.0,
53.1916386817,63.6501887443,8.0,
53.1916517481,63.5936669274,4.0,
53.1916567257,63.6161903927,1.0,
53.1916689779,63.6240225143,4.0,
53.19174118,63.6012839225,2.0,
53.1917653539,63.6370055911,1.0,
53.1917701151,63.6212773316,4.0,
53.1917918709,63.6259376953,4.0,
53.1918246982,63.6274608752,4.0,
53.1918310624,63.6347512237,2.0,
53.1918601828,63.6074863428,1.0,
53.1919777087,63.6422564351,1.0,
53.1919948225,63.5959899976,1.0,
53.1920658585,63.6057616905,2.0,
53.1920700493,63.6107512083,4.0,
53.192072362,63.6393402608,4.0,
53.1920846754,63.6480026533,4.0,
53.192085948,63.6373185739,4.0,
53.1921299049,63.6091117661,4.0,
53.1921305034,63.6143331512,2.0,
53.192147336,63.6537456415,1.0,
53.1921729375,63.628998126,1.0,
53.192196673,63.6076224431,2.0,
53.1922015671,63.6468194695,4.0,
53.1922585138,63.6127377762,4.0,
53.1922636119,63.6488708058,2.0,
53.1923431566,63.6458893293,2.0,
53.1924033593,63.6200121468,4.0,
53.1924155766,63.6033077756,2.0,
53.1924465744,63.6234028533,1.0,
53.1924677023,63.6438899298,2.0,
53.1924749769,63.6406042517,2.0,
53.1924914866,63.6344820937,1.0,
53.1925119433,63.6340940078,4.0,
53.1925153993,63.6173697591,1.0,
53.1925421313,63.6173330156,2.0,
53.1925689407,63.6492385619,1.0,
53.1926227974,63.6266373143,1.0,
53.1926504892,63.6086087292,1.0,
53.1926702002,63.6547609508,1.0,
53.1926858881,63.6216503281,1.0,
53.1927127858,63.6320764532,1.0,
53.192728099,63.6050288102,8.0,
53.1927752448,63.6222075912,4.0,
53.1927866766,63.6164095741,4.0,
53.1927879074,63.6261293954,2.0,
53.1928926807,63.6512215928,2.0,
53.1929720798,63.615013704,1.0,
53.192974813,63.6322064608,4.0,
53.1929864031,63.6422312055,4.0,
53.1930329291,63.6194009266,1.0,
53.1930411901,63.641567604,2.0,
53.1930469122,63.6282291643,1.0,
53.1930479965,63.6274063963,8.0,
53.1930757942,63.6291635922,4.0,
53.1931299778,63.6302212329,2.0,
53.1931568726,63.6501659444,2.0,
53.1931580073,63.6095710685,4.0,
53.193171558,63.6385019308,4.0,
53.1932019015,63.6512038545,4.0,
53.1932442106,63.6463471072,8.0,
53.1932472755,63.6540748608,4.0,
53.1932514553,63.6483871158,1.0,
53.1932742594,63.6055875908,4.0,
53.1933131957,63.6410378653,1.0,
53.1933604705,63.615265422,4.0,
53.1935121907,63.6216938844,2.0,
53.1935427874,63.6041313513,2.0,
53.1935852028,63.6106232661,4.0,
53.1935870737,63.6366495173,4.0,
53.1936272761,63.6139255849,1.0,
53.1936320076,63.6404894166,2.0,
53.1938265287,63.6355118335,1.0,
53.1938768432,63.6336152668,4.0,
53.1939032725,63.644502323,4.0,
53.193924139,63.6457207113,2.0,
53.1939582768,63.6254193785,2.0,
53.1940044009,63.6493212185,1.0,
53.1940245557,63.6439913419,1.0,
53.1940257587,63.6302541156,4.0,
53.1940373647,63.6086364527,2.0,
53.1940647626,63.6079883598,4.0,
53.1941263162,63.6067407802,8.0,
53.194148436,63.6048037994,1.0,
53.1941903768,63.5738619692,1.0,
53.1942145117,63.6130209594,4.0,
53.1943020965,63.6460690119,4.0,
53.1943140343,63.6377921534,2.0,
53.1943193262,63.6481730609,4.0,
53.1943481221,63.6240391526,1.0,
53.1943753477,63.6396544063,4.0,
53.1943778614,63.6263892617,4.0,
53.1944169421,63.5940046081,1.0,
53.1944213144,63.595695567,2.0,
53.1944527791,63.6275251434,4.0,
53.1944961361,63.6169856389,8.0,
53.1945087735,63.6348170626,4.0,
53.194538781,63.6090719908,4.0,
53.1945952505,63.6562019689,4.0,
53.1946090954,63.6054189057,2.0,
53.1946384,63.6217519766,2.0,
53.1946553107,63.6407221925,4.0,
53.1947286142,63.6126537473,2.0,
53.1947715576,63.629375306,4.0,
53.1947829425,63.6150587326,8.0,
53.1948205029,63.650059405,4.0,
53.194880842,63.6521372054,4.0,
53.1948869915,63.6429203545,4.0,
53.194971288,63.6451002283,1.0,
53.1949918008,63.6109445119,4.0,
53.1950076771,63.6318411679,2.0,
53.1950421696,63.6439570523,8.0,
53.1951038738,63.6279900497,1.0,
53.1951663461,63.6095556628,2.0,
53.1951913019,63.6332183818,4.0,
53.1952346334,63.6389866628,4.0,
53.1952573307,63.6472174846,4.0,
53.1952579064,63.6042860368,2.0,
53.1952945625,63.6412195836,1.0,
53.1953122482,63.6130528721,4.0,
53.1953176027,63.6505007215,2.0,
53.1953405777,63.6064338416,1.0,
53.1953414998,63.6520654669,2.0,
53.1953894211,63.639312852,1.0,
53.1954251162,63.635634443,4.0,
53.1954356731,63.6329792699,1.0,
53.1954772888,63.6255510645,8.0,
53.1955142685,63.6283397987,4.0,
53.1955480275,63.6562424844,2.0,
53.1956123637,63.6560672975,1.0,
53.1956125921,63.630738639,1.0,
53.1956197279,63.6368364573,4.0,
53.1956444428,63.6572052837,4.0,
53.1957614082,63.5868956245,2.0,
53.1957695412,63.64560029,4.0,
53.195879961,63.573018503,1.0,
53.1959633106,63.6142088979,1.0,
53.1959680278,63.6341546538,4.0,
53.1960724053,63.6106170579,1.0,
53.1960858064,63.6134366305,2.0,
53.1961341133,63.6361320829,2.0,
53.1962184607,63.6274003327,1.0,
53.1962742665,63.649935351,4.0,
53.1963050913,63.6240653224,4.0,
53.196344403,63.6387514323,2.0,
53.1963808701,63.6355736052,1.0,
53.1964183234,63.6510168795,4.0,
53.196464232,63.6119859741,1.0,
53.1964871815,63.6567075573,1.0,
53.1965168903,63.6222164174,2.0,
53.1965997709,63.6586074536,8.0,
53.1966423421,63.62703651,4.0,
53.1966574627,63.6248650279,8.0,
53.1966944635,63.6402323172,1.0,
53.1967222844,63.5886858901,2.0,
53.196744254,63.6336379538,2.0,
53.1967613446,63.6634112606,1.0,
53.196761427,63.5865337449,1.0,
53.1967944001,63.6524766102,1.0,
53.1967996273,63.6393665099,8.0,
53.1968247107,63.6251474669,1.0,
53.1968620221,63.6313197909,2.0,
53.1969529818,63.6450064602,1.0,
53.196983074,63.586309716,2.0,
53.1970005446,63.6491853152,2.0,
53.1970247054,63.6229969601,1.0,
53.1970440849,63.5726911821,1.0,
53.197061237,63.653613065,1.0,
53.1971127415,63.6581337808,1.0,
53.1971273756,63.6260380873,4.0,
53.1971516346,63.6628707648,2.0,
53.1971864941,63.6353130834,4.0,
53.1972106832,63.6479647075,4.0,
53.1972356249,63.6367208943,4.0,
53.1972713015,63.6547541148,2.0,
53.1972816247,63.64726367,2.0,
53.1973022453,63.6227936601,4.0,
53.1973446974,63.6069147041,2.0,
53.197441439,63.643513181,16.0,
53.1975299232,63.633261536,8.0,
53.1975398201,63.6306062467,1.0,
53.197556246,63.6552380035,1.0,
53.1975969015,63.6432984566,1.0,
53.1976026531,63.6420470003,4.0,
53.1976126009,63.6509660474,4.0,
53.1976204108,63.6561784274,4.0,
53.1976228727,63.6526942208,4.0,
53.1976615654,63.6240959524,4.0,
53.197684868,63.6618900561,2.0,
53.1977247843,63.6289179871,1.0,
53.1977437103,63.6217029465,1.0,
53.1977928902,63.6406761498,4.0,
53.1978265275,63.6380904315,1.0,
53.1978485242,63.6319751409,1.0,
53.1979724221,63.6460158015,2.0,
53.1979927226,63.6260756546,2.0,
53.1980566467,63.6482078671,1.0,
53.1981084627,63.6063401876,1.0,
53.1981641061,63.6383866844,4.0,
53.1981960356,63.6294614989,4.0,
53.1982187235,63.6313924056,4.0,
53.1983412898,63.6250681188,4.0,
53.1984520152,63.6184689616,2.0,
53.1984628101,63.5529511801,1.0,
53.198479861,63.6354774417,4.0,
53.1984927891,63.6536937805,2.0,
53.1985516723,63.642573982,1.0,
53.1985730806,63.6350892822,1.0,
53.198591854,63.6386655832,2.0,
53.1986005495,63.6477165958,8.0,
53.1987929026,63.6391562234,1.0,
53.1988072823,63.5705042766,1.0,
53.1988541392,63.6281895475,2.0,
53.1988696025,63.6420902134,4.0,
53.1988854872,63.6404159832,1.0,
53.1989292238,63.6453720559,4.0,
53.1989483016,63.6273967702,4.0,
53.1989608392,63.6045293582,1.0,
53.1989662187,63.6405939759,8.0,
53.198984129,63.6173067616,2.0,
53.1989899978,63.5883177643,1.0,
53.1990354505,63.6331504403,4.0,
53.1990480118,63.5857889483,1.0,
53.1990551572,63.646974642,1.0,
53.1990597095,63.6433493188,2.0,
53.1990971932,63.6543128293,4.0,
53.1991263238,63.6338016383,1.0,
53.1991553677,63.5856725849,2.0,
53.1992306771,63.5865852025,4.0,
53.1992512908,63.6312734657,2.0,
53.1992533448,63.6030574339,8.0,
53.1993284161,63.6270706919,1.0,
53.1993405033,63.6522638268,1.0,
53.199404475,63.6041412523,2.0,
53.1994294086,63.6185995099,1.0,
53.199518759,63.6396858138,4.0,
53.1995217554,63.6383248381,4.0,
53.1995320757,63.6420648306,2.0,
53.1995407681,63.6208516939,1.0,
53.1995498994,63.6236368318,4.0,
53.1995574768,63.656534474,1.0,
53.199576267,63.6353912312,8.0,
53.1996029843,63.6159865188,4.0,
53.1996064809,63.6538136302,2.0,
53.1996519575,63.6451389197,2.0,
53.1996751416,63.6488940231,1.0,
53.1997269723,63.6436037142,4.0,
53.199760001,63.6103575294,2.0,
53.1998102005,63.6581516898,1.0,
53.1998979936,63.6306418074,1.0,
53.1999628356,63.6368546488,4.0,
53.2000020005,63.6380518835,1.0,
53.200009263,63.5907623285,1.0,
53.2000195152,63.6621727387,2.0,
53.2000196822,63.5919654313,2.0,
53.2000565182,63.6111238955,1.0,
53.20006042,63.6283351264,2.0,
53.200092815,63.5890815859,1.0,
53.2001896975,63.6413764796,8.0,
53.2002127939,63.6464483163,1.0,
53.2002418012,63.6082902701,4.0,
53.2002473959,63.6192181154,2.0,
53.2002771437,63.6096417198,8.0,
53.200320623,63.5934258538,1.0,
53.2003419755,63.6475489534,4.0,
53.2003700374,63.6560919877,2.0,
53.2004033951,63.6325583411,2.0,
53.2004144976,63.6056135778,2.0,
53.2004987268,63.6068452341,2.0,
53.2005411184,63.6522224269,1.0,
53.2005652189,63.6439032526,2.0,
53.2005831771,63.6173245754,8.0,
53.2006616425,63.6541802618,4.0,
53.2006700098,63.6592120109,2.0,
53.2006763904,63.6388821959,2.0,
53.2006926664,63.6160875301,1.0,
53.2007138782,63.6400867349,2.0,
53.2007156375,63.6049722844,1.0,
53.2007294753,63.611158435,4.0,
53.2007440741,63.6528657154,2.0,
53.2007502538,63.6243958154,2.0,
53.2007789428,63.6643100421,4.0,
53.200798666,63.5930770303,2.0,
53.2008352318,63.6376472698,4.0,
53.2008518154,63.5943364,4.0,
53.2008587505,63.6426224165,2.0,
53.200861693,63.6530691634,4.0,
53.2008894387,63.5955716897,2.0,
53.200959968,63.663509248,1.0,
53.2009624472,63.6192613127,1.0,
53.2009851372,63.6456825372,4.0,
53.2010157046,63.6419155448,1.0,
53.2010778551,63.6156537757,4.0,
53.2010909866,63.6620288703,4.0,
53.2011636501,63.6546253884,1.0,
53.2012119666,63.6132800124,2.0,
53.2012921671,63.6476749886,2.0,
53.2013050356,63.6264480868,2.0,
53.2013281529,63.6145547664,2.0,
53.2013413983,63.6206398242,2.0,
53.201425275,63.6651932476,2.0,
53.2014262207,63.6589339406,1.0,
53.2014565764,63.6635448146,2.0,
53.201474667,63.6483686298,4.0,
53.201481622,63.6168343379,4.0,
53.2015213174,63.6062345346,1.0,
53.2016424503,63.6119948591,4.0,
53.2016447648,63.6095050399,4.0,
53.2016508495,63.6187721545,2.0,
53.2016669962,63.6030641427,4.0,
53.2016965482,63.6438477507,4.0,
53.201696812,63.6249915444,4.0,
53.2017051602,63.6054680644,4.0,
53.2017566172,63.629473791,4.0,
53.2017607217,63.6224454017,1.0,
53.2018148544,63.6657110867,1.0,
53.2018230073,63.5957844725,1.0,
53.2018243483,63.6424903997,8.0,
53.2018439867,63.5974430805,2.0,
53.2018535801,63.6519779072,2.0,
53.2019128884,63.6596019988,2.0,
53.2019793688,63.6621208202,2.0,
53.2019962018,63.6378986612,8.0,
53.2020116944,63.6109417649,4.0,
53.2020168254,63.6500075009,4.0,
53.2020571869,63.6510813345,1.0,
53.202145295,63.6123772737,1.0,
53.2022399386,63.6450552184,8.0,
53.2022703238,63.6151174832,1.0,
53.2023141649,63.6207857617,4.0,
53.2023301478,63.6172184388,2.0,
53.2023462809,63.6078302013,4.0,
53.2023558754,63.6122696929,2.0,
53.2023842978,63.6602698371,1.0,
53.2023944247,63.6219842478,4.0,
53.2024240096,63.6159299151,4.0,
53.2024652749,63.6578406765,4.0,
53.2024707103,63.6381290206,1.0,
53.2025486307,63.6095046146,1.0,
53.202727779,63.6624635276,1.0,
53.2027387919,63.6030711114,2.0,
53.2027622388,63.6484393323,2.0,
53.2027712697,63.6273827061,4.0,
53.2027806183,63.6044692798,4.0,
53.2027976204,63.6559354446,1.0,
53.2028366576,63.6408831714,1.0,
53.2028481541,63.6366824158,1.0,
53.2028731312,63.6065059996,4.0,
53.2028808525,63.6133860095,8.0,
53.202932793,63.5979747906,1.0,
53.2030598136,63.6441479885,2.0,
53.2030662499,63.6529039957,1.0,
53.2030974733,63.6149597757,4.0,
53.2031327298,63.6612867762,1.0,
53.203197779,63.6099931264,4.0,
53.2032400065,63.6467891653,4.0,
53.2032512283,63.6229986171,2.0,
53.2032575553,63.6456527672,4.0,
53.203265644,63.6415072831,4.0,
53.2033154359,63.6593859562,1.0,
53.2033182536,63.6080993068,2.0,
53.2033494369,63.6401122966,2.0,
53.20334973,63.642768793,1.0,
53.203386974,63.6264037813,4.0,
53.2034542507,63.657127659,2.0,
53.2034622132,63.6376876631,8.0,
53.2034680339,63.6533862757,2.0,
53.2035123163,63.6665572234,4.0,
53.2035327413,63.6058686198,1.0,
53.2035346886,63.6387773318,2.0,
53.203546141,63.6443748043,1.0,
53.2035498153,63.6219390847,2.0,
53.2036277074,63.61698604,8.0,
53.2036342977,63.6606881823,8.0,
53.2036388499,63.6159881396,1.0,
53.2036693599,63.6614802786,2.0,
53.2037614676,63.5994283036,4.0,
53.2037826855,63.6198842245,2.0,
53.2037898207,63.6067677824,2.0,
53.2038086221,63.6043638154,8.0,
53.2038412103,63.6499414871,4.0,
53.2039323852,63.662349719,1.0,
53.2039535581,63.600664034,4.0,
53.2039761989,63.6407384043,1.0,
53.2040208373,63.6060205255,8.0,
53.2040344525,63.6574634178,8.0,
53.2040770304,63.6639616276,2.0,
53.2040894695,63.656283299,4.0,
53.2041023471,63.6659843947,1.0,
53.2041120892,63.6288357321,2.0,
53.2041539424,63.6489757243,2.0,
53.2041912163,63.6137490351,2.0,
53.2042342465,63.6421615098,8.0,
53.2042469261,63.6689263996,2.0,
53.2042592652,63.6676593742,4.0,
53.204266912,63.6616005156,4.0,
53.2043106063,63.6528853241,1.0,
53.2043250684,63.6586704736,2.0,
53.2043276954,63.6271890094,2.0,
53.2043576945,63.5848363426,1.0,
53.2043603132,63.6512831312,4.0,
53.2043722818,63.6608829287,1.0,
53.2044011418,63.5982474292,1.0,
53.2044123843,63.6094842502,1.0,
53.2044162546,63.6176963872,4.0,
53.2044404784,63.6597319418,8.0,
53.2045580615,63.6476769837,1.0,
53.2046222946,63.6369367756,1.0,
53.2047745539,63.6120216937,1.0,
53.204819228,63.6028770957,1.0,
53.2048296861,63.6128742952,2.0,
53.2048570568,63.6215902917,1.0,
53.2048610364,63.655634968,2.0,
53.2048753468,63.6376706706,4.0,
53.2048757526,63.6303271231,2.0,
53.2049232728,63.585607784,2.0,
53.204962168,63.6160153249,4.0,
53.2049884586,63.6057409036,1.0,
53.2050051739,63.6548059176,4.0,
53.2050346608,63.6070420468,1.0,
53.2050553754,63.626301385,2.0,
53.2051216031,63.6447569456,2.0,
53.2051511573,63.6181805742,2.0,
53.2051573153,63.6504356849,4.0,
53.2051848143,63.605989386,2.0,
53.2052342517,63.619627613,2.0,
53.2052425721,63.6317499119,2.0,
53.2052473916,63.6404161809,4.0,
53.2052475935,63.6229014513,4.0,
53.2052493215,63.6252540834,4.0,
53.2052741246,63.6599164131,1.0,
53.2053114338,63.590877207,1.0,
53.2053189065,63.6489992248,8.0,
53.2053268076,63.6633033398,4.0,
53.2053598663,63.6359191979,2.0,
53.2053724155,63.638211582,1.0,
53.2053855524,63.6296037503,1.0,
53.2054170238,63.642551876,1.0,
53.2054232779,63.6268001125,1.0,
53.2054239893,63.610666569,2.0,
53.2054889709,63.6558164503,4.0,
53.2055403102,63.6622102746,4.0,
53.205549211,63.6197313243,1.0,
53.205557185,63.6130654421,1.0,
53.2055744068,63.6459890969,8.0,
53.2055769417,63.6400087529,1.0,
53.2055841772,63.6176608123,1.0,
53.2056128192,63.6594057619,4.0,
53.2056173056,63.5837401408,2.0,
53.205618226,63.6239188006,4.0,
53.2056364611,63.6691463962,2.0,
53.2056600318,63.6286727139,4.0,
53.2057032948,63.663832685,1.0,
53.2057187387,63.6087097311,4.0,
53.2057301917,63.6568759588,4.0,
53.2058026739,63.6447512476,1.0,
53.2058039649,63.6313222674,1.0,
53.2058298354,63.6081753999,1.0,
53.2058868589,63.6433117606,4.0,
53.2058893892,63.6387584721,4.0,
53.2059432953,63.6417954309,4.0,
53.2059685144,63.6713173581,2.0,
53.2059998819,63.6210813943,4.0,
53.2060037286,63.615509878,1.0,
53.2060734119,63.5841696759,1.0,
53.2060818098,63.617029802,8.0,
53.2060962361,63.5887136037,1.0,
53.2060984802,63.6692755625,4.0,
53.2061390426,63.6372482574,2.0,
53.2062002885,63.646937404,2.0,
53.2062730747,63.6565661709,1.0,
53.2062807005,63.6092266534,2.0,
53.2063796304,63.6511898234,2.0,
53.2063802995,63.6193594823,4.0,
53.2064007805,63.6261974259,2.0,
53.2064417415,63.6335237096,1.0,
53.2064592284,63.6673213465,1.0,
53.206474587,63.6481088583,1.0,
53.206554259,63.6647700449,2.0,
53.20660742,63.6702688187,1.0,
53.2066678887,63.624965178,2.0,
53.2066747891,63.6630349614,2.0,
53.2067036129,63.6545015921,2.0,
53.2067124615,63.6682144375,4.0,
53.2067493919,63.6298352165,2.0,
53.2067560142,63.6181287678,4.0,
53.2067810157,63.6329094832,2.0,
53.2067944504,63.6229228303,4.0,
53.2068309995,63.612812381,2.0,
53.2068554334,63.631459235,2.0,
53.2068587306,63.6505786033,8.0,
53.2068910694,63.6643030313,1.0,
53.2068938361,63.6607957746,1.0,
53.2069208398,63.6618315371,4.0,
53.2069424517,63.614321863,4.0,
53.2069728896,63.6158806484,4.0,
53.2069828379,63.6301421781,1.0,
53.2069974154,63.6583417238,4.0,
53.2070066237,63.6290222045,4.0,
53.207029185,63.6724336375,1.0,
53.2070320535,63.6217503407,2.0,
53.2071006837,63.6517557152,1.0,
53.2071070234,63.6595987585,1.0,
53.207176102,63.6153624851,1.0,
53.207255612,63.5808369739,1.0,
53.2072682495,63.6257392434,4.0,
53.2074103067,63.6492860495,1.0,
53.2074183076,63.6449559686,4.0,
53.2074220215,63.5856259522,2.0,
53.2074308543,63.6428078242,1.0,
53.207431408,63.6110707777,2.0,
53.2074367014,63.6123398788,1.0,
53.2074788431,63.627094482,2.0,
53.2075330438,63.6171283685,1.0,
53.2075718127,63.5878218926,2.0,
53.2075991654,63.6714722858,1.0,
53.2076912163,63.5846828687,1.0,
53.2077092686,63.5823436879,2.0,
53.2077245042,63.6230578986,2.0,
53.2077305161,63.6393416252,4.0,
53.2077357966,63.6305082011,4.0,
53.2077424175,63.6492447022,2.0,
53.2077659889,63.6655726738,8.0,
53.207778353,63.6633381763,8.0,
53.207819178,63.65978934,2.0,
53.2078729524,63.6657154618,2.0,
53.2078831003,63.6247371036,2.0,
53.2079223623,63.6329505702,4.0,
53.2079698171,63.6290933767,2.0,
53.2079751844,63.6732024509,2.0,
53.2079991727,63.6695139983,2.0,
53.2080739871,63.617709079,4.0,
53.2080747797,63.647760647,8.0,
53.2081012329,63.6579535752,2.0,
53.2081156732,63.6162895275,2.0,
53.2081793278,63.6457293534,1.0,
53.2081858143,63.6405284116,2.0,
53.2082343965,63.6680656345,2.0,
53.2082555572,63.644025776,1.0,
53.2082727128,63.6736467462,1.0,
53.2082957727,63.6725495521,1.0,
53.2083323341,63.621132682,1.0,
53.2083710134,63.5839302856,4.0,
53.2083955162,63.6508601535,4.0,
53.2084235325,63.659319254,1.0,
53.2084582481,63.6605820379,4.0,
53.2084925416,63.6362788057,2.0,
53.2085295382,63.6418946471,2.0,
53.2085397465,63.6484978495,2.0,
53.2085530669,63.642639318,1.0,
53.2086067129,63.5782953735,1.0,
53.2086079792,63.6643449152,1.0,
53.2086247821,63.6459615411,2.0,
53.2086278066,63.6751683864,4.0,
53.2086664902,63.670780629,4.0,
53.208880114,63.6625256214,2.0,
53.208965912,63.6394532595,1.0,
53.2089694606,63.6266439229,4.0,
53.2089697825,63.6259234751,2.0,
53.2089744684,63.6218692508,2.0,
53.2089891477,63.649567251,2.0,
53.2090081171,63.6684122388,4.0,
53.2090244868,63.5862947439,2.0,
53.2090372094,63.6431083547,4.0,
53.2090461561,63.618486617,2.0,
53.2090826354,63.6346255744,1.0,
53.2091810325,63.585033834,2.0,
53.2091877873,63.6199400369,4.0,
53.2092380615,63.6783626358,4.0,
53.2093229867,63.6793152127,1.0,
53.2093394442,63.6598582923,4.0,
53.209351908,63.644747642,4.0,
53.2093677362,63.6240104247,2.0,
53.2093773239,63.6660102912,2.0,
53.2094361164,63.6773100122,1.0,
53.2094425268,63.6232165768,1.0,
53.2094759813,63.6321254922,4.0,
53.2095393544,63.6774438171,2.0,
53.2095848669,63.6250294385,1.0,
53.2096223439,63.6620193911,4.0,
53.2096292984,63.6471815044,4.0,
53.2096585884,63.6716304332,1.0,
53.2096901198,63.6387882847,4.0,
53.2097547106,63.6255391992,4.0,
53.2098184192,63.6396356538,2.0,
53.2098567923,63.6732412373,2.0,
53.209892684,63.660838693,2.0,
53.2098934394,63.6440944059,1.0,
53.2099331747,63.6689037235,8.0,
53.2099447638,63.6480623818,1.0,
53.2100106726,63.6358130086,4.0,
53.2100402747,63.6315355439,1.0,
53.2100870639,63.6226061164,2.0,
53.210091066,63.6824907938,1.0,
53.2101119814,63.6411084572,4.0,
53.2101263149,63.6335261762,1.0,
53.2101683328,63.6422169395,2.0,
53.2101910074,63.6325227827,2.0,
53.2103006112,63.6474656074,2.0,
53.2103211594,63.5777928232,2.0,
53.2103397968,63.6755220555,2.0,
53.2103881909,63.638208132,2.0,
53.2105436288,63.6403829767,1.0,
53.2105721195,63.6704453898,4.0,
53.210581401,63.6618162355,2.0,
53.2106198481,63.6507296041,2.0,
53.2106805153,63.6779294408,1.0,
53.2106957396,63.637102699,2.0,
53.210701603,63.6561517553,2.0,
53.2107074971,63.639726572,4.0,
53.2107136693,63.6104097832,1.0,
53.2108179946,63.6744059637,2.0,
53.2108449065,63.6345411381,1.0,
53.2109647456,63.582524782,2.0,
53.2109820784,63.6674009234,2.0,
53.2109864056,63.635631806,1.0,
53.2110097154,63.5756931838,2.0,
53.2110740214,63.6394350498,1.0,
53.2111107856,63.6631601677,4.0,
53.2111298399,63.6666803806,1.0,
53.2111467346,63.6335695906,8.0,
53.2111804474,63.6414260635,1.0,
53.2112074223,63.6392025901,2.0,
53.2112259769,63.66300476,1.0,
53.2112268878,63.6656693897,4.0,
53.2112507431,63.6742209254,1.0,
53.2113247317,63.6643761061,8.0,
53.211325246,63.6430938847,1.0,
53.2113501963,63.6310298618,1.0,
53.2113615086,63.6352441742,2.0,
53.2113708233,63.6298327334,8.0,
53.2114532174,63.6451774792,1.0,
53.2114613353,63.6574610274,2.0,
53.2114639486,63.6817034934,2.0,
53.2115047646,63.6776354701,4.0,
53.2115089173,63.6686014274,8.0,
53.2115137766,63.6493539711,1.0,
53.2115793096,63.6367759306,4.0,
53.2115843503,63.6422840453,2.0,
53.2115952712,63.6383265591,4.0,
53.2116112108,63.676143242,4.0,
53.2116770002,63.6705758712,8.0,
53.21174383,63.6830242632,4.0,
53.2117494854,63.5773413872,4.0,
53.2117852038,63.6850177506,1.0,
53.2118781627,63.6799900172,1.0,
53.2118916844,63.6656387491,1.0,
53.211983368,63.6804072998,4.0,
53.212102521,63.6733347889,2.0,
53.2121053411,63.574595146,2.0,
53.2121078007,63.6395009663,4.0,
53.2121088014,63.6359211688,1.0,
53.2121959465,63.6561316658,1.0,
53.2122690879,63.6133875312,2.0,
53.212282562,63.6339198804,4.0,
53.2122901587,63.6786028607,1.0,
53.2123656881,63.6289178782,4.0,
53.2123909696,63.6304581378,4.0,
53.2124243527,63.6840979415,1.0,
53.2124391148,63.6312257108,2.0,
53.2124514346,63.6321005372,4.0,
53.2124521528,63.6404872861,1.0,
53.2124667905,63.6424417157,1.0,
53.2124715974,63.6435134532,2.0,
53.2125123051,63.6679326264,1.0,
53.2125123464,63.5790983062,2.0,
53.2125653331,63.6656184616,2.0,
53.212651386,63.6718136586,4.0,
53.2126530674,63.6668355343,1.0,
53.2126778249,63.680536234,2.0,
53.2127948172,63.6789420524,2.0,
53.2128320167,63.5807000264,1.0,
53.2128938814,63.5701268481,4.0,
53.2129024759,63.6401425182,2.0,
53.2129201544,63.6474287587,2.0,
53.2129260398,63.6150212192,2.0,
53.2129447746,63.6778597684,2.0,
53.2129769359,63.6366215401,4.0,
53.2130132192,63.6324921871,2.0,
53.2130334976,63.6744050255,1.0,
53.2130418675,63.6299954155,2.0,
53.2131535155,63.6352342105,1.0,
53.2131537418,63.6612991619,2.0,
53.2131642497,63.5738627154,2.0,
53.2131990213,63.6668570809,2.0,
53.2132336613,63.6769692622,1.0,
53.2133790446,63.638630741,8.0,
53.2133899548,63.5693599556,1.0,
53.2134841663,63.663390403,2.0,
53.2135033549,63.6372385655,2.0,
53.2136032621,63.6199519776,1.0,
53.2136272154,63.6725946784,8.0,
53.2136627152,63.6352050418,2.0,
53.2136653406,63.6885491452,1.0,
53.2136772717,63.5772740755,2.0,
53.2137344712,63.5717417117,2.0,
53.2137640828,63.6828279524,4.0,
53.2138271598,63.6797059734,4.0,
53.2138674037,63.5749965362,2.0,
53.2139465832,63.5726780187,1.0,
53.2140657486,63.6380045275,1.0,
53.2141633074,63.6286248197,1.0,
53.2142779356,63.6713012391,4.0,
53.2142884218,63.660711271,2.0,
53.2143187442,63.6685739773,2.0,
53.2143572499,63.6256748595,1.0,
53.214365792,63.5762753299,2.0,
53.2144472757,63.6532246741,2.0,
53.2145042911,63.5693237134,2.0,
53.2145131681,63.6641588528,1.0,
53.2145624321,63.6703040449,1.0,
53.2145632802,63.6857461272,1.0,
53.2145709082,63.6234559843,1.0,
53.2146829204,63.665862405,1.0,
53.2147733163,63.6368684766,2.0,
53.2148017066,63.6886418263,1.0,
53.2148846132,63.6323261476,2.0,
53.2149295668,63.5674953144,2.0,
53.2149345653,63.5735611094,4.0,
53.2149462654,63.6413757997,2.0,
53.2149558343,63.669463598,4.0,
53.2150322957,63.680774793,2.0,
53.2150574673,63.6843366844,2.0,
53.2151032464,63.5700968375,1.0,
53.2151167283,63.6908141576,1.0,
53.2151227552,63.6774747854,2.0,
53.2151600194,63.5713049302,4.0,
53.215160194,63.6440273804,1.0,
53.215184416,63.6792079671,2.0,
53.2152237151,63.6909680952,2.0,
53.2153402323,63.6860701984,2.0,
53.2154443779,63.5740115993,1.0,
53.2154656507,63.6380382922,2.0,
53.2155568032,63.682739696,2.0,
53.2155810667,63.5747164477,4.0,
53.2156352482,63.6671919181,4.0,
53.2156664774,63.6758675882,4.0,
53.2157647164,63.6871990255,1.0,
53.2158274448,63.6365819279,1.0,
53.2159243657,63.5728246067,2.0,
53.2160456483,63.5670829288,4.0,
53.2160794687,63.568771536,8.0,
53.2161413069,63.6408346339,2.0,
53.2162713783,63.6807129119,1.0,
53.2163011602,63.5761296634,2.0,
53.216309568,63.6770160903,4.0,
53.2164267788,63.6834882903,1.0,
53.2164997352,63.6344503597,2.0,
53.216543987,63.6786381141,4.0,
53.2165634204,63.5658959991,2.0,
53.2165969579,63.6902351364,1.0,
53.2166522712,63.5670620797,2.0,
53.2166524052,63.5765407037,1.0,
53.2167473233,63.6740319513,4.0,
53.2168053466,63.6272738072,4.0,
53.2169201593,63.5754232768,1.0,
53.216988891,63.6360825918,2.0,
53.2170302383,63.6436975775,1.0,
53.2170308245,63.6723415891,1.0,
53.2171122187,63.5736145447,1.0,
53.2171343964,63.6856343647,4.0,
53.2171594346,63.6825735102,4.0,
53.2173929178,63.6744749674,2.0,
53.2174035447,63.6665312827,2.0,
53.2174379193,63.6793739319,4.0,
53.2175153979,63.66765587,2.0,
53.2175590672,63.6730905068,4.0,
53.2176103775,63.6809545002,2.0,
53.2176411951,63.6740933632,1.0,
53.2176794792,63.5683059994,1.0,
53.2176818112,63.6457264027,2.0,
53.2177149786,63.6945435688,2.0,
53.2177270595,63.676061609,4.0,
53.2178716471,63.5747272893,1.0,
53.217959656,63.5629044222,1.0,
53.2181339132,63.569148319,2.0,
53.2181406126,63.5666993413,4.0,
53.2182604031,63.6800375973,2.0,
53.2183079084,63.5725548897,2.0,
53.2183962308,63.6820021767,2.0,
53.2184066437,63.6742228966,4.0,
53.2184610375,63.5637250075,8.0,
53.2186676036,63.6793411242,4.0,
53.2186727146,63.5696940809,8.0,
53.2187820142,63.6515055308,1.0,
53.2188893262,63.675677531,4.0,
53.2189086839,63.5705701485,1.0,
53.2189161089,63.6635036615,1.0,
53.2189639843,63.6722087403,2.0,
53.2190040399,63.6883844802,2.0,
53.2190973601,63.5590465324,1.0,
53.2192068089,63.5706268501,4.0,
53.2192965874,63.5669290996,4.0,
53.2194533599,63.6449567326,2.0,
53.2195839421,63.6767340603,1.0,
53.219585159,63.6825783945,8.0,
53.2196606409,63.5596886482,2.0,
53.2197386797,63.5582471905,4.0,
53.2197575219,63.6714293309,2.0,
53.2199944694,63.6756950763,2.0,
53.2200209423,63.5698804379,2.0,
53.220122203,63.6860734449,2.0,
53.2201353943,63.6734730463,2.0,
53.2202459255,63.6795003239,1.0,
53.2202581938,63.6520274128,1.0,
53.2202700465,63.6894895232,2.0,
53.2202861347,63.56526703,1.0,
53.2203104806,63.690638717,1.0,
53.2204304473,63.6888404005,4.0,
53.2204637739,63.6811788595,1.0,
53.220533955,63.6872679544,4.0,
53.2205697135,63.6784294565,4.0,
53.2207244732,63.6847003555,1.0,
53.2207309177,63.5604541689,1.0,
53.2208999222,63.5592522903,1.0,
53.2209577757,63.5663725716,2.0,
53.2209767141,63.5564275759,4.0,
53.2210227887,63.6629533035,2.0,
53.2210901124,63.5680831433,1.0,
53.2211004102,63.6774670161,1.0,
53.2212040625,63.6513708805,2.0,
53.2212111081,63.5573128721,2.0,
53.2212542881,63.6792926959,2.0,
53.2215789886,63.5551640622,4.0,
53.2215947952,63.6859676124,1.0,
53.2217448226,63.6620778227,4.0,
53.2217557562,63.5636420604,2.0,
53.2219451556,63.6914725125,2.0,
53.2219463027,63.6638626506,1.0,
53.222080193,63.6834739341,4.0,
53.2222487411,63.561079039,2.0,
53.2223933775,63.6596172969,1.0,
53.2227041485,63.6859920196,2.0,
53.2227251131,63.5667434558,2.0,
53.2227860059,63.6775211478,2.0,
53.2228763082,63.6644945926,2.0,
53.2228780584,63.6927022737,2.0,
53.2229206738,63.6878111708,2.0,
53.2229332609,63.6991912757,1.0,
53.2232713189,63.636408262,1.0,
53.223387497,63.6821522931,4.0,
53.2234097962,63.6626299894,4.0,
53.2234869516,63.6980909118,2.0,
53.2237874569,63.6842249523,2.0,
53.223797873,63.6967441197,1.0,
53.2238026429,63.5643958958,1.0,
53.223812911,63.6812226245,2.0,
53.2238549516,63.6876760569,1.0,
53.2239359028,63.6022912215,1.0,
53.2240893992,63.6916325759,1.0,
53.2240996907,63.6823724734,2.0,
53.2241209162,63.6544118235,2.0,
53.2241761299,63.6620986402,1.0,
53.2242249135,63.6530540642,2.0,
53.2242532854,63.6450178152,1.0,
53.2242806227,63.6889192228,4.0,
53.2243520599,63.6613055593,2.0,
53.2245152428,63.6652447208,1.0,
53.2245582045,63.6659233257,4.0,
53.2245640955,63.664345666,2.0,
53.2245911493,63.6601285711,2.0,
53.224752274,63.650852259,2.0,
53.2247746817,63.6874122839,2.0,
53.2248122252,63.6829495129,4.0,
53.2250440778,63.6626519394,2.0,
53.2250690307,63.6868740358,4.0,
53.225174424,63.685969457,1.0,
53.225225539,63.6148467042,1.0,
53.2255379034,63.6488637923,2.0,
53.2255786964,63.6895061746,4.0,
53.22566014,63.6649038298,2.0,
53.2257087706,63.6809261274,2.0,
53.2257407454,63.6593265169,8.0,
53.2257479007,63.6838125038,2.0,
53.2259151133,63.6476458773,1.0,
53.2259278121,63.5918410479,2.0,
53.2259769508,63.6618450862,4.0,
53.2260258609,63.6849349006,4.0,
53.2261872545,63.6797573097,2.0,
53.2261955851,63.6603433947,2.0,
53.2263559378,63.6257621862,1.0,
53.2263651532,63.6506818114,4.0,
53.2264919324,63.6612858649,1.0,
53.2266044377,63.6636491431,1.0,
53.2266289961,63.6868726332,2.0,
53.2269962374,63.6830727389,1.0,
53.2271982431,63.6651181708,1.0,
53.227201417,63.6602740269,1.0,
53.2272816989,63.6824735736,2.0,
53.2274243492,63.6718186085,1.0,
53.2274374875,63.6496008932,2.0,
53.2275392666,63.6967781584,2.0,
53.2275447057,63.6681010706,4.0,
53.2275550794,63.698027841,4.0,
53.2276276092,63.6281355421,2.0,
53.2276501811,63.6615223305,1.0,
53.227717902,63.6942707874,4.0,
53.2277724871,63.6666830353,2.0,
53.2278351198,63.6686351408,1.0,
53.2279013716,63.6981457922,1.0,
53.2281065207,63.6619730925,2.0,
53.2281550846,63.6505630153,2.0,
53.2281917351,63.6695439343,2.0,
53.2282176771,63.6710449149,1.0,
53.2282842342,63.6840787893,1.0,
53.2284436402,63.6712536322,2.0,
53.2284774538,63.6637824596,1.0,
53.2287658544,63.6997951962,4.0,
53.2287681525,63.6652584301,1.0,
53.2287755459,63.6516523537,1.0,
53.2287871085,63.6719768883,1.0,
53.2288280386,63.6986357251,4.0,
53.2288451388,63.66264711,1.0,
53.2289186786,63.6674916489,2.0,
53.2289296879,63.688140124,2.0,
53.2289614413,63.6944976392,2.0,
53.2290288769,63.6644325881,2.0,
53.2293304566,63.688255915,4.0,
53.2293624505,63.6869660295,1.0,
53.2294450519,63.67016052,1.0,
53.2295075237,63.6740721756,1.0,
53.2296519249,63.6902118404,2.0,
53.229805355,63.700290018,1.0,
53.2299811346,63.6718592755,2.0,
53.229983906,63.6320517154,2.0,
53.2300068559,63.6631817618,1.0,
53.2301392348,63.6667824918,2.0,
53.2303199299,63.6699879757,2.0,
53.2303523463,63.6883730368,1.0,
53.2304554173,63.6695663303,1.0,
53.2309860618,63.6006069936,2.0,
53.2312311107,63.6644911067,4.0,
53.2312863021,63.69183493,2.0,
53.231652729,63.7035770605,4.0,
53.2316622988,63.6891277171,2.0,
53.2319139126,63.704813683,1.0,
53.2320107522,63.6892321633,1.0,
53.2320380677,63.6731491228,1.0,
53.2322662075,63.6881479009,4.0,
53.2325547505,63.6748731243,1.0,
53.2325554903,63.6657332302,1.0,
53.2328592917,63.6371812216,2.0,
53.2329252529,63.7038785481,1.0,
53.2330634306,63.7056710517,2.0,
53.2335356878,63.639154228,2.0,
53.2336334613,63.7048259008,1.0,
53.2338636846,63.7075456312,1.0,
53.2339549015,63.6987110409,1.0,
53.234702924,63.6408950625,2.0,
53.2350238707,63.7077595425,2.0,
53.2350512964,63.621545675,1.0,
53.2357262732,63.7087793548,1.0,
53.2364915163,63.6165790835,1.0,
53.2374074615,63.6524420456,2.0,
53.2374108674,63.6464374887,1.0,
53.2383044466,63.6538651179,2.0,
53.2391112238,63.6516386112,2.0,
53.2401040944,63.6535450907,2.0,
53.240128519,63.6549439545,8.0,
53.2401391841,63.6509038124,1.0,
53.240988368,63.6525168833,2.0,
53.2412950422,63.6561905521,4.0,
53.2413139159,63.654981933,2.0,
53.2413867985,63.653752408,4.0,
53.2418949123,63.6521427875,8.0,
53.2433415761,63.6548493545,2.0,
53.2435319343,63.655949678,2.0,
53.2435588055,63.6541149795,1.0,
53.2437417608,63.6556051127,1.0,
53.2445413926,63.6686446055,1.0,
53.2445551203,63.6555186887,2.0,
53.2450725397,63.6659862649,2.0,
53.1827380152,63.6449429308,4.0,
53.1942717988,63.651145784,4.0,
53.1938228171,63.6311048227,4.0,
53.2276620753,63.6922640587,4.0,
53.1842362825,63.615945125,8.0,
53.1565326899,63.6149395294,8.0,
53.219402092,63.6809279333,4.0,
53.187865323,63.6257189743,4.0,
53.2019409786,63.6458059906,4.0,
53.1808901682,63.616091405,8.0,
53.2108282861,63.6456319159,4.0,
53.2070720267,63.6378996002,8.0,
53.1932467654,63.612284967,4.0,
53.1899471697,63.5988597133,8.0,
53.1890221999,63.6312150089,4.0,
53.1725438175,63.5993415083,4.0,
53.19321681,63.6232854493,4.0,
53.1951853758,63.6546432995,2.0,
53.1791489226,63.6048139869,2.0,
53.1572677682,63.5938356791,4.0,
53.1890624146,63.6480043602,2.0,
53.1876243615,63.6370902594,4.0,
53.1932327978,63.6370185747,2.0,
53.2032642569,63.6545061615,8.0,
53.2424991563,63.6533663375,2.0,
53.1930603241,63.6353465294,8.0,
53.1962351108,63.6415107751,8.0,
53.2196966929,63.5684656491,4.0,
53.1816203066,63.6257977101,4.0,
53.231466279,63.6652623984,4.0,
53.2212306268,63.6900822257,2.0,
53.2001651996,63.6508637426,8.0,
53.1888916537,63.6221651983,2.0,
53.1987185252,63.6218437374,8.0,
53.1783382389,63.6306983012,4.0,
53.1517807348,63.6071177341,8.0,
53.2226607035,63.6809154319,4.0,
53.218082358,63.6837780049,4.0,
53.2012487018,63.6137561642,2.0,
53.2043750749,63.6459561471,2.0,
53.2035992214,63.6249297335,8.0,
53.2130781266,63.6419745595,4.0,
53.1607131538,63.6115396501,4.0,
53.183342099,63.617073275,2.0,
53.1689523489,63.6140109406,8.0,
53.2171216646,63.6843109346,2.0,
53.1958231731,63.6486027788,4.0,
53.2008590654,63.6484366883,2.0,
53.1866109589,63.6045283155,8.0,
53.2111267506,63.6309308554,4.0,
53.1905578783,63.6259131047,8.0,
53.2028728225,63.6646196501,4.0,
53.2020434874,63.6401011445,4.0,
53.1933825243,63.6067375684,2.0,
53.1883945661,63.6111329511,8.0,
53.1660211994,63.602235866,4.0,
53.1808014363,63.6041324971,4.0,
53.2148608598,63.5679115869,2.0,
53.1285141721,63.5822352521,4.0,
53.2178506504,63.5652405591,8.0,
53.1963770748,63.6292490454,8.0,
53.1880382461,63.6402376459,8.0,
53.1741604888,63.5974505944,4.0,
53.162188313,63.5966440099,4.0,
53.2093745374,63.6669294729,8.0,
53.2413279918,63.6574776467,4.0,
53.1843398279,63.6429840138,2.0,
53.1820793221,63.6214875008,2.0,
53.1958123251,63.605315295,8.0,
53.1979568697,63.6601790592,2.0,
53.2261394878,63.6817231669,2.0,
53.1903386351,63.6088855803,8.0,
53.1939890748,63.6186091105,4.0,
53.1953403324,63.6234198331,8.0,
53.2088774952,63.6409746629,2.0,
53.1632368477,63.6006094941,2.0,
53.1786073602,63.6282933483,2.0,
53.2428487289,63.6578435427,8.0,
53.1790598377,63.6342765275,4.0,
53.1894032026,63.6138802889,2.0,
53.2224173373,63.6605184573,4.0,
53.219332917,63.6773300487,4.0,
53.18660108,63.633034937,8.0,
53.1561956044,63.6135206292,2.0,
53.2060405135,63.6404021607,4.0,
53.215992115,63.5654717955,2.0,
53.2050968471,63.6079165253,4.0,
53.1607821992,63.5870061993,8.0,
53.213653128,63.6813192863,2.0,
53.1816165084,63.6006852146,2.0,
53.222589261,63.56529802,2.0,
53.1883212647,63.6334974785,2.0,
53.2127177893,63.6688662988,8.0,
53.1985995552,63.6589189157,4.0,
53.1991101412,63.6485680951,4.0,
53.211949919,63.6326610126,4.0,
53.174542508,63.6028929819,4.0,
53.198401907,63.6203945919,4.0,
53.2164572269,63.6401032937,2.0,
53.1942165601,63.620495489,8.0,
