-7984705509.67,-8044732196.77,1.0,
-19268479.7552,-20007176.1563,1.0,
-19267562.5872,-20007516.9029,1.0,
44.1976144542,66.5841159915,1.0,
44.2733160496,65.6624209766,1.0,
44.5851297239,65.5648573806,1.0,
44.6432864498,65.4467767709,1.0,
44.6970423438,65.3926860252,1.0,
44.7120300486,65.5793800588,1.0,
44.7147511249,65.5839666362,1.0,
44.7193540806,65.44211837,1.0,
44.7258112967,65.6555447694,1.0,
44.7316492541,65.5034849263,1.0,
44.7358090591,65.5392287474,1.0,
44.7361700205,65.5416321197,1.0,
44.7382667643,65.5433888997,1.0,
44.7382960567,65.5404948138,1.0,
44.7405899075,65.4880032061,1.0,
44.7411726891,65.5415482635,1.0,
44.7417027611,65.5416618808,2.0,
44.7427344287,65.5024244269,1.0,
44.744149615,65.4860821562,1.0,
44.7441528559,65.522612474,1.0,
44.7462333903,65.5954628602,1.0,
44.7465740048,65.5317643719,1.0,
44.7467006118,65.492041367,1.0,
44.7467238322,65.5177716237,1.0,
44.7470414192,65.5385577812,1.0,
44.7473010561,65.5098543925,1.0,
44.7480294028,65.5227966403,1.0,
44.7486766574,65.5435004618,1.0,
44.7487993846,65.5105726006,1.0,
44.7492089992,65.5554444819,1.0,
44.7494527356,65.5346617665,1.0,
44.7497051508,65.5465467565,1.0,
44.7502456735,65.532908885,2.0,
44.7512370506,65.5137482563,1.0,
44.7525160215,65.5437956291,2.0,
44.7529858203,65.5170666721,1.0,
44.7535832213,65.5186478512,1.0,
44.7536779453,65.5247063138,1.0,
44.7541192368,65.5341804183,1.0,
44.7542662648,65.5149998466,4.0,
44.7544057638,65.5273220548,2.0,
44.7550009629,65.5158068473,8.0,
44.7551177054,65.5356367422,1.0,
44.7554117098,65.4834658493,1.0,
44.7556910652,65.4786605639,2.0,
44.755717347,65.3863921675,1.0,
44.7559718502,65.5169786859,4.0,
44.7564788527,65.4764774668,2.0,
44.7565169819,65.5127228893,1.0,
44.7566963229,65.5351506407,2.0,
44.7570397876,65.5181968445,4.0,
44.7573963552,65.4397816893,1.0,
44.7577121555,65.4786640047,1.0,
44.7578022386,65.5191396533,2.0,
44.7583355871,65.5198024996,1.0,
44.7583405695,65.5340098967,2.0,
44.7583799176,65.5410892858,1.0,
44.758977189,65.5635309566,1.0,
44.7590500631,65.4931632354,1.0,
44.7591015484,65.5433646754,2.0,
44.7598674268,65.5245749109,1.0,
44.7600859203,65.5219968791,1.0,
44.7600908553,65.5399194162,2.0,
44.760268467,65.5347979071,1.0,
44.7607001834,65.5511220163,1.0,
44.7608490988,65.5551564204,1.0,
44.7609508939,65.5131760585,1.0,
44.761193096,65.5339718176,2.0,
44.7612114264,65.5424363771,1.0,
44.7613639719,65.4914184002,1.0,
44.7614845069,65.5363045514,1.0,
44.7617861753,65.5602559266,1.0,
44.7622183729,65.5240294578,1.0,
44.7622831297,65.599952566,1.0,
44.7625978276,65.547281102,2.0,
44.762681985,65.545810722,1.0,
44.762817364,65.5383981481,1.0,
44.7630812343,65.5441316235,1.0,
44.7635854705,65.5451755709,2.0,
44.763650954,65.5872743011,1.0,
44.7639325349,65.5374722303,1.0,
44.7640873918,65.5487703603,2.0,
44.7641188299,65.5617852852,1.0,
44.7642756141,65.5416594929,1.0,
44.7645617425,65.5506470955,2.0,
44.7646009373,65.5280689416,1.0,
44.7649622749,65.5186586285,1.0,
44.7651258173,65.5589076146,2.0,
44.7651879101,65.5456233006,1.0,
44.7652785948,65.5551708569,1.0,
44.7653795961,65.5528524196,2.0,
44.7653900434,65.440351541,1.0,
44.7654340542,65.498778741,1.0,
44.7655180983,65.5345468787,1.0,
44.7655496205,65.5550536398,2.0,
44.7658519268,65.5390191109,2.0,
44.7661032518,65.5505853254,1.0,
44.7664253105,65.5570739081,1.0,
44.7665461048,65.5622729532,1.0,
44.7666371339,65.5453220042,1.0,
44.7669371777,65.5019986067,1.0,
44.7669914294,65.5562946811,2.0,
44.7670903893,65.553088577,4.0,
44.7672658575,65.5615225585,4.0,
44.7672720822,65.5392438003,2.0,
44.7672897747,65.5491877807,4.0,
44.7673392517,65.5832785175,1.0,
44.7674101679,65.5659881496,1.0,
44.767436662,65.5479421405,8.0,
44.7674532882,65.552362473,1.0,
44.7675471617,65.4925474116,1.0,
44.7677681112,65.5508652239,1.0,
44.7677997838,65.5554883881,1.0,
44.7680261335,65.5604538196,2.0,
44.7681331282,65.55460293,2.0,
44.7682163605,65.5530373263,2.0,
44.7683990168,65.5021124582,1.0,
44.7686085056,65.5631993405,2.0,
44.7689267716,65.5561416371,2.0,
44.7691981098,65.5498312983,4.0,
44.7692126353,65.512514137,1.0,
44.7692192789,65.559451178,4.0,
44.7693287823,65.5532080285,4.0,
44.7694766238,65.5637577831,8.0,
44.7695366461,65.5471329878,1.0,
44.7698516992,65.5477270985,2.0,
44.7700413963,65.5458103122,1.0,
44.7701110498,65.5622760691,2.0,
44.7702275282,65.5612332731,1.0,
44.7703622063,65.5516584451,4.0,
44.7706913446,65.5503371916,2.0,
44.7707056279,65.5580794651,4.0,
44.7708191539,65.5377679843,1.0,
44.7708574835,65.5665853276,2.0,
44.7708969717,65.5529329817,8.0,
44.7710873772,65.5408228448,2.0,
44.7711673792,65.551939054,1.0,
44.7712458329,65.5497702073,4.0,
44.7712541283,65.5613766187,4.0,
44.7713620196,65.549147202,1.0,
44.7713678771,65.4838992897,1.0,
44.7715746606,65.5312270778,1.0,
44.7716159041,65.5399950903,1.0,
44.7716159931,65.5465705806,16.0,
44.7717661256,65.5575077966,2.0,
44.7718803721,65.490894682,1.0,
44.7719709502,65.5557425118,4.0,
44.7721663662,65.4405666638,1.0,
44.7721780002,65.5099848462,1.0,
44.772240447,65.5723103292,1.0,
44.7722820854,65.5650158904,1.0,
44.7723533085,65.5634951335,1.0,
44.7725115604,65.5547151154,1.0,
44.7726170018,65.5468891989,4.0,
44.7726263531,65.5499501469,4.0,
44.7726360821,65.5509416355,2.0,
44.7726729924,65.5520136505,1.0,
44.7726733983,65.5585852922,1.0,
44.7727114682,65.5659814422,4.0,
44.7727162074,65.5611987774,1.0,
44.7730503153,65.559665536,4.0,
44.7731417056,65.5472717829,1.0,
44.7731785951,65.562550755,4.0,
44.7731918603,65.5516825867,4.0,
44.7732346642,65.5500465844,1.0,
44.7734451761,65.5576105097,2.0,
44.7736684353,65.5422230602,2.0,
44.7739788924,65.5568015218,4.0,
44.7741191571,65.546031803,4.0,
44.7741224285,65.513810688,1.0,
44.7744177036,65.5499476268,4.0,
44.7747694604,65.5746882049,1.0,
44.7747886401,65.5627565302,1.0,
44.7748574543,65.55228477,4.0,
44.774890035,65.5431737757,2.0,
44.7750688517,65.5456591685,2.0,
44.7751631772,65.5563708708,2.0,
44.7752394366,65.5073610197,1.0,
44.7754227029,65.4217879137,1.0,
44.7755367578,65.5547309186,2.0,
44.7756347707,65.5535054717,1.0,
44.7758430229,65.5587633294,2.0,
44.7760336148,65.5301383111,1.0,
44.7760397061,65.5528900925,2.0,
44.776197522,65.557832271,1.0,
44.7762550033,65.5510924767,1.0,
44.7766210684,65.5445581037,8.0,
44.7767808928,65.5425931944,1.0,
44.7768085656,65.5499571725,4.0,
44.7769008042,65.5611523453,1.0,
44.7769987863,65.5111665324,2.0,
44.7772176519,65.5411136362,2.0,
44.7773467517,65.5464142331,1.0,
44.7774612821,65.5622754945,4.0,
44.7776254154,65.5339356454,1.0,
44.7777281586,65.5546559656,2.0,
44.7777657047,65.5464023484,4.0,
44.7779651629,65.555553223,1.0,
44.7780852085,65.5517796545,1.0,
44.7780886026,65.5478739987,4.0,
44.7781767174,65.5586497459,4.0,
44.778194244,65.5378449499,1.0,
44.7783948147,65.5063363919,1.0,
44.7785047432,65.543482365,2.0,
44.7785847596,65.5578718208,2.0,
44.778667652,65.5493272607,1.0,
44.778680031,65.5609321261,4.0,
44.7788169461,65.5392311758,8.0,
44.778946617,65.5528784896,1.0,
44.7789505773,65.5505958933,4.0,
44.7790510354,65.5310822646,1.0,
44.7793820977,65.5618461129,2.0,
44.7794883478,65.5483681187,2.0,
44.7795230943,65.5448560986,1.0,
44.7797107824,65.5298356524,2.0,
44.7797374341,65.5647692597,2.0,
44.7798872568,65.5619733775,1.0,
44.7799395366,65.5541591159,1.0,
44.7802639014,65.5262697476,1.0,
44.7804424201,65.5570994553,1.0,
44.7804596312,65.5524534055,2.0,
44.7806051162,65.5358616423,2.0,
44.7806855648,65.5339166521,1.0,
44.7808498076,65.5504710194,2.0,
44.7809055802,65.5614422133,2.0,
44.7809864875,65.5688812763,1.0,
44.7810392285,65.5443863748,1.0,
44.7810810753,65.5208867524,1.0,
44.7812672226,65.5305449279,1.0,
44.7813569098,65.5554077052,1.0,
44.7815839131,65.5525696942,1.0,
44.7815882222,65.5083176086,1.0,
44.7817010344,65.5351929412,8.0,
44.7817334921,65.5136554763,1.0,
44.781755636,65.5244106151,1.0,
44.7818467466,65.5519374188,2.0,
44.7822820178,65.5286892073,1.0,
44.782301426,65.5346555674,2.0,
44.7823023614,65.5163640609,1.0,
44.7824703794,65.5646869205,2.0,
44.7826829228,65.5341761973,1.0,
44.7831898875,65.5333811015,2.0,
44.7832757618,65.5333376293,8.0,
44.7836406305,65.5325135184,1.0,
44.7837985606,65.538305929,1.0,
44.7838013615,65.5035703488,1.0,
44.7838742851,65.5664260014,1.0,
44.783907251,65.5114388399,1.0,
44.7839474443,65.4848918245,1.0,
44.7840177665,65.525677793,1.0,
44.7841312314,65.5276302294,1.0,
44.7844878245,65.5610932588,1.0,
44.7853791254,65.5251536151,1.0,
44.7855053109,65.4246657414,1.0,
44.7857622704,65.514107927,1.0,
44.7861109034,65.5158692663,4.0,
44.7863294101,65.5307912166,2.0,
44.7868519383,65.5339137917,1.0,
44.7869540463,65.5224802609,1.0,
44.787292601,65.5302720569,8.0,
44.7873043571,65.55598319,1.0,
44.7875066867,65.5311693729,1.0,
44.7880398641,65.5276863577,1.0,
44.7880634548,65.5112008377,2.0,
44.7884954469,65.5346749213,1.0,
44.788690387,65.5296130348,4.0,
44.7889155205,65.5165473099,1.0,
44.7889371779,65.5314375482,1.0,
44.7894206168,65.5251383831,1.0,
44.7901689588,65.5101383583,1.0,
44.7903524093,65.5427681273,1.0,
44.7906824038,65.5216429847,2.0,
44.7907744912,65.5359100164,2.0,
44.7907971725,65.5277736687,1.0,
44.7909727408,65.5296973281,1.0,
44.7911492295,65.524554143,1.0,
44.7911552848,65.5047186968,1.0,
44.7911844763,65.5227568796,1.0,
44.7914036669,65.4966760702,1.0,
44.7920423131,65.3306093804,1.0,
44.792334133,65.5076436375,1.0,
44.7925208592,65.5237764035,2.0,
44.7926033438,65.5213883923,4.0,
44.7926430559,65.527270941,4.0,
44.7928870461,65.529298017,2.0,
44.793134189,65.5531834516,1.0,
44.7931867114,65.5397541882,2.0,
44.7937246296,65.5210364971,1.0,
44.7937477847,65.5144231129,1.0,
44.794197923,65.5285935444,1.0,
44.7943853137,65.526284508,8.0,
44.7944946116,65.5906635369,1.0,
44.794593817,65.5244482877,1.0,
44.7949260692,65.5405603939,2.0,
44.7949688965,65.6229503366,1.0,
44.7950071468,65.5198467875,2.0,
44.7950748542,65.5269416002,2.0,
44.7954292941,65.4374409265,1.0,
44.7954745967,65.5383150889,1.0,
44.795616739,65.5057765509,1.0,
44.7956640703,65.5257083054,8.0,
44.7956878594,65.5113351099,1.0,
44.795709481,65.5413100304,1.0,
44.7957358024,65.523519941,1.0,
44.7958730575,65.5085614647,2.0,
44.7960216349,65.514007918,1.0,
44.7960276217,65.5304433674,1.0,
44.7965054445,65.5285435295,2.0,
44.7967754887,65.5252906858,4.0,
44.7969218127,65.507385549,2.0,
44.7969858227,65.5063891969,1.0,
44.7970851843,65.4908573928,1.0,
44.7971235786,65.5091244422,1.0,
44.7971807636,65.4976283374,2.0,
44.7974087103,65.4943525778,1.0,
44.7974219813,65.5434581029,1.0,
44.7974989545,65.5019836305,1.0,
44.7975837155,65.5246352435,2.0,
44.7979039702,65.5175736561,1.0,
44.7979315996,65.55942148,1.0,
44.7984633209,65.5478210704,1.0,
44.7985245638,65.50666289,2.0,
44.7987246526,65.5822085032,1.0,
44.7987770023,65.5140314632,1.0,
44.7987833366,65.5445652202,2.0,
44.7991790739,65.5622805769,1.0,
44.7994410746,65.5239925781,1.0,
44.7994412416,65.5119810752,4.0,
44.799447225,65.5422623281,1.0,
44.7994555515,65.6054802655,1.0,
44.7999120034,65.5116997993,1.0,
44.8000007548,65.5238957136,2.0,
44.8000199931,65.4973046349,1.0,
44.8001403646,65.5179952945,1.0,
44.8002493504,65.5357659939,1.0,
44.8003225177,65.5977166048,1.0,
44.8003444402,65.5073716329,4.0,
44.8003541657,65.5300476939,2.0,
44.8005625913,65.5592017119,1.0,
44.8005631051,65.530095361,1.0,
44.8005886545,65.5146935201,1.0,
44.8006792019,65.5229698494,1.0,
44.8007052207,65.501005735,2.0,
44.800862034,65.567946181,1.0,
44.8009709051,65.5427844449,2.0,
44.8011181364,65.5249665012,1.0,
44.8012042385,65.5098010916,2.0,
44.8013227712,65.5465250247,1.0,
44.8013250691,65.5231902134,2.0,
44.8013628345,65.5114542205,4.0,
44.8014845387,65.5435439922,1.0,
44.8016895778,65.5083050705,1.0,
44.8019035674,65.651146592,1.0,
44.8019846114,65.5303640897,1.0,
44.8021539146,65.5052424027,1.0,
44.8024824239,65.5390461708,1.0,
44.8025956957,65.5325805109,4.0,
44.8027540225,65.5182425101,2.0,
44.8028287055,65.5224612486,2.0,
44.8029958314,65.5114252303,2.0,
44.8030707179,65.5002050621,1.0,
44.8032393537,65.593498723,1.0,
44.8032399855,65.5098425769,1.0,
44.8033439952,65.520761178,2.0,
44.8034110777,65.5070504477,2.0,
44.8037482442,65.5918502272,1.0,
44.8039179426,65.5329526557,1.0,
44.8039368243,65.5224894296,4.0,
44.8040077114,65.5158150976,4.0,
44.804050796,65.5231274527,2.0,
44.8042922337,65.5445520963,2.0,
44.8042958562,65.5184341592,8.0,
44.8045036045,65.5351981261,4.0,
44.8046773278,65.547905249,1.0,
44.804679844,65.5318145534,2.0,
44.8047305451,65.528302569,1.0,
44.8052077292,65.5179682841,1.0,
44.8053042333,65.5344388608,1.0,
44.8054107013,65.5218918091,8.0,
44.8056435605,65.5164688862,2.0,
44.8058498085,65.530176377,2.0,
44.8059311615,65.5417480834,1.0,
44.8060279837,65.521838866,1.0,
44.8064329072,65.5319750795,4.0,
44.8065374153,65.5209799514,2.0,
44.8065421613,65.5360632811,4.0,
44.8071033619,65.5456738935,1.0,
44.8073435917,65.584443028,1.0,
44.8073570129,65.5243891469,1.0,
44.8077258544,65.520265877,16.0,
44.8078177155,65.5303554217,1.0,
44.8078647091,65.5322764675,4.0,
44.8084501081,65.5489761294,2.0,
44.8084749638,65.5158872734,1.0,
44.8086540342,65.5575124489,2.0,
44.8087087591,65.5200810413,4.0,
44.8090574385,65.5668652787,1.0,
44.8091297576,65.5462989021,1.0,
44.8095585363,65.5359424356,1.0,
44.8096574077,65.5895670165,1.0,
44.8099649585,65.5222342683,1.0,
44.8100261587,65.519481662,8.0,
44.8101152556,65.5526894898,1.0,
44.8103908636,65.5261668664,2.0,
44.8105707203,65.5181890006,1.0,
44.8106023906,65.5862485598,1.0,
44.8106131558,65.5189894736,2.0,
44.81088115,65.5364486215,1.0,
44.8109218587,65.5891223448,2.0,
44.8110991774,65.5426655722,1.0,
44.8113519997,65.5194539883,4.0,
44.8114310423,65.5207170213,1.0,
44.811521802,65.527228027,4.0,
44.8115592377,65.5337982629,1.0,
44.8117666325,65.5453825589,1.0,
44.8118181826,65.5488698829,1.0,
44.8118281953,65.5401369453,2.0,
44.8120997683,65.5836434774,1.0,
44.8121608176,65.5151339372,1.0,
44.8121858809,65.5351644404,2.0,
44.8122978384,65.5281972035,2.0,
44.8123368474,65.5188350745,2.0,
44.8124476031,65.5375579164,2.0,
44.8125785737,65.515101967,4.0,
44.8127196328,65.5247827888,8.0,
44.8128426062,65.5287419144,8.0,
44.8129258693,65.5132412782,1.0,
44.8129270427,65.5343738573,1.0,
44.81301185,65.5891540963,1.0,
44.8131043388,65.5862272549,1.0,
44.8131389415,65.5478931036,1.0,
44.8131438543,65.5185833268,16.0,
44.8135191487,65.5301795727,4.0,
44.8136753133,65.5868068991,2.0,
44.8136895717,65.5422956199,1.0,
44.8136935564,65.5117821834,1.0,
44.8137880574,65.5404574011,1.0,
44.8138488512,65.5544017641,1.0,
44.8138648224,65.5256031599,16.0,
44.8138992449,65.584814443,1.0,
44.8139794396,65.5441373661,2.0,
44.8139854331,65.5266399358,4.0,
44.8142995738,65.5103003124,1.0,
44.8143077213,65.5166043193,2.0,
44.8143706148,65.5211724019,1.0,
44.814421808,65.530946603,16.0,
44.8144317913,65.5412773217,2.0,
44.8144444723,65.5607150341,1.0,
44.8144526613,65.5098218502,8.0,
44.814513519,65.5120302876,2.0,
44.8149111393,65.5179401553,1.0,
44.814937042,65.53297597,2.0,
44.8149628483,65.5165552836,8.0,
44.8150311429,65.5141324733,4.0,
44.8150332207,65.5145686697,2.0,
44.8150565684,65.5520659284,1.0,
44.8152143996,65.5183648589,16.0,
44.815281539,65.4629786167,1.0,
44.8153022616,65.5301843319,1.0,
44.8153483016,65.5272600718,1.0,
44.8156905174,65.5160466975,1.0,
44.8157492474,65.5428300454,1.0,
44.8157841869,65.5490377625,1.0,
44.8158740334,65.5311276718,8.0,
44.8158881139,65.5340571678,2.0,
44.8160705815,65.5286009969,2.0,
44.8161197955,65.5868206229,1.0,
44.816137104,65.5110001963,4.0,
44.8161457579,65.5315754836,1.0,
44.8161785621,65.534431816,1.0,
44.816263668,65.5091035175,4.0,
44.816384645,65.5858943684,2.0,
44.8163914995,65.5333248788,8.0,
44.8165585338,65.5681397399,1.0,
44.8165770947,65.5203186706,1.0,
44.8166020326,65.5180064609,16.0,
44.8167273717,65.5164679545,4.0,
44.8167655817,65.5860647373,4.0,
44.8167876982,65.540263719,1.0,
44.8168053952,65.5319532588,2.0,
44.8168820795,65.5368501366,8.0,
44.8169187641,65.5303528692,1.0,
44.8170677791,65.5143824906,4.0,
44.8173420484,65.5463772669,1.0,
44.8173685772,65.5526109547,1.0,
44.8175482164,65.5295783949,4.0,
44.8175992649,65.5216610096,1.0,
44.8176433603,65.5283304308,2.0,
44.8177814113,65.5149467639,1.0,
44.8178346259,65.5199330792,2.0,
44.8178409412,65.5174853641,1.0,
44.8178455127,65.5859788052,2.0,
44.8178639484,65.5110178631,4.0,
44.818076892,65.5125385155,1.0,
44.8181898584,65.5161616137,4.0,
44.8182294079,65.5722142856,1.0,
44.8182710678,65.5889195764,1.0,
44.8184703662,65.5778409366,1.0,
44.8187749408,65.5391518758,2.0,
44.818816213,65.5125761055,2.0,
44.8188500125,65.525778511,2.0,
44.8189392111,65.5292260386,4.0,
44.8189483031,65.5346324959,1.0,
44.8189913286,65.519273164,4.0,
44.8190407184,65.6639525912,1.0,
44.81923423,65.5437598653,2.0,
44.8192444237,65.5183464953,32.0,
44.8192540569,65.6173955092,1.0,
44.8192601676,65.5147310957,1.0,
44.8193839776,65.5370474449,4.0,
44.8196199337,65.5099969685,2.0,
44.8196375357,65.5174338062,4.0,
44.8196715915,65.5285180222,1.0,
44.819703947,65.5195359107,1.0,
44.8197418693,65.5225502066,2.0,
44.8197885353,65.5089728871,1.0,
44.8198688477,65.5422736938,2.0,
44.8199136164,65.534975811,2.0,
44.8199311077,65.5172455565,1.0,
44.8199345987,65.5191870591,8.0,
44.8199806885,65.507825997,2.0,
44.8199950445,65.5106538131,8.0,
44.8200247527,65.5077921997,4.0,
44.8200563178,65.510700361,1.0,
44.8202600691,65.5127364708,4.0,
44.8204022163,65.524402205,8.0,
44.8206708244,65.5448249354,1.0,
44.8206962643,65.5139095452,2.0,
44.8207666914,65.5503718308,2.0,
44.8209066113,65.533107372,4.0,
44.8209132223,65.5181223381,8.0,
44.8210897442,65.5145068993,1.0,
44.8212404878,65.521214138,1.0,
44.821323338,65.5143658276,8.0,
44.8214252409,65.5404603575,2.0,
44.821431535,65.5103755175,1.0,
44.8214630591,65.5366635381,2.0,
44.8214821746,65.520299812,2.0,
44.82169618,65.5219975068,8.0,
44.8217060443,65.5116941203,4.0,
44.8217130163,65.5097924935,4.0,
44.8217583138,65.5090369891,2.0,
44.8217793052,65.5107086728,2.0,
44.8220232417,65.5134877739,2.0,
44.8220291922,65.5320381508,2.0,
44.8221244391,65.5123496512,1.0,
44.8221654849,65.5196659011,1.0,
44.8222841155,65.5259198564,1.0,
44.8223651926,65.5301868572,1.0,
44.8225783342,65.5174183578,16.0,
44.8226235151,65.5066733256,2.0,
44.8226250011,65.5238123128,1.0,
44.8226713792,65.5209479432,16.0,
44.822712781,65.5051509668,8.0,
44.8227847699,65.5135837896,4.0,
44.8229636605,65.5152214075,16.0,
44.8229739763,65.5194920658,8.0,
44.822985878,65.5227981868,4.0,
44.8230647299,65.5165883845,8.0,
44.8230809853,65.5239070033,16.0,
44.8231453101,65.5379604006,1.0,
44.8231656163,65.5251393516,4.0,
44.8234592276,65.5172226131,1.0,
44.8234668675,65.5316546037,1.0,
44.8235007492,65.5208693336,4.0,
44.823634851,65.527116182,1.0,
44.8236617559,65.5163376238,2.0,
44.8238017067,65.5246142944,1.0,
44.8238097211,65.5097928345,8.0,
44.8239179443,65.506242889,4.0,
44.8239527388,65.5048094376,1.0,
44.8240389365,65.5252356392,8.0,
44.8240812702,65.5296571108,1.0,
44.824236466,65.5051085001,2.0,
44.8242552678,65.5191921584,4.0,
44.8242718623,65.5136084592,16.0,
44.8242942889,65.5199602338,8.0,
44.8244323315,65.5306922277,2.0,
44.8244627347,65.5135318061,1.0,
44.8244745775,65.5160985837,32.0,
44.8245473115,65.5216095317,1.0,
44.824565356,65.5083520945,1.0,
44.8246062783,65.5270530458,8.0,
44.8246711933,65.535737569,2.0,
44.8247877029,65.4623966304,1.0,
44.8248955198,65.5243208061,2.0,
44.8249178417,65.5218627523,16.0,
44.8250036135,65.5123749286,8.0,
44.8250136624,65.5143270859,2.0,
44.8250264407,65.5372088842,2.0,
44.8250451288,65.5031495357,1.0,
44.825107775,65.5040185459,2.0,
44.8252015984,65.4757669202,1.0,
44.8252100506,65.5114754617,1.0,
44.8252333977,65.5286170659,8.0,
44.8252854912,65.5429298364,1.0,
44.8255240921,65.5242413155,8.0,
44.8255298182,65.5061876767,2.0,
44.8255472544,65.5301303657,8.0,
44.825576638,65.5086627746,8.0,
44.8256536753,65.5006840093,1.0,
44.8256781362,65.5232952896,4.0,
44.8257072752,65.5168467467,1.0,
44.8257630826,65.5150521713,16.0,
44.825799133,65.5172017177,2.0,
44.8259238145,65.5610689562,1.0,
44.8260014366,65.520585914,2.0,
44.8260385849,65.5110030497,16.0,
44.826068952,65.5312264202,4.0,
44.8261638019,65.515288626,1.0,
44.8262078498,65.50752981,2.0,
44.8262130636,65.5104219021,4.0,
44.8262685316,65.533497681,1.0,
44.8262742181,65.5124600061,16.0,
44.8262743366,65.5259489574,8.0,
44.8262892456,65.5244281766,2.0,
44.8264048564,65.5180634573,16.0,
44.8264199169,65.5197337414,8.0,
44.8265851912,65.5141279014,4.0,
44.82663097,65.5371316794,1.0,
44.8266691906,65.5221142506,1.0,
44.8266981144,65.5325263399,4.0,
44.8267159458,65.5278376005,8.0,
44.8267377433,65.517319922,4.0,
44.8267640882,65.5335122179,2.0,
44.8268745169,65.5283747346,16.0,
44.8270688918,65.5206829026,4.0,
44.8271300528,65.5132407328,8.0,
44.8271774161,65.5302301006,1.0,
44.8271837477,65.5559846447,2.0,
44.8272159781,65.5546671471,1.0,
44.8273451759,65.5009483872,2.0,
44.8273460638,65.5020045915,4.0,
44.8273902677,65.5153746693,32.0,
44.8274371514,65.5161786712,16.0,
44.8275037991,65.5228728381,8.0,
44.8275184423,65.5349005383,2.0,
44.827593196,65.5025778443,1.0,
44.8276124085,65.5043792863,2.0,
44.8276601059,65.5156474336,2.0,
44.8276625591,65.5296064165,2.0,
44.8277450364,65.57013171,1.0,
44.8278430973,65.5213478285,1.0,
44.8279645136,65.5079683431,8.0,
44.8279768688,65.5054585647,16.0,
44.8281161669,65.5135852159,16.0,
44.8281250335,65.5145631496,4.0,
44.8282586463,65.5486594579,1.0,
44.8283374695,65.2747567406,1.0,
44.8283651348,65.5322839621,1.0,
44.828372192,65.5292601821,1.0,
44.8284240105,65.5100720755,16.0,
44.8284371883,65.5382125059,1.0,
44.82846445,65.5209119331,2.0,
44.8285002426,65.5234144858,2.0,
44.8286844661,65.5054339418,2.0,
44.8287345668,65.5367399235,2.0,
44.8287476516,65.5250234067,4.0,
44.828765118,65.5308473444,4.0,
44.8287678167,65.5110673514,4.0,
44.8287710752,65.5260989875,2.0,
44.8288508722,65.5189721641,1.0,
44.8288607999,65.5018622647,4.0,
44.8290476695,65.5221012552,16.0,
44.8291117528,65.5196300662,16.0,
44.8291716904,65.5042216719,4.0,
44.8291901049,65.5122891764,32.0,
44.8292112652,65.5124988382,1.0,
44.8293975975,65.5400670886,2.0,
44.8294367572,65.5147645034,16.0,
44.829544074,65.5080764458,1.0,
44.8297025237,65.533487681,2.0,
44.8297101824,65.5050129322,8.0,
44.8297231883,65.4841628385,2.0,
44.8298788679,65.5280315039,4.0,
44.8299560091,65.5162489837,2.0,
44.83009415,65.5302319989,1.0,
44.8300993791,65.5384038471,1.0,
44.8301347494,65.5089926799,4.0,
44.8302451609,65.5349035894,1.0,
44.8302538395,65.5211951313,4.0,
44.8302638939,65.5120882147,16.0,
44.8303662153,65.5236211559,8.0,
44.830420163,65.5251205974,2.0,
44.8304264555,65.5805862461,1.0,
44.8305436946,65.5260730212,8.0,
44.8306370714,65.5188012629,2.0,
44.8307480859,65.5029702662,2.0,
44.8308356071,65.485644816,1.0,
44.8308504115,65.5139681843,16.0,
44.8309067122,65.5028958809,1.0,
44.8309189856,65.5268679955,1.0,
44.8309939443,65.5142617376,4.0,
44.8310970764,65.5117587678,8.0,
44.8312203141,65.5046100317,2.0,
44.8312608142,65.5292257649,1.0,
44.8312868251,65.5160588527,16.0,
44.8312936757,65.5312494124,16.0,
44.8313472115,65.5063855551,8.0,
44.8315592917,65.5232910522,2.0,
44.8315791373,65.5205788364,8.0,
44.8315796725,65.5103724721,16.0,
44.8316561118,65.533047838,1.0,
44.8316691362,65.498991239,1.0,
44.8316912939,65.5044280885,8.0,
44.8317144862,65.5139922897,1.0,
44.8317204564,65.5156157228,1.0,
44.8317784398,65.381636094,1.0,
44.8318243506,65.5218670971,2.0,
44.8318621906,65.5265650654,2.0,
44.831953534,65.5088772562,8.0,
44.8319852097,65.4832218126,1.0,
44.8322559448,65.5084438259,2.0,
44.8322619697,65.534302171,16.0,
44.83229816,65.5242643196,4.0,
44.8323549202,65.5189543862,1.0,
44.8323560549,65.5153233855,8.0,
44.8323925764,65.5131892366,16.0,
44.8324054901,65.5300676174,8.0,
44.8324287915,65.5074251642,8.0,
44.8324501108,65.5003861035,2.0,
44.8324545737,65.5412609618,1.0,
44.832533451,65.5282855076,16.0,
44.8325719755,65.5021005765,8.0,
44.8325975597,65.5218821927,1.0,
44.8326587792,65.5183093657,4.0,
44.8326650293,65.5361816443,4.0,
44.8327446888,65.5648629834,1.0,
44.8328098637,65.5342816344,1.0,
44.8328211532,65.5284361933,1.0,
44.8328876103,65.5067293773,2.0,
44.8330482809,65.5213955828,4.0,
44.8330485432,65.5295484668,4.0,
44.8330538144,65.5145647923,4.0,
44.8330732727,65.5146141227,2.0,
44.8331645395,65.5344648581,4.0,
44.8331827197,65.5118130776,8.0,
44.8331991756,65.5312653937,8.0,
44.8332229394,65.5354333959,2.0,
44.8332428303,65.5324037973,16.0,
44.8332443023,65.503386892,1.0,
44.8332724104,65.5253868423,4.0,
44.8333089528,65.4849882671,1.0,
44.8333307413,65.5056399954,32.0,
44.8334618819,65.4350955192,1.0,
44.8335328948,65.5326726652,4.0,
44.8335376334,65.5103802183,8.0,
44.8335766608,65.4968801773,2.0,
44.8336015138,65.5183398358,8.0,
44.8336817491,65.5336861841,32.0,
44.8337165249,65.4871141641,1.0,
44.833734305,65.5756209057,1.0,
44.8337417412,65.52053711,1.0,
44.833803247,65.537093563,8.0,
44.8338235671,65.4981383939,1.0,
44.8338976314,65.5039229672,4.0,
44.8338987675,65.5168334877,1.0,
44.8339209997,65.5082769897,4.0,
44.8339954224,65.5129521783,8.0,
44.8341294999,65.5158705159,8.0,
44.8341893548,65.521193312,2.0,
44.8342206262,65.5362717911,1.0,
44.8342759403,65.5241488496,4.0,
44.8342843952,65.5318526542,2.0,
44.8342872012,65.5226117046,8.0,
44.8342938449,65.4618143556,1.0,
44.8343917533,65.5266253461,4.0,
44.8344520266,65.5178533453,4.0,
44.8344648699,65.5025414746,4.0,
44.8345012853,65.5190459414,2.0,
44.8345183479,65.5293336323,2.0,
44.8345284547,65.5040919449,8.0,
44.8346283387,65.4883681206,2.0,
44.834633205,65.5245318483,2.0,
44.8346794593,65.5095371436,2.0,
44.8347256504,65.5035502304,1.0,
44.8347581393,65.5072551315,1.0,
44.8348027905,65.5353624345,32.0,
44.8348451837,65.5143787265,8.0,
44.8349514592,65.4956546938,1.0,
44.8349722598,65.5367448246,4.0,
44.8349886202,65.5130229171,2.0,
44.8350303997,65.5328136469,8.0,
44.8351058935,65.5164190896,2.0,
44.8351079871,65.5113330562,2.0,
44.8351285505,65.542163547,1.0,
44.8351310427,65.509666168,8.0,
44.8351413529,65.5292087308,8.0,
44.8351669112,65.5318629137,1.0,
44.8353000026,65.5346129557,4.0,
44.8353376765,65.5111167589,4.0,
44.8353747047,65.4971082857,8.0,
44.8354035787,65.5037875198,2.0,
44.8354090416,65.5228643835,4.0,
44.8354213859,65.5067927709,8.0,
44.8354494184,65.5346419474,1.0,
44.8354509192,65.4957465603,2.0,
44.8355441475,65.520751628,2.0,
44.8355912472,65.5052848623,4.0,
44.8356251924,65.4947808779,4.0,
44.8356259856,65.5219657682,1.0,
44.8356974156,65.4994180934,4.0,
44.8356987384,65.5184730938,8.0,
44.8357393867,65.5022616437,1.0,
44.8357558876,65.5303052154,16.0,
44.8359482126,65.5205686406,1.0,
44.8359518583,65.5077269559,2.0,
44.8359793815,65.5242484063,1.0,
44.8359836232,65.5119642086,16.0,
44.8360824161,65.5014344868,4.0,
44.8360917214,65.5095023922,2.0,
44.8361103422,65.5360226789,8.0,
44.8362095962,65.4936805837,2.0,
44.8362360824,65.5263113443,8.0,
44.8362485688,65.5034912324,8.0,
44.8362918251,65.5061881848,1.0,
44.8363074426,65.4947376212,1.0,
44.8363481219,65.5343958219,32.0,
44.8363783633,65.513944818,4.0,
44.8363965941,65.522578562,2.0,
44.8364298683,65.521319479,4.0,
44.83659482,65.5281464738,16.0,
44.8366516651,65.4862524142,1.0,
44.8366685334,65.5149710785,1.0,
44.8367160158,65.5759881331,1.0,
44.836721513,65.5075791958,1.0,
44.8367530606,65.5420030165,1.0,
44.8368122023,65.49732569,1.0,
44.8368402629,65.5050637776,8.0,
44.8368716931,65.5133710053,2.0,
44.8368848427,65.529305436,4.0,
44.8369533288,65.5324388313,2.0,
44.8369980696,65.5030900148,2.0,
44.8370164772,65.5698088294,1.0,
44.8370477761,65.5124769295,4.0,
44.8370898323,65.5090245452,1.0,
44.837192037,65.534221076,1.0,
44.8372262453,65.5020909279,8.0,
44.8372666461,65.5066435224,4.0,
44.8373462413,65.4997667593,2.0,
44.8373803091,65.5162946242,16.0,
44.8374372517,65.5196821399,16.0,
44.8374441907,65.5290895893,8.0,
44.8374839734,65.5108732187,2.0,
44.8375233089,65.5079762115,16.0,
44.8376030079,65.5659657207,1.0,
44.8376239353,65.5642691001,1.0,
44.8376578425,65.5251398525,8.0,
44.8376625433,65.5542084084,1.0,
44.837806025,65.5038982686,8.0,
44.8378978661,65.5005215667,8.0,
44.8379351028,65.4955236233,1.0,
44.8380298638,65.5153317444,1.0,
44.8380664375,65.5216176566,4.0,
44.8381327618,65.4919391393,16.0,
44.8382291885,65.5179265428,16.0,
44.8382888331,65.5105867582,8.0,
44.8383040628,65.5123475404,16.0,
44.838375625,65.4864005535,1.0,
44.8384268192,65.5173801935,1.0,
44.8384413739,65.494063204,8.0,
44.8385009883,65.5243482385,2.0,
44.8386407155,65.5041102655,1.0,
44.8386423883,65.4875356784,4.0,
44.8386659161,65.4989610783,8.0,
44.838672274,65.5063655539,8.0,
44.8387524664,65.4802286036,1.0,
44.8387527383,65.5030659933,2.0,
44.8388011141,65.5146127338,8.0,
44.838871153,65.5116371031,1.0,
44.8389426873,65.4967814058,8.0,
44.8389873462,65.5196709536,4.0,
44.8391377295,65.5225462274,4.0,
44.8391685296,65.4922736252,1.0,
44.8392300189,65.4890055686,2.0,
44.8393171541,65.5162156428,1.0,
44.8393559236,65.5079254183,4.0,
44.8393908392,65.4821002087,2.0,
44.8395523254,65.4979708564,4.0,
44.8395645421,65.4949065886,1.0,
44.8395671239,65.551399775,1.0,
44.8395798858,65.5119991653,2.0,
44.8396164384,65.4857683387,2.0,
44.8396410453,65.487297793,2.0,
44.8397239764,65.4928263742,16.0,
44.8397427923,65.4843182607,1.0,
44.8398092186,65.4906921274,4.0,
44.8398191449,65.5109300323,4.0,
44.8398431729,65.4875765046,1.0,
44.8398556352,65.5129917203,8.0,
44.839898244,65.5165253644,4.0,
44.839916354,65.504879713,16.0,
44.8399455441,65.5254630118,2.0,
44.8399901792,65.5179147634,2.0,
44.8399915687,65.5005388491,8.0,
44.8400090712,65.5210860776,8.0,
44.8400325205,65.5243207468,1.0,
44.8400338938,65.4959725445,2.0,
44.840071016,65.5184662368,8.0,
44.8400940661,65.491926389,2.0,
44.8401383257,65.4949033884,4.0,
44.8401590016,65.4746367563,2.0,
44.8402045946,65.5091731027,8.0,
44.8402231074,65.506783149,16.0,
44.8402522907,65.4976610716,2.0,
44.840315085,65.4901858733,2.0,
44.8403380016,65.5084031105,32.0,
44.8403490886,65.4810713755,1.0,
44.8403745279,65.5140390688,4.0,
44.8403964021,65.512965909,16.0,
44.8405341915,65.5056784294,2.0,
44.8405384778,65.4980690759,32.0,
44.8405772283,65.5147351647,1.0,
44.84059794,65.4768770085,2.0,
44.8406381146,65.4884148956,8.0,
44.8407142968,65.4848790895,2.0,
44.8407324941,65.5117160218,8.0,
44.8407652231,65.5038171492,1.0,
44.840768471,65.4962459353,16.0,
44.8408133093,65.5239709873,4.0,
44.8408231115,65.4855620401,4.0,
44.8408441475,65.5027210691,4.0,
44.8408563597,65.5191594368,1.0,
44.8408613322,65.48147287,2.0,
44.840866306,65.5098369125,4.0,
44.8409102581,65.5043271306,8.0,
44.8409845139,65.487788201,64.0,
44.8410091283,65.5085471801,1.0,
44.8410167921,65.4936775429,16.0,
44.8410410381,65.4835053468,1.0,
44.8410609712,65.5025392434,16.0,
44.8410676296,65.5036976151,2.0,
44.8410995672,65.4828613165,4.0,
44.8411027559,65.4796103057,2.0,
44.8411694639,65.5226322762,2.0,
44.8411698704,65.5167491502,2.0,
44.8412103084,65.4782660977,4.0,
44.8412151603,65.5201500333,2.0,
44.8412390302,65.5169162558,1.0,
44.8412654752,65.4738628551,1.0,
44.8413313,65.4921279964,8.0,
44.8413845669,65.5186214772,4.0,
44.8413880796,65.4891869026,64.0,
44.8414085908,65.4898853211,1.0,
44.8414303969,65.5356495095,1.0,
44.8414563839,65.4774193123,1.0,
44.8414635558,65.4938676425,2.0,
44.8415378016,65.4950670273,32.0,
44.8415512217,65.4910667997,64.0,
44.8415546993,65.54152566,1.0,
44.8415585658,65.4749642913,2.0,
44.8416249185,65.5060204788,4.0,
44.8417335024,65.5106670721,8.0,
44.8417703495,65.5231532845,1.0,
44.8417721831,65.485029783,1.0,
44.841791308,65.5126342344,8.0,
44.8418761843,65.4953577799,8.0,
44.8418839327,65.5014750327,4.0,
44.841913128,65.4758857385,1.0,
44.8419495698,65.4927455583,32.0,
44.841957079,65.5157020711,4.0,
44.8419846119,65.4983752693,4.0,
44.8419964226,65.5128654201,1.0,
44.842014241,65.525217068,16.0,
44.8420377735,65.4901831648,16.0,
44.8420641031,65.4977322598,32.0,
44.8421017432,65.4995261776,8.0,
44.8421032964,65.5015505484,32.0,
44.8421397027,65.5149378335,1.0,
44.8422438698,65.4864972909,32.0,
44.8422939093,65.4850169991,2.0,
44.842295346,65.4868168127,4.0,
44.8424346233,65.5032874345,8.0,
44.8424685419,65.5203632317,8.0,
44.8425874023,65.5144556553,4.0,
44.8425929091,65.5171409522,4.0,
44.8425985235,65.5079047769,16.0,
44.8427324069,65.4712299726,1.0,
44.8427747989,65.4939145445,1.0,
44.8427883405,65.4890137745,4.0,
44.8428110271,65.4714434351,4.0,
44.8428248363,65.4966326544,8.0,
44.8428559916,65.4939934428,8.0,
44.8428857014,65.5626274141,1.0,
44.8429367879,65.4943135769,16.0,
44.8429655829,65.5184868478,1.0,
44.8430238813,65.5003612511,16.0,
44.8430727557,65.5068533838,2.0,
44.8430805683,65.4975857948,64.0,
44.8431250606,65.4930813793,2.0,
44.8431297883,65.5241912321,2.0,
44.8431347284,65.4912125084,32.0,
44.8431459118,65.4729571755,2.0,
44.8432041782,65.5515558095,2.0,
44.8432291732,65.5131599978,4.0,
44.8432376119,65.4792699449,4.0,
44.8432876852,65.528933041,1.0,
44.8432917275,65.5444837082,1.0,
44.8433190924,65.4858592936,1.0,
44.8433311927,65.5553125823,1.0,
44.8433381923,65.4771400005,1.0,
44.8434137519,65.4820077045,2.0,
44.8434235851,65.5267843129,8.0,
44.8434270043,65.4785547452,1.0,
44.8434337472,65.5037979007,4.0,
44.8434544604,65.5320483889,1.0,
44.8435002482,65.5251753275,8.0,
44.8435004543,65.4759437129,8.0,
44.8435109601,65.505215935,16.0,
44.8435147664,65.5017063333,8.0,
44.8435289341,65.5141141116,1.0,
44.8435317024,65.5222159352,2.0,
44.8435696615,65.4955396779,4.0,
44.8436105921,65.4922622746,16.0,
44.8437033346,65.4901341022,16.0,
44.8439169482,65.4965150572,2.0,
44.8439190907,65.4957280652,32.0,
44.8439381932,65.5078860498,8.0,
44.8439404088,65.5173343926,16.0,
44.843966634,65.5213441658,8.0,
44.8439745739,65.5154411232,1.0,
44.8440282071,65.4802348584,2.0,
44.8440606232,65.5017828341,4.0,
44.8441150767,65.5314962367,4.0,
44.8441372825,65.5275659979,1.0,
44.8441478302,65.5113362759,2.0,
44.8441670665,65.5107047881,32.0,
44.8441694977,65.5120991155,16.0,
44.8441796375,65.4931846715,8.0,
44.8442312842,65.4678864033,1.0,
44.8442719965,65.488819934,8.0,
44.8443033111,65.5105876351,1.0,
44.8443124909,65.4845745955,4.0,
44.8443230453,65.4982334334,4.0,
44.8443297186,65.5193105808,8.0,
44.8443401851,65.4673648826,8.0,
44.8443428805,65.5334375251,1.0,
44.8443576187,65.4732263184,8.0,
44.8444049107,65.4901333668,2.0,
44.8444553257,65.5284769049,4.0,
44.8444794402,65.5084005769,2.0,
44.844511554,65.5013695744,2.0,
44.8445147504,65.5186857941,1.0,
44.8445443201,65.5208351192,1.0,
44.8445464632,65.4995886935,16.0,
44.8446392406,65.5134776584,2.0,
44.8447032632,65.509684035,4.0,
44.8447123273,65.5157425914,2.0,
44.8449839045,65.5054723747,1.0,
44.8449989237,65.5068443886,2.0,
44.8450216816,65.4831964467,4.0,
44.8450477991,65.4987493992,1.0,
44.8450703004,65.5008968625,32.0,
44.8450758632,65.5198160972,2.0,
44.8450822492,65.5241779164,2.0,
44.8450909032,65.4950234351,4.0,
44.8451464645,65.4994710035,2.0,
44.8451479099,65.5059051154,32.0,
44.8451783831,65.546142304,1.0,
44.8454006554,65.4896544597,16.0,
44.8454258593,65.5022695255,1.0,
44.8454453005,65.4692557432,4.0,
44.8454566746,65.4655706552,16.0,
44.8454586629,65.5140007517,8.0,
44.8454755738,65.4804007798,4.0,
44.8454941622,65.5088065097,8.0,
44.8455518897,65.5116763152,1.0,
44.8455834692,65.5231866609,8.0,
44.8456607359,65.4818028429,4.0,
44.8456715529,65.5038237132,2.0,
44.845718874,65.5030181188,16.0,
44.8457190556,65.4936807597,4.0,
44.8457553231,65.491892393,2.0,
44.8457752007,65.5106373959,8.0,
44.8457959819,65.516009516,4.0,
44.8458142706,65.546034664,2.0,
44.8458307862,65.4803158545,1.0,
44.8458317054,65.5207753912,4.0,
44.8458357961,65.5301337977,1.0,
44.8458358657,65.4845672413,1.0,
44.8458423807,65.4690405585,1.0,
44.845896765,65.5071710117,16.0,
44.8459034885,65.4963093873,16.0,
44.8459744986,65.4791511037,2.0,
44.8460332929,65.5009420229,1.0,
44.8460575319,65.5415849136,1.0,
44.8460746845,65.49974469,4.0,
44.8461283413,65.4673866658,16.0,
44.8461699985,65.5028874633,8.0,
44.8462323797,65.5173641418,4.0,
44.8462383631,65.5432444012,2.0,
44.8462535509,65.4691212886,8.0,
44.8462628509,65.4760639966,1.0,
44.8462742366,65.5124102985,16.0,
44.8463101774,65.4944211022,1.0,
44.8463131792,65.5515156173,1.0,
44.8463197322,65.463169967,4.0,
44.8463291955,65.4895513336,4.0,
44.8463558359,65.5284197042,4.0,
44.8464584425,65.4978373767,16.0,
44.8465089712,65.4877150601,1.0,
44.8465344711,65.4786152736,1.0,
44.8466012255,65.5148758069,8.0,
44.8466055668,65.5495747382,1.0,
44.8466261288,65.4948890956,2.0,
44.846628607,65.4749372865,8.0,
44.8466723051,65.4900967363,1.0,
44.8467047261,65.5215469173,8.0,
44.8469034719,65.4642114356,16.0,
44.8469507497,65.4808698366,4.0,
44.8469699959,65.4900438366,8.0,
44.8469983767,65.48533794,2.0,
44.8470611486,65.5470040259,4.0,
44.8470984055,65.4963651123,2.0,
44.847129189,65.5065343514,4.0,
44.8471836452,65.5222198567,2.0,
44.8472038059,65.5003296754,32.0,
44.8472409054,65.5482586919,1.0,
44.847240982,65.4658940643,32.0,
44.8472579687,65.5227397793,4.0,
44.8472814147,65.4677227782,4.0,
44.8472920566,65.4959452182,16.0,
44.8473000568,65.4882346447,4.0,
44.8473085382,65.4704567222,1.0,
44.8473220048,65.4957832486,4.0,
44.8473417913,65.5101146827,8.0,
44.847435604,65.5442831189,4.0,
44.8474452493,65.4694929696,2.0,
44.8474488908,65.4616752454,8.0,
44.8475568048,65.4753307285,2.0,
44.8475579036,65.5270510675,4.0,
44.8475599531,65.5085667733,4.0,
44.8476392654,65.4902182641,4.0,
44.8476830346,65.5266440725,1.0,
44.8477046173,65.502218908,16.0,
44.8477432223,65.4925740585,16.0,
44.8478383158,65.4882036179,1.0,
44.8478455074,65.4873574496,8.0,
44.8478531952,65.5081789473,2.0,
44.8478914938,65.5113514461,2.0,
44.8478988538,65.4930971539,1.0,
44.8479145475,65.5209483531,1.0,
44.8479415798,65.5138729567,1.0,
44.8479614311,65.4639251313,1.0,
44.8480658871,65.4831723233,2.0,
44.8482399071,65.4660846261,2.0,
44.8482404265,65.4793463914,1.0,
44.8482505649,65.4972957858,8.0,
44.8482924715,65.5242983713,8.0,
44.8483387357,65.5233461073,2.0,
44.8483570032,65.4682666708,2.0,
44.8484189921,65.4836759684,1.0,
44.8484244824,65.5310411653,2.0,
44.8484573395,65.4906209175,2.0,
44.8484595605,65.5252433226,1.0,
44.8485632579,65.510725578,4.0,
44.848576103,65.4636438802,4.0,
44.8485858196,65.4883606114,2.0,
44.8486318593,65.5258310202,4.0,
44.8487019635,65.4671214469,8.0,
44.8487925616,65.4766742513,2.0,
44.8488584236,65.4935640178,2.0,
44.8488676769,65.5049876395,8.0,
44.8489034626,65.5067777721,4.0,
44.8489182998,65.4962068816,16.0,
44.8489389955,65.5136179503,4.0,
44.8489471522,65.4933023734,4.0,
44.8489753402,65.4894631687,4.0,
44.8490120075,65.5508608614,1.0,
44.8490395042,65.4804592247,4.0,
44.8490596111,65.5432146556,1.0,
44.8490701547,65.4842493252,8.0,
44.8490953769,65.5017575816,1.0,
44.8491047246,65.5089306942,4.0,
44.8491187878,65.5199962773,2.0,
44.8491517024,65.5124589963,1.0,
44.849188263,65.5187329567,1.0,
44.84922236,65.4738323648,1.0,
44.849288055,65.4913819497,8.0,
44.8493086849,65.4750651392,8.0,
44.8493376551,65.5004148336,16.0,
44.8494000122,65.4774354313,4.0,
44.8494459348,65.5000897652,1.0,
44.8495330827,65.5211577866,4.0,
44.8496116038,65.5444976867,1.0,
44.849630655,65.4882337712,1.0,
44.849642139,65.5022009073,8.0,
44.8496814806,65.4622605298,2.0,
44.8497085803,65.5290784103,4.0,
44.8497378491,65.5531333035,1.0,
44.8497421643,65.5015954845,4.0,
44.8497817524,65.4685177029,16.0,
44.8498682372,65.465833073,4.0,
44.8499971568,65.4662131202,16.0,
44.8500121567,65.5206574112,1.0,
44.8500686705,65.4983451894,8.0,
44.8500767883,65.5479688893,2.0,
44.8501685168,65.5385361899,1.0,
44.8502582623,65.5057925766,4.0,
44.8502737553,65.5249015783,16.0,
44.8502866667,65.4966654857,16.0,
44.8503041268,65.4909578797,2.0,
44.8503104389,65.5317820221,2.0,
44.850316981,65.4710953203,2.0,
44.8503243728,65.467194733,8.0,
44.8503379544,65.5109884485,2.0,
44.8503509285,65.4955212419,8.0,
44.8503810592,65.5028424421,2.0,
44.8503812558,65.5465776271,2.0,
44.8504468981,65.4672701013,1.0,
44.8505153285,65.492328567,8.0,
44.8505252252,65.4800130966,2.0,
44.8505435621,65.5272809749,4.0,
44.8505564062,65.4687964704,2.0,
44.8505596169,65.4632344489,1.0,
44.8505787122,65.5050324181,1.0,
44.8505910271,65.5091070217,4.0,
44.850596339,65.4650325796,32.0,
44.850669827,65.5354619929,1.0,
44.85073281,65.5223423686,1.0,
44.8507377131,65.4829683981,4.0,
44.8507488408,65.5377065966,2.0,
44.8507497995,65.5432906037,2.0,
44.8507699787,65.5012876278,1.0,
44.850896563,65.4894111524,1.0,
44.8509034575,65.4968376408,1.0,
44.8509281967,65.5038538245,16.0,
44.8509694256,65.4898562582,4.0,
44.850984728,65.4967725982,4.0,
44.8511158035,65.4657817168,2.0,
44.851151263,65.5474806846,1.0,
44.8512106437,65.4703747103,8.0,
44.8512759581,65.4992702792,2.0,
44.8513037567,65.4698200998,1.0,
44.8513093818,65.4884634667,4.0,
44.8514128399,65.4832594549,2.0,
44.8514508575,65.5018411428,4.0,
44.8514985948,65.4777948326,4.0,
44.8515000687,65.4680034854,32.0,
44.8515065654,65.4854240945,2.0,
44.8515284777,65.5238879715,4.0,
44.8515361412,65.4863840819,1.0,
44.8515706364,65.4910137558,1.0,
44.8515728129,65.5051262188,2.0,
44.8516361069,65.4758069686,2.0,
44.8516495257,65.4809149299,1.0,
44.8517373551,65.4989018731,16.0,
44.8517405346,65.5000750882,4.0,
44.851781983,65.5065850097,2.0,
44.8517980829,65.4872228803,2.0,
44.8519267823,65.5329820551,1.0,
44.8519852736,65.5083388417,2.0,
44.851994781,65.4682971727,1.0,
44.8520018025,65.4977201159,1.0,
44.8520209352,65.4618793771,1.0,
44.8521355247,65.5383718413,4.0,
44.8521608286,65.4914342537,16.0,
44.8522102576,65.5196770008,2.0,
44.8522804118,65.4961481926,16.0,
44.8523256008,65.5355210734,2.0,
44.8523501607,65.5164131096,4.0,
44.8524071801,65.5286503933,1.0,
44.8524246346,65.4820981993,1.0,
44.8524867592,65.4977191614,8.0,
44.8525432428,65.5086775543,4.0,
44.8525699503,65.5393506893,1.0,
44.852590948,65.5314361721,1.0,
44.8526150813,65.4712503037,8.0,
44.8526441689,65.5035468946,2.0,
44.8527292849,65.4729954916,4.0,
44.8527363855,65.5020036779,1.0,
44.8527860678,65.520592541,4.0,
44.852799579,65.4748160703,1.0,
44.8528088984,65.5185076148,4.0,
44.8528982222,65.4764848847,8.0,
44.8529078202,65.5236261402,4.0,
44.8529246305,65.537784758,2.0,
44.8529492786,65.4860228741,1.0,
44.8529674233,65.4887287764,4.0,
44.8529697495,65.5273408137,4.0,
44.8529750948,65.5221746208,1.0,
44.8529799485,65.5081900767,1.0,
44.8529824598,65.5123915281,1.0,
44.8530131226,65.5145727398,2.0,
44.8530197723,65.4946871881,16.0,
44.8530219295,65.4885442436,8.0,
44.8530788483,65.5067160606,1.0,
44.8530836936,65.4808100556,4.0,
44.8530888655,65.5418723677,2.0,
44.8530891294,65.4935712568,1.0,
44.8530900512,65.5369554085,4.0,
44.8531235418,65.5011987378,4.0,
44.8531331794,65.4870068215,8.0,
44.8532010643,65.5152732591,4.0,
44.8532702859,65.4786668194,4.0,
44.8532797151,65.4722436829,2.0,
44.8533093023,65.5174909277,2.0,
44.8533746454,65.5196493516,1.0,
44.8534969221,65.49957834,4.0,
44.8535158881,65.5007098604,2.0,
44.8535299323,65.4862876035,4.0,
44.8536307162,65.4951407735,4.0,
44.8536358987,65.5330882016,2.0,
44.8537094983,65.5049693831,1.0,
44.8537305011,65.4672791075,4.0,
44.8537971554,65.487309499,1.0,
44.8538252138,65.484521817,1.0,
44.8538256318,65.4880253666,2.0,
44.8538807068,65.4705677439,32.0,
44.8539393642,65.4907496106,8.0,
44.8539628949,65.4929163247,8.0,
44.8541089064,65.4731690446,16.0,
44.8541476695,65.5383791732,4.0,
44.8541701244,65.5161707314,2.0,
44.8542040627,65.5232142634,1.0,
44.8542383595,65.4750572323,1.0,
44.8542632253,65.4982219916,2.0,
44.8543669933,65.5112842615,1.0,
44.8544792229,65.4734573866,4.0,
44.8545108461,65.4797544255,4.0,
44.8545168946,65.4797038675,2.0,
44.8545230722,65.467674185,1.0,
44.8545357042,65.5298340098,4.0,
44.8545524969,65.5007545798,1.0,
44.8545715452,65.526485792,4.0,
44.8545958614,65.4816796824,1.0,
44.8546502587,65.5349193086,1.0,
44.854666941,65.5283626008,1.0,
44.8546675855,65.5312958184,2.0,
44.8546898408,65.5242106122,4.0,
44.8549081074,65.5138410476,2.0,
44.8549661848,65.5178022611,1.0,
44.8550938892,65.4717306279,16.0,
44.8551718029,65.4690013143,2.0,
44.855205225,65.5272671229,2.0,
44.8552658902,65.5214290864,2.0,
44.8553513178,65.4892525065,1.0,
44.8553537517,65.5081670396,1.0,
44.855640882,65.507775953,2.0,
44.855749525,65.5324821325,2.0,
44.8557758865,65.5408633448,1.0,
44.8558219383,65.4704501925,16.0,
44.8558241446,65.4809340253,1.0,
44.8560699213,65.5240038453,2.0,
44.8560844801,65.5219998922,1.0,
44.8561057855,65.5040987286,2.0,
44.8561069714,65.5283163044,1.0,
44.8561938845,65.5014397309,1.0,
44.856203937,65.53162706,4.0,
44.8562475857,65.4990824315,1.0,
44.8562929258,65.4600101226,2.0,
44.8563686925,65.4928112313,2.0,
44.8565386261,65.530520211,8.0,
44.8565421083,65.4996771974,2.0,
44.8566442939,65.4923632153,1.0,
44.8566572307,65.5186431123,4.0,
44.8567022953,65.5054167727,2.0,
44.8567463515,65.4758152834,1.0,
44.8567629964,65.5139055183,4.0,
44.8567665599,65.4837621814,1.0,
44.8568579256,65.4611018708,1.0,
44.856864029,65.4566591417,1.0,
44.8568698112,65.5244331924,1.0,
44.8568700219,65.5265088108,1.0,
44.8570024902,65.535600729,1.0,
44.857009596,65.5110248984,4.0,
44.8570227493,65.5317005186,2.0,
44.8571068881,65.5093495308,4.0,
44.8571141838,65.5023555859,4.0,
44.8571559331,65.4588117802,2.0,
44.8571604232,65.4580141548,4.0,
44.8571703042,65.4741792136,1.0,
44.8574275806,65.4903335353,4.0,
44.8574901351,65.5114675144,8.0,
44.8575195752,65.5341015416,2.0,
44.8575221919,65.5068900566,2.0,
44.8575248058,65.4957902511,4.0,
44.8576284791,65.4592447406,1.0,
44.8577814911,65.4867299691,4.0,
44.857783686,65.5287518982,4.0,
44.8578259537,65.4886672049,1.0,
44.857899968,65.5040211524,4.0,
44.8579389931,65.4871263166,2.0,
44.8579778498,65.519505602,1.0,
44.858124124,65.5229027436,4.0,
44.8582034352,65.5011863643,1.0,
44.8582038255,65.4944105437,4.0,
44.8582981533,65.5273277907,8.0,
44.8583216024,65.5324243532,2.0,
44.8584697017,65.5210878024,4.0,
44.8585801876,65.4920746109,8.0,
44.8585877298,65.5160336237,4.0,
44.8585991594,65.4977877177,4.0,
44.8586229069,65.5031200873,2.0,
44.8587506805,65.5244148319,2.0,
44.8588456406,65.5260544844,2.0,
44.8588646772,65.5090464394,4.0,
44.8588869271,65.4606356969,1.0,
44.8590514384,65.5340032009,2.0,
44.8590608179,65.4846191396,4.0,
44.859079313,65.4907554001,8.0,
44.8591200294,65.471566547,1.0,
44.8591838136,65.4882978911,1.0,
44.8592226187,65.4784611944,1.0,
44.859305728,65.470888094,2.0,
44.8593248061,65.5068067277,1.0,
44.8593606199,65.4698208127,1.0,
44.8593731809,65.5309652191,1.0,
44.8593751809,65.4826033242,8.0,
44.859390624,65.4913836779,2.0,
44.8594014962,65.499866616,8.0,
44.8594090102,65.5484674837,1.0,
44.8594232207,65.4984277831,2.0,
44.859493993,65.4806912246,2.0,
44.8595501366,65.4683821538,4.0,
44.8596221703,65.5115546562,2.0,
44.8596294905,65.4967069195,4.0,
44.8596736416,65.4950435464,4.0,
44.8597550634,65.4668602736,4.0,
44.8597917393,65.503380562,4.0,
44.8598009715,65.5226935082,2.0,
44.8598247933,65.5074151508,2.0,
44.8598280551,65.5236189961,8.0,
44.8598325064,65.4898003442,4.0,
44.8598549679,65.46514547,2.0,
44.8599923171,65.538307012,1.0,
44.8601467802,65.4806957075,1.0,
44.8601819943,65.5291446099,1.0,
44.8602284712,65.4988535534,1.0,
44.860243705,65.5005233566,1.0,
44.8602569948,65.5056549764,2.0,
44.8603538266,65.5180160613,2.0,
44.8603811911,65.5296262527,2.0,
44.8603861118,65.4857406252,4.0,
44.8604085894,65.4731337389,2.0,
44.8604373131,65.4822348057,1.0,
44.8605406953,65.4731643316,1.0,
44.8606450458,65.4624643854,1.0,
44.860647154,65.4925924134,4.0,
44.8607204792,65.5356053277,1.0,
44.8607245689,65.5147587811,1.0,
44.8608712732,65.4591659794,2.0,
44.8609555152,65.5053296866,1.0,
44.8610141487,65.5270567421,2.0,
44.8610567981,65.526184129,4.0,
44.8611335078,65.5163128872,2.0,
44.8611700295,65.4889237792,2.0,
44.8611948668,65.5092371316,1.0,
44.861200823,65.5039155307,4.0,
44.8612453038,65.5377698485,2.0,
44.8612508627,65.5196126886,1.0,
44.8613497824,65.5109521845,4.0,
44.8614363196,65.4903202844,4.0,
44.8615155465,65.511774506,1.0,
44.8615788779,65.5190043368,2.0,
44.8616339279,65.4977177077,2.0,
44.861721833,65.4855769756,2.0,
44.8618074085,65.3426291254,1.0,
44.8618498079,65.4941349301,2.0,
44.8618708123,65.5012884641,4.0,
44.8619195312,65.5368497009,1.0,
44.862045713,65.4738234499,4.0,
44.862049481,65.4879961432,8.0,
44.8621059293,65.5235989835,1.0,
44.8621305802,65.5152560909,2.0,
44.8621481683,65.4907248973,1.0,
44.8621495139,65.335898995,1.0,
44.8622024208,65.5036631881,2.0,
44.8622334156,65.4888147645,4.0,
44.8622682101,65.5058482763,4.0,
44.8622758385,65.3361884218,2.0,
44.8623780388,65.5076052959,4.0,
44.8624071783,65.5247422644,4.0,
44.8625514002,65.5098974507,4.0,
44.8626594678,65.49650139,2.0,
44.8626644435,65.49894324,4.0,
44.8626652625,65.4749545437,8.0,
44.8626949926,65.5422332514,1.0,
44.8627546002,65.5231351403,2.0,
44.8628211248,65.4600652469,1.0,
44.862826598,65.3376407081,1.0,
44.8629354591,65.5188807336,4.0,
44.8629691068,65.5016209907,1.0,
44.8630875263,65.5207212287,8.0,
44.8631425464,65.4762599909,1.0,
44.8633609824,65.50812555,1.0,
44.863422094,65.495267478,1.0,
44.8634235708,65.5086937823,2.0,
44.8635819303,65.5173171151,2.0,
44.863720109,65.4862794627,2.0,
44.8638353859,65.4764413581,4.0,
44.8639235487,65.4734744004,8.0,
44.8639512726,65.5157726811,2.0,
44.8639853376,65.5197537978,1.0,
44.8641004996,65.5119663059,2.0,
44.8641157225,65.5024392461,8.0,
44.8641700742,65.5053356134,4.0,
44.8642067694,65.4754432061,2.0,
44.8642850955,65.5005060593,1.0,
44.8644021737,65.5160935426,1.0,
44.8644858421,65.500335257,4.0,
44.8644901196,65.5181111032,1.0,
44.8646473026,65.4980504293,4.0,
44.8647749818,65.5188365494,4.0,
44.864828626,65.5138463056,2.0,
44.8649106116,65.4775443806,1.0,
44.8649124855,65.5151545066,8.0,
44.8649156435,65.4967213939,1.0,
44.8650067093,65.4687158357,1.0,
44.8650376487,65.4700030707,4.0,
44.8650845993,65.540140684,2.0,
44.8651077739,65.4848107471,1.0,
44.8651766421,65.4882730503,2.0,
44.8652143021,65.4876532486,4.0,
44.8653569199,65.5062679794,4.0,
44.8653931279,65.4908005527,4.0,
44.8653977748,65.5093499078,2.0,
44.8654126869,65.5085135669,1.0,
44.8654773007,65.4768474915,2.0,
44.865646308,65.4780520047,4.0,
44.8656634984,65.5196946272,1.0,
44.865670097,65.4759030698,1.0,
44.865780287,65.4686318363,4.0,
44.8657963618,65.4861232203,2.0,
44.865844175,65.5001984553,2.0,
44.8659792616,65.499390624,1.0,
44.8661319807,65.4930656914,4.0,
44.8661410106,65.5121838245,8.0,
44.8663309134,65.4973566044,1.0,
44.8663416636,65.4728746677,2.0,
44.8663808101,65.5027966769,1.0,
44.8664042585,65.4959344121,1.0,
44.8664928122,65.5143373544,2.0,
44.8666035305,65.5363533243,1.0,
44.8666794838,65.4779806811,1.0,
44.8667044423,65.4789348705,2.0,
44.8667316905,65.4912119068,2.0,
44.8667783793,65.5134310021,1.0,
44.8667855441,65.4978516939,2.0,
44.86688574,65.5216651887,2.0,
44.8668968251,65.5084743729,1.0,
44.8669370228,65.50613861,1.0,
44.8669536627,65.4712591301,4.0,
44.8669722323,65.491861847,1.0,
44.8669775241,65.5178874195,1.0,
44.8671012913,65.5098607661,2.0,
44.8671226984,65.5112962155,4.0,
44.8671449803,65.469452046,2.0,
44.8673797659,65.4887230476,1.0,
44.8675682737,65.5182188593,2.0,
44.8676170263,65.4679800685,2.0,
44.8678108189,65.5198245327,1.0,
44.8679557565,65.4652566889,2.0,
44.8681071772,65.3257732942,1.0,
44.8682076402,65.4798051818,2.0,
44.8682360248,65.5149681241,1.0,
44.8682734328,65.5022964723,2.0,
44.8684025596,65.4724195203,2.0,
44.8684269514,65.5068500375,2.0,
44.8686949095,65.4767680719,4.0,
44.8688561861,65.5164701406,2.0,
44.8689778722,65.5038144387,4.0,
44.8690364227,65.4642537023,1.0,
44.8690972384,65.4685413661,1.0,
44.8691366392,65.5104781645,1.0,
44.8691505367,65.5064658762,4.0,
44.8692870833,65.4462498777,1.0,
44.8693025245,65.5124736588,2.0,
44.869312347,65.5088487391,4.0,
44.8693799734,65.5142710684,4.0,
44.8694131466,65.4700085165,8.0,
44.869475517,65.5233445856,1.0,
44.869802027,65.4613647977,2.0,
44.8698174392,65.3792504116,1.0,
44.8698645539,65.47064644,1.0,
44.8698799495,65.4724406844,2.0,
44.8699010062,65.5175210473,1.0,
44.8699083419,65.4738085486,1.0,
44.8699795472,65.4689810524,2.0,
44.8700489475,65.4672514358,1.0,
44.8700892838,65.5066590454,1.0,
44.8701122045,65.5244455406,4.0,
44.8701628459,65.5053942541,4.0,
44.8702523551,65.5114170739,4.0,
44.8704377193,65.525970354,1.0,
44.8706385347,65.4648264324,1.0,
44.8706521787,65.5123486699,1.0,
44.870798956,65.4710298578,8.0,
44.8708685526,65.4612213221,4.0,
44.8708903377,65.5013564756,4.0,
44.8709535596,65.4975063077,1.0,
44.8712155173,65.518707624,1.0,
44.8713680299,65.4884422738,1.0,
44.8714165346,65.4789193883,1.0,
44.8714358974,65.460330136,1.0,
44.8715031032,65.4327449004,1.0,
44.8715393589,65.4347681792,1.0,
44.8715490646,65.5024764489,2.0,
44.8715663312,65.4625245684,2.0,
44.8717633761,65.5290047592,1.0,
44.8718366241,65.5069283756,2.0,
44.8719798991,65.5296120496,2.0,
44.8720880324,65.5088184255,2.0,
44.8722980435,65.4608635094,2.0,
44.8723820165,65.499685642,8.0,
44.8723889497,65.4950011364,1.0,
44.8723948511,65.4804294613,2.0,
44.8724076279,65.5305041416,4.0,
44.8725254735,65.4650970986,4.0,
44.8725472802,65.5225264374,2.0,
44.8726374051,65.5036832879,1.0,
44.8726640655,65.5769816944,1.0,
44.8727478917,65.5058053534,4.0,
44.8727705313,65.4978991896,4.0,
44.8729484355,65.4673244148,4.0,
44.8730445102,65.4547536371,2.0,
44.873163367,65.4862314222,1.0,
44.8732232836,65.5079530698,2.0,
44.8735004779,65.4552320044,1.0,
44.8736706066,65.4682613256,1.0,
44.873698131,65.5163402948,2.0,
44.8737431961,65.4805117562,1.0,
44.8738046622,65.457611966,2.0,
44.8738143674,65.4791717813,2.0,
44.8738161019,65.5012700166,2.0,
44.8740483744,65.5183214043,1.0,
44.8740893802,65.4681217391,2.0,
44.874098068,65.457081623,1.0,
44.8743516425,65.5199995533,1.0,
44.8743677827,65.5134532923,2.0,
44.8744088495,65.4939415246,1.0,
44.8744132821,65.4973088536,1.0,
44.8744227952,65.4566577685,16.0,
44.8744316815,65.5170115762,8.0,
44.8745080137,65.5156856608,1.0,
44.8745506132,65.466546768,2.0,
44.8746445429,65.5358324458,1.0,
44.8747986259,65.5397225417,1.0,
44.8748051905,65.4560823344,2.0,
44.8748628983,65.5329454539,1.0,
44.8748687423,65.4648549997,1.0,
44.8749169171,65.5015886442,1.0,
44.874920157,65.4961890458,4.0,
44.8749379756,65.4600684836,2.0,
44.8749805747,65.4713208466,1.0,
44.8750230158,65.4625193571,1.0,
44.8750296747,65.4956888802,1.0,
44.8750327978,65.4573515509,8.0,
44.8751008738,65.5025817696,4.0,
44.8751428786,65.4598071951,1.0,
44.8756321274,65.4583638443,16.0,
44.8756651113,65.4579485647,4.0,
44.8757288038,65.5253097948,1.0,
44.875736161,65.5090406901,1.0,
44.8757629583,65.4791604261,1.0,
44.8757893864,65.5172604293,2.0,
44.875977906,65.4639926995,2.0,
44.876008752,65.5798470165,1.0,
44.8760464262,65.4583672342,1.0,
44.8760677385,65.4926549541,2.0,
44.8761423404,65.4698606572,2.0,
44.876197056,65.5117474654,1.0,
44.8763064112,65.4660963656,4.0,
44.8764092518,65.593230828,1.0,
44.8764341426,65.4842849662,1.0,
44.8764786849,65.459024162,8.0,
44.8764846804,65.5035006763,1.0,
44.876508839,65.4549964344,1.0,
44.8766179783,65.4535843952,1.0,
44.876635977,65.5166838837,1.0,
44.8767302059,65.5360363351,1.0,
44.8768246957,65.5160837628,2.0,
44.8769209956,65.4578201964,16.0,
44.876992833,65.4971774906,1.0,
44.8770069462,65.4607454269,4.0,
44.8771548136,65.4953533514,2.0,
44.8771837397,65.4593355631,1.0,
44.8771917607,65.5405664829,1.0,
44.8773030608,65.4573164184,1.0,
44.8776119956,65.4628384771,4.0,
44.8776217404,65.4553032989,8.0,
44.8777785532,65.5063595469,1.0,
44.8777815521,65.4587291154,2.0,
44.877786882,65.4915268123,2.0,
44.8778046705,65.4975753116,2.0,
44.877872487,65.4612058582,16.0,
44.8779596268,65.4788743692,1.0,
44.8779963057,65.4885324209,1.0,
44.8781078369,65.6310247473,1.0,
44.8781353568,65.4801930387,2.0,
44.8782562059,65.4516984398,4.0,
44.878345802,65.4545796345,2.0,
44.8783542317,65.4857707647,1.0,
44.8785626115,65.4606910891,4.0,
44.8786201129,65.477560672,4.0,
44.878644348,65.4672476728,1.0,
44.8786785027,65.5094386392,2.0,
44.8787138842,65.4981111508,1.0,
44.8787970455,65.4920287677,1.0,
44.8789003968,65.4766898497,1.0,
44.8789447554,65.5112267341,1.0,
44.8790541247,65.4530768786,8.0,
44.879250574,65.4819101922,1.0,
44.879556263,65.4880322594,1.0,
44.8795937133,65.4556297546,2.0,
44.8797588286,65.5034160877,1.0,
44.8798101558,65.5071480683,1.0,
44.8799064404,65.4583073965,4.0,
44.880041966,65.503769263,4.0,
44.8801144604,65.4534136507,2.0,
44.8803299991,65.5493678313,1.0,
44.8807739248,65.4361597185,2.0,
44.8808000479,65.5044924839,1.0,
44.8808927605,65.508842442,2.0,
44.88097614,65.5412763904,1.0,
44.8811367521,65.4628533133,1.0,
44.8812073769,65.4538212325,1.0,
44.8813662691,65.5106370537,1.0,
44.8813737666,65.5020646444,1.0,
44.8814766469,65.528711282,1.0,
44.8815267765,65.4877096436,1.0,
44.8816708832,65.5442988567,1.0,
44.8816865208,65.5332442136,1.0,
44.8817352545,65.4039774285,1.0,
44.881811555,65.5041589314,2.0,
44.8819735751,65.410685981,1.0,
44.8823007415,65.4262650437,1.0,
44.882360447,65.4753388342,1.0,
44.8832542253,65.4976327803,1.0,
44.8833605248,65.4736189553,1.0,
44.8833702581,65.4771384279,1.0,
44.8836060823,65.4681718654,1.0,
44.8839081239,65.534959313,1.0,
44.8840017173,65.4562577712,1.0,
44.8844863399,65.4643318911,1.0,
44.8845999573,65.5494668169,1.0,
44.8847486753,65.4713797829,2.0,
44.8847912408,65.5051875102,1.0,
44.884995052,65.4312389772,1.0,
44.8851204433,65.4717962364,1.0,
44.8851915061,65.4763560189,1.0,
44.8857876831,65.5042153917,1.0,
44.8860460824,65.4629572923,1.0,
44.8860711795,65.5061229322,1.0,
44.8861036243,65.4703361259,2.0,
44.8863208765,65.4720481228,4.0,
44.8863762667,65.51138482,1.0,
44.8867835875,65.4652821817,1.0,
44.8868211576,65.5484981168,1.0,
44.8871325591,65.4917241483,1.0,
44.8871709546,65.4758265862,4.0,
44.8872957683,65.4729350152,2.0,
44.8874763104,65.4856376404,1.0,
44.8875631556,65.4630608672,2.0,
44.8881079654,65.4681999494,1.0,
44.8882587921,65.4665199426,4.0,
44.8882670558,65.4605542961,1.0,
44.8883072108,65.4456345793,1.0,
44.8883784004,65.4708274165,4.0,
44.8884332079,65.4906952445,1.0,
44.8884909715,65.4699612896,1.0,
44.888503419,65.4644020725,2.0,
44.8894659806,65.4737868954,2.0,
44.8896618242,65.483528881,1.0,
44.8900950511,65.418183627,1.0,
44.8901932573,65.4755183802,2.0,
44.8905192607,65.4745613309,1.0,
44.8908626679,65.4684933776,2.0,
44.8913482077,65.4583135337,1.0,
44.8914175603,65.4631595406,1.0,
44.8914360416,65.4704401439,1.0,
44.8915488467,65.5703388897,1.0,
44.8919507908,65.472675478,2.0,
44.8922465955,65.4692887294,2.0,
44.8931483245,65.4777818683,1.0,
44.8932050023,65.4740804342,1.0,
44.893207026,65.4907844984,1.0,
44.8935168375,65.4700467574,2.0,
44.8939892295,65.473240925,2.0,
44.8941608627,65.4768576988,2.0,
44.8944838382,65.4760523026,4.0,
44.8947418293,65.4763293606,1.0,
44.8954430519,65.47367754,1.0,
44.8955760719,65.450974073,1.0,
44.8956770236,65.471829913,1.0,
44.8963642583,65.4689749775,4.0,
44.8966093811,65.4710763246,4.0,
44.8969993817,65.4743090372,1.0,
44.8975292192,65.4738742198,4.0,
44.897605424,65.4626910914,1.0,
44.897841165,65.4732927721,2.0,
44.8979355602,65.4699392966,1.0,
44.8979391395,65.420583737,1.0,
44.8983417263,65.4725422531,4.0,
44.8986183768,65.3969837646,1.0,
44.8995704177,65.4718536955,4.0,
44.9002038722,65.4710176672,1.0,
44.900800217,65.4392275942,1.0,
44.9016616453,65.3978573974,1.0,
44.9025741464,65.467325904,1.0,
44.9069538327,65.5358661585,1.0,
44.9073082299,65.4976526621,1.0,
44.9076597484,65.5994144108,1.0,
44.9078471,65.3768605559,1.0,
44.9082975649,65.4394735256,1.0,
44.9087483742,65.5179347718,1.0,
44.9090971565,65.5072600798,1.0,
44.9095349882,65.4303901692,1.0,
44.9111974428,65.4839118185,1.0,
44.9128348597,65.5374380766,1.0,
44.9144476111,65.5909815207,1.0,
44.9209796423,65.5016738956,1.0,
44.9215259639,65.5101046122,1.0,
44.9223709515,65.3434082139,1.0,
44.9232068082,65.0468563627,1.0,
44.9300896082,65.4058363576,1.0,
44.9324137898,65.3936265809,1.0,
44.9329345499,65.3559169975,1.0,
44.9346305061,65.4725697772,1.0,
44.9358461367,64.7959870385,1.0,
44.944161628,65.3209185562,1.0,
44.9458764061,65.3744659525,1.0,
44.9475665214,65.4280307597,1.0,
44.9492311697,65.4815876059,1.0,
44.9508707474,65.5351490721,1.0,
44.9540750405,65.6422982419,1.0,
44.9571789597,65.7494650597,1.0,
44.9577135624,65.539047482,1.0,
44.9580062546,65.5350487937,4.0,
44.9602470403,65.4987657089,1.0,
44.9602478967,65.5424704388,1.0,
44.961646372,65.9102408242,1.0,
44.9621017202,65.4870637124,1.0,
44.9642328922,65.5328856568,1.0,
44.9821973001,65.3184833742,1.0,
44.9839143411,65.3720660225,1.0,
44.985606687,65.4256661015,1.0,
44.9889152741,65.5328549749,1.0,
45.021942937,65.3696618881,1.0,
45.0236375158,65.4232973003,1.0,
45.0253065606,65.4769247577,1.0,
45.0269504688,65.5305568575,1.0,
45.0332753451,65.7451556304,1.0,
45.0481096923,65.2929310266,1.0,
45.0597343632,64.8806745197,1.0,
46.1891302938,66.2261405241,1.0,
44.8179743498,65.5091597823,4.0,
44.8782538631,65.5138402976,8.0,
44.8474182462,65.4772449752,16.0,
44.8551199564,65.5058611372,8.0,
44.8608549275,65.521235917,8.0,
44.8376457292,65.4966272363,8.0,
44.8905739981,65.4656721601,4.0,
44.8446357917,65.5259036991,4.0,
44.8313981446,65.5329211666,8.0,
44.7722812901,65.5536070171,8.0,
44.8285682826,65.5175644762,16.0,
44.8342375222,65.5005808941,8.0,
44.838671189,65.5005770957,4.0,
44.8537479691,65.4834249313,8.0,
44.8295732276,65.509690757,4.0,
44.8588904628,65.5051254642,8.0,
44.8440201618,65.4868119912,16.0,
44.845343922,65.4667836072,8.0,
44.7987011489,65.5083875458,4.0,
44.8757927283,65.455822427,16.0,
44.8394820837,65.5020502578,32.0,
44.7975763034,65.5263867814,4.0,
44.8510727371,65.4935876468,32.0,
44.8237358829,65.5121668105,8.0,
44.8430423646,65.4840179121,32.0,
44.8427641652,65.5088532285,8.0,
44.8409513464,65.5153077006,64.0,
44.7805400431,65.5372021692,4.0,
44.8540558313,65.4957192659,4.0,
44.8577488514,65.5292814694,4.0,
44.8251146417,65.5288609072,8.0,
44.8154447157,65.536426653,4.0,
44.8288570265,65.5132011423,8.0,
44.853040678,65.4694948156,8.0,
44.8674873953,65.473939367,8.0,
44.8537004226,65.4697431039,2.0,
44.8910045312,65.4723609361,2.0,
44.8587736146,65.5177182,2.0,
44.8286351577,65.5066934705,8.0,
44.8191730042,65.5153402988,4.0,
44.8765783651,65.4612939855,4.0,
44.8307686759,65.5167724054,8.0,
44.8784164405,65.4483144107,2.0,
44.8509092865,65.4940974818,2.0,
44.8230222698,65.5181620223,16.0,
44.8767235247,65.45961059,4.0,
44.8145111761,65.5282082929,8.0,
44.8401520558,65.487877983,32.0,
44.7568401163,65.4775357185,2.0,
44.8477403638,65.5046506436,8.0,
44.8644568496,65.522091411,4.0,
44.8319892921,65.5173716996,16.0,
44.8257449175,65.5054220263,16.0,
44.8488975381,65.5485645787,2.0,
44.774231734,65.5602588101,4.0,
44.8579531736,65.4965805412,2.0,
44.8624178769,65.4697096883,2.0,
44.8318953553,65.5125257813,4.0,
44.8755642254,65.4530600014,4.0,
44.8068498064,65.5336064561,2.0,
44.8765989859,65.456380148,4.0,
44.8428643462,65.4881930248,4.0,
44.781600487,65.5664756172,4.0,
44.8416580093,65.4730647442,8.0,
44.7757857691,65.5490201329,4.0,
44.8373761542,65.5234392381,8.0,
44.8548231945,65.4688723216,16.0,
44.8274092305,65.5083683292,4.0,
44.82260129,65.522224082,4.0,
44.8051911593,65.5122695785,4.0,
44.8457396714,65.4728493167,2.0,
44.7439435974,65.5414902245,2.0,
44.8322377345,65.5310077577,2.0,
44.8516398734,65.5001528851,2.0,
44.851704575,65.4653219872,2.0,
44.8338248972,65.5260536635,2.0,
44.878608679,65.4631919851,2.0,
44.8462463135,65.5089904948,8.0,
44.7987327014,65.5044945997,2.0,
44.8527210556,65.4771469098,2.0,
44.7732703665,65.54847419,8.0,
44.8526507972,65.4665229739,16.0,
44.8504779461,65.483019302,2.0,
44.8490126941,65.4947758125,2.0,
44.8453852243,65.4758468225,4.0,
44.7791950153,65.5705270416,2.0,
44.774247709,65.5660177034,2.0,
44.8355710775,65.516014334,8.0,
44.836974223,65.5320750864,32.0,
44.8136518359,65.530086699,16.0,
44.8523433963,65.5268030298,16.0,
44.8287888875,65.5310472699,4.0,
44.7712220024,65.5542102371,2.0,
44.8779999692,65.4737695511,2.0,
44.8374395959,65.5092366834,16.0,
44.8164357862,65.5900871296,4.0,
44.8398593992,65.5000382746,8.0,
44.8442071864,65.5067119868,8.0,
44.8538112397,65.4664173902,4.0,
44.8401149919,65.5223071173,2.0,
