51.1806901774,71.4215698122,1.0,
51.7002340959,75.3402092852,1.0,
51.7011634287,75.3298626367,1.0,
51.7013625226,75.3031545577,1.0,
51.7016068711,75.3081445859,1.0,
51.7019802258,75.3485260589,1.0,
51.702445762,75.3464177399,1.0,
51.7025663829,75.341203213,1.0,
51.7029751423,75.2925979136,1.0,
51.7030870139,75.3387402355,1.0,
51.7031957194,75.3189163303,1.0,
51.7034427038,75.3108355232,1.0,
51.7035737284,75.3080714183,1.0,
51.7035741691,75.344040174,1.0,
51.7037265772,75.3371561562,4.0,
51.7040087221,75.3408404852,1.0,
51.7041788955,75.3116267315,2.0,
51.7045921268,75.3395456129,1.0,
51.7049730005,75.3466387379,4.0,
51.7050410529,75.3134210384,1.0,
51.7050561161,75.3253140346,2.0,
51.7052093435,75.349668269,2.0,
51.7054049963,75.3393336111,2.0,
51.705512238,75.3180374968,1.0,
51.7056867329,75.3054535098,1.0,
51.7057497166,75.321476444,1.0,
51.7058536645,75.3465052297,1.0,
51.7065239034,75.3104688832,1.0,
51.7067217358,75.3164820263,1.0,
51.706951601,75.3450217812,1.0,
51.7070463082,75.3209767303,1.0,
51.7073719405,75.3370153943,2.0,
51.7078619364,75.3109529214,4.0,
51.7080130209,75.3234164351,1.0,
51.7080864052,75.3436883754,1.0,
51.7082823916,75.3448898717,1.0,
51.7083245675,75.3427000362,2.0,
51.7084700112,75.3309517614,2.0,
51.7087953877,75.3104238934,1.0,
51.7088451091,75.3398236828,2.0,
51.708859853,75.3481885852,1.0,
51.7089457105,75.3146479989,1.0,
51.7089945332,75.3352356792,1.0,
51.7091130008,75.3238892913,1.0,
51.7093360353,75.3204275489,1.0,
51.7094979877,75.3114206603,1.0,
51.7096871933,75.3362459495,1.0,
51.7099300803,75.3473824084,1.0,
51.7100983709,75.3384632403,1.0,
51.710104375,75.3356087653,2.0,
51.7104796584,75.3474596474,2.0,
51.7104887925,75.3262560323,1.0,
51.710578454,75.3460530995,1.0,
51.711079538,75.2904078505,2.0,
51.7112505356,75.3446183777,2.0,
51.7113955064,75.2937420221,1.0,
51.711532941,75.3309245459,1.0,
51.7115937655,75.3392818846,1.0,
51.7116678264,75.3465540458,1.0,
51.7116748127,75.2918966963,1.0,
51.7118288859,75.3266176822,1.0,
51.712143089,75.3337930465,1.0,
51.7125283197,75.3356589206,1.0,
51.7132281046,75.3252192589,1.0,
51.7134186131,75.3128527617,1.0,
51.7136998506,75.3231545578,1.0,
51.7139635937,75.2958827929,1.0,
51.7140339584,75.3370370276,2.0,
51.7140539815,75.3094192701,1.0,
51.7142651875,75.2884309016,1.0,
51.7143253757,75.3383897523,1.0,
51.7146606238,75.3268694484,1.0,
51.7147789346,75.2900969107,1.0,
51.7150119076,75.2867664607,1.0,
51.715195612,75.293735298,1.0,
51.7153186092,75.3345138657,1.0,
51.7153738649,75.2917597753,1.0,
51.7154410776,75.3420615772,2.0,
51.7158652998,75.3123975398,2.0,
51.7161282669,75.3394328506,4.0,
51.7163074859,75.3083715293,2.0,
51.716563586,75.2879681945,2.0,
51.7168084744,75.2935469595,4.0,
51.7170311958,75.3319853437,1.0,
51.7171086903,75.3298870103,2.0,
51.7174753393,75.3382520716,1.0,
51.7178758899,75.2877595397,1.0,
51.7178911093,75.2940095231,1.0,
51.718109887,75.2854147393,1.0,
51.7182490286,75.327698431,2.0,
51.7182814044,75.3438159708,1.0,
51.7183194292,75.292909518,1.0,
51.7183317376,75.2866488148,1.0,
51.7186102256,75.3269299886,1.0,
51.7186147838,75.3333381679,2.0,
51.7187662517,75.3297062319,1.0,
51.7189248977,75.3306852615,2.0,
51.7191368849,75.2861593074,2.0,
51.7193537234,75.3267514858,2.0,
51.7195281471,75.3374239782,1.0,
51.7196936352,75.2923870773,4.0,
51.7199497579,75.2855258919,4.0,
51.7199774836,75.3361098184,1.0,
51.7201098588,75.2961164335,1.0,
51.7201250578,75.2905589759,2.0,
51.7201473245,75.302195895,2.0,
51.720591119,75.3253483031,4.0,
51.7206485537,75.288776284,2.0,
51.7208946451,75.2907314367,1.0,
51.7209064063,75.3050708299,1.0,
51.7209647316,75.3286806914,1.0,
51.721251315,75.3010488625,4.0,
51.7213316094,75.3272243739,2.0,
51.7216173105,75.3086712612,4.0,
51.7216532671,75.2921129114,2.0,
51.7217457373,75.2898062068,1.0,
51.7217696272,75.3242847406,1.0,
51.721820713,75.3002983447,1.0,
51.721930463,75.3349631288,1.0,
51.721986248,75.2883464696,1.0,
51.7224840078,75.3316809031,4.0,
51.7224960545,75.3326648279,1.0,
51.7225077442,75.3272877267,1.0,
51.7225161738,75.3257158854,2.0,
51.722570077,75.3189674005,4.0,
51.7226554152,75.3076202504,2.0,
51.7227389177,75.3207597868,2.0,
51.7227802742,75.329366521,4.0,
51.7227921849,75.314685349,2.0,
51.7228007552,75.291620436,1.0,
51.7229454667,75.3044929766,2.0,
51.7229533209,75.2943093024,1.0,
51.7229875229,75.3348142521,2.0,
51.7230281916,75.3214889467,1.0,
51.723145733,75.3358005829,1.0,
51.7232746067,75.3047346643,1.0,
51.7235861779,75.3017915636,1.0,
51.723717906,75.3338801121,2.0,
51.7238501916,75.3057501845,2.0,
51.7240933341,75.3127650922,1.0,
51.7241629536,75.3215681092,2.0,
51.7242708256,75.3044605925,2.0,
51.7242951742,75.316200448,1.0,
51.7243718855,75.3020824731,2.0,
51.7244137137,75.293440044,2.0,
51.7244249139,75.3351247035,2.0,
51.7245353685,75.3372425081,1.0,
51.7245781394,75.3072799667,4.0,
51.7246430045,75.3219325555,1.0,
51.7246814778,75.3384519128,2.0,
51.7248279156,75.2874084429,1.0,
51.7248987508,75.2922897918,2.0,
51.7249075968,75.2971480197,1.0,
51.7250326725,75.3345430519,1.0,
51.7250531281,75.2830467708,1.0,
51.7251149696,75.3150247693,1.0,
51.7251185085,75.3055648874,4.0,
51.7251202776,75.3329242271,2.0,
51.7251321121,75.3250457934,1.0,
51.7252267564,75.3170412347,2.0,
51.7252934229,75.3182249635,1.0,
51.7254033905,75.2991455051,1.0,
51.725680439,75.3195622865,2.0,
51.7256926864,75.3395653452,2.0,
51.7256999637,75.2939673361,2.0,
51.7257474569,75.318904718,4.0,
51.725759351,75.3353409816,2.0,
51.7257843406,75.3084561717,2.0,
51.7258374712,75.336642364,1.0,
51.7258775216,75.3120721752,2.0,
51.7260226971,75.2949982552,1.0,
51.7262950247,75.2914404967,1.0,
51.7263265177,75.3249376739,2.0,
51.7263755102,75.3170280062,1.0,
51.7265022955,75.3333428635,1.0,
51.7266885343,75.3087202793,1.0,
51.7267562254,75.2921572352,2.0,
51.7268969159,75.3054798287,4.0,
51.7268991422,75.3270043222,1.0,
51.727003842,75.3215672357,2.0,
51.7271335661,75.3373173006,1.0,
51.7272216531,75.2981523039,1.0,
51.7272424538,75.2935806909,2.0,
51.7272909024,75.3345772287,2.0,
51.7273007965,75.2975181278,2.0,
51.7274200559,75.3302346134,4.0,
51.7274323818,75.3233019455,4.0,
51.727474993,75.3003045578,1.0,
51.7275945474,75.3019306789,1.0,
51.7277492823,75.3205189203,2.0,
51.7278333378,75.2966572118,1.0,
51.7279245978,75.3311862304,2.0,
51.7279795726,75.2954451542,1.0,
51.7280369977,75.3216104358,1.0,
51.7281908744,75.2933576903,1.0,
51.7282942497,75.3265981414,2.0,
51.7283165606,75.3354244197,1.0,
51.7283302906,75.3243484741,1.0,
51.7283339128,75.2903617205,1.0,
51.7283455123,75.3251082222,4.0,
51.7283938264,75.3372405038,2.0,
51.7285168336,75.3175596903,1.0,
51.7285500369,75.3324412063,1.0,
51.7288749082,75.3190163039,2.0,
51.7290134956,75.2953066155,2.0,
51.7292379743,75.3171277541,4.0,
51.7293393444,75.3077350352,2.0,
51.7294279511,75.332524506,4.0,
51.729434335,75.2973590569,1.0,
51.729563232,75.3206931902,1.0,
51.7296257803,75.3187009243,1.0,
51.7297244323,75.3235433112,2.0,
51.729759851,75.3136301225,2.0,
51.7298799926,75.3152419552,4.0,
51.729885736,75.3107114415,4.0,
51.7300618729,75.3324575712,2.0,
51.7300702234,75.3161385902,1.0,
51.7304272788,75.3095183744,2.0,
51.7304909826,75.3251877652,1.0,
51.7306966342,75.319546873,2.0,
51.7306984733,75.3308430749,2.0,
51.7307708387,75.3216743451,1.0,
51.7308722896,75.3037658878,1.0,
51.7310229695,75.3166706925,2.0,
51.7310315019,75.327848267,4.0,
51.7312003761,75.295662398,1.0,
51.7312644172,75.2993254738,1.0,
51.7313843374,75.3338104494,2.0,
51.731449188,75.324118493,1.0,
51.7314553562,75.3177100108,4.0,
51.731477615,75.3185904238,2.0,
51.7315849926,75.3332223226,4.0,
51.7316345888,75.3185181459,1.0,
51.7320006131,75.3197439685,1.0,
51.7320695491,75.331963473,4.0,
51.7321205276,75.3346823308,1.0,
51.7325685115,75.3331428296,2.0,
51.7326119406,75.2982954766,2.0,
51.7327870175,75.3221887905,2.0,
51.7329329678,75.3239457638,4.0,
51.7329423407,75.3308098212,1.0,
51.7331933216,75.3256680333,1.0,
51.7332932667,75.3300650986,4.0,
51.7332974177,75.3133999653,1.0,
51.7333018138,75.3029596464,2.0,
51.7334320287,75.3186646757,4.0,
51.7334320306,75.336403593,1.0,
51.7335441253,75.3210912373,4.0,
51.7336445775,75.3293131669,1.0,
51.7337047959,75.3205336818,1.0,
51.7338759367,75.3268658409,1.0,
51.7338983253,75.3260351368,2.0,
51.7342309675,75.2948960562,1.0,
51.7342538019,75.3218722242,1.0,
51.7343710854,75.3240349122,1.0,
51.7344179773,75.3185815776,2.0,
51.7344801407,75.3128403476,1.0,
51.7346155484,75.3180074177,1.0,
51.7346765076,75.3233816267,2.0,
51.7347114483,75.3092182603,1.0,
51.7348876246,75.3037757151,1.0,
51.7348960917,75.3188152959,4.0,
51.7349071683,75.3200277531,8.0,
51.7349988084,75.3274148292,1.0,
51.7351167518,75.3297299371,2.0,
51.7351236356,75.3309345691,2.0,
51.7352366846,75.3289273948,4.0,
51.7352854708,75.3107632141,1.0,
51.7353768013,75.3010451784,1.0,
51.735754768,75.3124965885,2.0,
51.7360273708,75.2973219651,1.0,
51.7360689218,75.3266077347,4.0,
51.7362871077,75.3197352022,1.0,
51.7363325441,75.3219785533,4.0,
51.7366311422,75.331530401,1.0,
51.7366857018,75.3158536138,2.0,
51.7367649947,75.3168871353,1.0,
51.736920601,75.3121666,1.0,
51.7376033178,75.3183713833,4.0,
51.7377978522,75.328271438,1.0,
51.7379205802,75.309986042,1.0,
51.7381494327,75.3099165264,2.0,
51.7385292825,75.3254008892,1.0,
51.7385437249,75.3036846248,2.0,
51.7386320583,75.3324928376,1.0,
51.7393558233,75.315596488,1.0,
51.7394035488,75.3083660262,1.0,
51.7395284,75.3194060244,1.0,
51.7397740281,75.3280264943,1.0,
51.739890213,75.3139526315,2.0,
51.7399340456,75.3198979461,2.0,
51.7402040811,75.3207334718,1.0,
51.7404158126,75.3118869035,2.0,
51.7410371306,75.3174780323,2.0,
51.7410644881,75.3225582235,2.0,
51.7414835218,75.3152126519,1.0,
51.7415475996,75.2994848322,1.0,
51.7416497885,75.3184304396,4.0,
51.7416669462,75.316152083,2.0,
51.7416675614,75.320227809,2.0,
51.7416875443,75.3219420934,1.0,
51.7419258221,75.2907772312,1.0,
51.7422815512,75.31377241,1.0,
51.7433986782,75.3232697397,1.0,
51.7435199664,75.3210240093,1.0,
51.7442018327,75.3152305724,1.0,
51.7442802653,75.3137765593,1.0,
51.7443460175,75.2996870443,1.0,
51.7446509745,75.3232567156,1.0,
51.7446708575,75.3207211176,2.0,
51.7449661671,75.3179194892,1.0,
51.7461456137,75.3196730411,2.0,
51.7472702288,75.3152685132,1.0,
51.7509853693,75.3029717808,2.0,
51.755158636,75.3084081289,2.0,
51.9566203922,76.9723460628,1.0,
51.9950414735,76.9875273553,2.0,
51.9951518196,76.9820794879,1.0,
51.9954765472,76.9855101924,1.0,
51.9972645671,76.9813626366,1.0,
52.0164775681,76.9107556677,2.0,
52.0167286,76.9079739153,1.0,
52.0283955515,76.9208271878,1.0,
52.0288293471,76.9446171308,1.0,
52.0289631307,76.9300158173,1.0,
52.0290405559,76.9219500007,1.0,
52.0292578306,76.9292573938,2.0,
52.0294353154,76.9273019408,2.0,
52.0295890524,76.91903776,1.0,
52.029612346,76.9089606072,1.0,
52.0296944531,76.92307443,1.0,
52.0301869262,76.9365602257,1.0,
52.0301985461,76.9180210854,1.0,
52.0302428059,76.9306819679,1.0,
52.0302832282,76.9238293417,2.0,
52.0305162099,76.9350262926,2.0,
52.03079515,76.9065260477,1.0,
52.0310054466,76.9441578209,1.0,
52.0310594256,76.9149523781,2.0,
52.0311139988,76.9311585345,4.0,
52.0312910865,76.9380866048,2.0,
52.031407744,76.9234595535,2.0,
52.0314359246,76.9234426497,1.0,
52.0314597256,76.9246888418,1.0,
52.0314726325,76.9167718429,1.0,
52.0317665578,76.9330829015,8.0,
52.0318308632,76.9462045515,1.0,
52.0319246765,76.947477889,1.0,
52.0320258995,76.9449242999,1.0,
52.0322575224,76.922555044,4.0,
52.032257875,76.9238482248,4.0,
52.0326497992,76.9144898019,2.0,
52.0327077256,76.9255903376,4.0,
52.0328230002,76.9161936141,2.0,
52.0328912086,76.9177837988,1.0,
52.0329107025,76.9208264999,2.0,
52.0332176875,76.9270765201,1.0,
52.0334437953,76.9253341068,1.0,
52.0335277551,76.9421821196,1.0,
52.0338584173,76.9291266668,2.0,
52.0341031203,76.9277090138,4.0,
52.0341542517,76.9208284804,1.0,
52.034293567,76.9183691889,1.0,
52.0343709361,76.9292106085,1.0,
52.0344707981,76.9397054504,1.0,
52.0345255821,76.933446499,1.0,
52.0348463128,76.9237863666,1.0,
52.034915869,76.9129636766,2.0,
52.0352050956,76.93166426,4.0,
52.0353194742,76.9241189665,2.0,
52.0354625702,76.9486645477,2.0,
52.0355467493,76.9197610132,2.0,
52.0356200728,76.926335128,2.0,
52.0357333231,76.9275243,2.0,
52.035873015,76.9321814192,1.0,
52.0360517961,76.9214874559,2.0,
52.0360533907,76.9300508453,1.0,
52.0361216426,76.9159908687,1.0,
52.0361447655,76.9229104806,4.0,
52.0362527268,76.9281720514,1.0,
52.0363328912,76.9187975502,2.0,
52.0363332434,76.9364280938,2.0,
52.0363638777,76.9337155366,1.0,
52.03667495,76.9456075968,1.0,
52.036791145,76.9124858655,1.0,
52.0368309851,76.9245559745,2.0,
52.0369784221,76.9205124675,1.0,
52.0370208655,76.951397744,1.0,
52.0373913062,76.9220691459,2.0,
52.0374564851,76.9316889717,1.0,
52.0378914595,76.9287597287,4.0,
52.0379579424,76.9265466706,1.0,
52.0380479145,76.9289446838,1.0,
52.0382532531,76.9348266836,2.0,
52.0383454322,76.9228855365,4.0,
52.0385777276,76.9361558962,1.0,
52.0388164372,76.9275105508,2.0,
52.0389226135,76.9239783123,4.0,
52.0389997535,76.9207404801,1.0,
52.039228166,76.9217602358,2.0,
52.0392512316,76.9250816815,8.0,
52.0393162703,76.9265838735,1.0,
52.039410371,76.9141349951,1.0,
52.0394448183,76.9308740306,2.0,
52.0395284252,76.9293069562,4.0,
52.0396801184,76.900131731,2.0,
52.0397336768,76.9395770329,2.0,
52.039808032,76.9370181975,2.0,
52.0398271117,76.9264263725,4.0,
52.0400127089,76.9259479175,2.0,
52.0401154386,76.9300873995,1.0,
52.0401572702,76.9279392562,2.0,
52.0401849396,76.9356458783,2.0,
52.0403421814,76.9383117904,1.0,
52.0404714178,76.9450428458,1.0,
52.0405312246,76.9162852072,2.0,
52.0407017379,76.9271520313,1.0,
52.0410858557,76.9287330184,2.0,
52.041411388,76.9394231478,1.0,
52.0414177635,76.9345429813,1.0,
52.0414527547,76.9285718277,1.0,
52.0414736237,76.9214728519,1.0,
52.0416734768,76.9299702993,1.0,
52.0418990952,76.9159145915,2.0,
52.0422118024,76.9308042296,2.0,
52.0423316926,76.9242415753,1.0,
52.0424257068,76.9219199268,2.0,
52.0424605499,76.9176074311,2.0,
52.0425497903,76.9335974445,2.0,
52.0427324255,76.9357564856,1.0,
52.0427794684,76.9202875313,1.0,
52.0428512843,76.945299465,2.0,
52.0428688092,76.9397268906,1.0,
52.0429856604,76.9254979477,1.0,
52.0431179845,76.9282691518,2.0,
52.0432824735,76.929233818,1.0,
52.0433830616,76.9227552617,2.0,
52.0433935244,76.9321181908,1.0,
52.0434207345,76.9424853194,1.0,
52.0436916012,76.9467282918,1.0,
52.0437514045,76.9301942588,4.0,
52.0441359288,76.9395144032,1.0,
52.0442054474,76.9428080124,2.0,
52.0442055401,76.9293105264,2.0,
52.0442357522,76.9268678028,2.0,
52.0442657781,76.9218965707,1.0,
52.0443319393,76.9411424682,1.0,
52.0443935921,76.9186746692,1.0,
52.0444093648,76.9345499908,4.0,
52.0448402142,76.9415546829,2.0,
52.0450058334,76.9231463621,2.0,
52.0451701967,76.9394796196,2.0,
52.045362283,76.9404346862,1.0,
52.045392499,76.9241579026,1.0,
52.0455772079,76.9335413594,4.0,
52.0457880775,76.9301624275,1.0,
52.0458235243,76.9393476646,1.0,
52.045839207,76.9254140072,2.0,
52.0464274235,76.9231143596,1.0,
52.046505166,76.9262268422,1.0,
52.0466098146,76.9329324464,2.0,
52.0466892082,76.9275019999,1.0,
52.0467099113,76.9286603786,2.0,
52.0468252476,76.9174994161,1.0,
52.047082541,76.9320739255,1.0,
52.0472706776,76.9189087361,1.0,
52.047379947,76.9271499719,2.0,
52.0475703016,76.9246040354,4.0,
52.0477447585,76.9202939507,1.0,
52.0480225708,76.9356910067,2.0,
52.0482709359,76.9285656938,2.0,
52.0485116166,76.92281295,1.0,
52.0485732652,76.9332165876,1.0,
52.0492172941,76.9293299074,4.0,
52.0493567956,76.9268369426,1.0,
52.0498714191,76.9187648006,2.0,
52.0504005003,76.9274613402,2.0,
52.0505491007,76.925865254,1.0,
52.0513601427,76.9168735337,2.0,
52.0514161798,76.9328243011,2.0,
52.0525879096,76.928830382,2.0,
52.0532715483,76.9334400699,1.0,
52.1308966469,76.8700614629,2.0,
52.1319767988,76.8723617469,1.0,
52.1331011566,76.8678310117,2.0,
52.1337284606,76.8686890992,1.0,
52.1339782213,76.8626851012,1.0,
52.1339849391,76.8609728597,1.0,
52.1358084067,76.8697901663,1.0,
52.1398647854,76.8618533995,1.0,
52.1403406855,76.8587886568,1.0,
52.1413489731,76.8581323599,1.0,
52.1414387733,76.8594811565,1.0,
52.1468877917,76.861545223,1.0,
52.2383769882,76.9946157633,2.0,
52.2386109599,76.9939098526,1.0,
52.2388220801,76.9959186,2.0,
52.2397434506,76.7732518636,2.0,
52.2397914965,76.9922393676,2.0,
52.2399393262,76.9951629692,2.0,
52.2403112591,76.993477115,2.0,
52.2405394964,76.998623166,4.0,
52.2405951319,76.9970535058,1.0,
52.2410341538,76.9904264708,2.0,
52.241272231,76.9991603151,1.0,
52.2414674793,76.9783708114,1.0,
52.2415536467,76.9916630358,2.0,
52.2418491858,76.9958570902,4.0,
52.2419248014,76.9976552456,1.0,
52.2420703952,77.0020040344,1.0,
52.2420816007,76.9798615974,1.0,
52.2424281947,76.9944270657,1.0,
52.242430097,76.9999814561,4.0,
52.2425410144,76.9870679595,2.0,
52.2425813887,76.9917466796,1.0,
52.2426466614,76.9872365505,1.0,
52.2427530654,76.9841143951,1.0,
52.2428168432,76.9892483335,2.0,
52.2429968636,77.0006344606,2.0,
52.2431859128,76.9960208743,2.0,
52.2432549614,76.9826420803,1.0,
52.2433816668,76.9986065184,2.0,
52.2435080458,76.9950170836,4.0,
52.2435549019,76.9858149725,2.0,
52.2437904259,76.9971367262,1.0,
52.243808279,76.9928499416,4.0,
52.2440728551,76.9785295526,4.0,
52.2444795954,76.9866874399,1.0,
52.2444805375,76.9847728422,2.0,
52.2445749151,76.9921827089,2.0,
52.2449227722,76.9702527176,1.0,
52.2450484243,76.9904821151,1.0,
52.2453889065,76.9962447483,2.0,
52.2454794697,76.9930452397,2.0,
52.2454996273,76.9783714763,1.0,
52.2455009706,76.9814433887,1.0,
52.2455718415,76.9801524484,1.0,
52.2455922193,76.9897110024,2.0,
52.2459378696,76.9854529052,2.0,
52.2460436323,76.9941076225,8.0,
52.2461328933,76.9750618745,1.0,
52.2461686348,76.9951713361,4.0,
52.2461798164,76.9789354066,2.0,
52.246221313,76.9756513548,2.0,
52.2462464262,76.9774823638,4.0,
52.2463905606,76.9705257229,2.0,
52.2464801925,76.9886761511,2.0,
52.2466338327,76.9906212801,2.0,
52.246645703,76.9738325832,1.0,
52.2470284986,76.9803749397,1.0,
52.2470637406,76.9920015568,4.0,
52.2471516095,76.9934280843,2.0,
52.2472620089,76.9762649132,2.0,
52.2473027376,76.9713991519,4.0,
52.2473232089,76.9638071987,2.0,
52.2473530279,76.9896332077,1.0,
52.2473570377,76.9477505348,2.0,
52.2474018834,76.9675761596,1.0,
52.2475412719,76.9627882746,1.0,
52.2477173454,76.9793727313,1.0,
52.2477195917,76.946201427,4.0,
52.2477375531,76.9949761842,1.0,
52.2479340527,76.9615890979,1.0,
52.247989731,76.975152025,2.0,
52.2479903616,76.9813024527,4.0,
52.2480164121,76.9661100715,2.0,
52.2480333737,76.9597810905,2.0,
52.2480545222,76.9852423747,2.0,
52.2482313365,76.9763067988,1.0,
52.2482396829,76.9941023734,4.0,
52.2482645218,76.9449147406,1.0,
52.248358635,76.9887405627,1.0,
52.2484208307,76.9786899712,2.0,
52.2484723942,76.9524318721,2.0,
52.2485373112,76.9632272965,2.0,
52.2485451875,76.9713280228,4.0,
52.2486438419,76.9842300362,4.0,
52.2486682397,76.9487026469,4.0,
52.2487468608,76.9563607446,2.0,
52.2488073193,76.9727059173,1.0,
52.248821774,76.9903035898,4.0,
52.2488673754,76.9586191118,4.0,
52.2489035136,76.9567516746,1.0,
52.2489244506,76.9752735693,1.0,
52.2489910407,76.9827487105,2.0,
52.2490746479,76.9792047937,1.0,
52.2490830834,76.954176392,1.0,
52.2491540448,76.9445937486,4.0,
52.2492922501,76.9491572433,1.0,
52.2493381004,76.9604804617,2.0,
52.2493460594,76.9685206397,4.0,
52.2493627529,76.9869505288,2.0,
52.2493862702,76.9703468217,2.0,
52.2493913703,76.9758222402,2.0,
52.2494194216,76.9482104471,2.0,
52.2495252127,76.9750031327,4.0,
52.2496453353,76.9459308447,2.0,
52.2496997492,76.9786843402,4.0,
52.2497617757,76.9471143742,1.0,
52.250042793,76.9725992263,4.0,
52.2500533636,76.9807393271,4.0,
52.2502183052,76.9660346312,2.0,
52.2503120279,76.9712684281,4.0,
52.2504293249,76.9447234974,2.0,
52.2505189262,76.942859126,2.0,
52.2507071383,76.9519492495,1.0,
52.250737889,76.9833572213,4.0,
52.2510333064,76.9800571441,8.0,
52.2512591624,76.9788659336,1.0,
52.2513006096,76.9886814938,1.0,
52.2513529321,76.9503754326,2.0,
52.2514121044,76.9849757835,2.0,
52.251540902,76.9470940401,2.0,
52.2517439292,76.9665492408,2.0,
52.2517680701,76.9433301082,2.0,
52.2517901289,76.9511243153,1.0,
52.2518878013,76.9575411435,2.0,
52.2520751618,76.978348172,4.0,
52.252095956,76.9537564083,2.0,
52.2521536099,76.9733257829,1.0,
52.2523738614,76.9893137699,2.0,
52.2523914419,76.985534227,8.0,
52.2525593627,76.9749833479,1.0,
52.2525681779,76.9462682853,4.0,
52.2525797856,76.9823826029,4.0,
52.2526028916,76.9795646927,2.0,
52.2526578031,76.7801443576,2.0,
52.2526740454,76.9578519138,1.0,
52.2528066373,76.9628428439,2.0,
52.2528282006,76.7812811402,1.0,
52.2528969704,76.9603383692,2.0,
52.2530233445,76.9844732727,4.0,
52.2530396466,76.9887152109,1.0,
52.2530995198,77.010819414,1.0,
52.2531015044,76.9860400863,1.0,
52.2531057828,76.9878083145,2.0,
52.2532280291,76.9943372036,1.0,
52.2533113452,76.956101272,4.0,
52.2533700166,76.9729179778,4.0,
52.2534330868,76.9503878362,2.0,
52.2535831405,76.9984515825,1.0,
52.2536219758,76.9523472701,1.0,
52.2536400109,77.0093958826,1.0,
52.2537443664,76.9964834844,1.0,
52.253793156,76.9490591615,2.0,
52.2537939203,76.9833888739,2.0,
52.253816476,76.9931775148,1.0,
52.2539682102,76.9802382138,1.0,
52.2539798222,76.9594737543,2.0,
52.254007246,76.9576770518,1.0,
52.2540496648,76.9601900485,1.0,
52.2540627791,76.9820355207,4.0,
52.2540755182,76.9689652003,2.0,
52.2542110207,76.9846625383,2.0,
52.2543086776,76.9745761203,4.0,
52.2543310662,76.9608860009,2.0,
52.2543657979,76.9662896081,2.0,
52.2545614556,76.9863780637,1.0,
52.2545643067,76.9768200078,1.0,
52.2545963433,76.9628560133,1.0,
52.2546352268,76.9881708048,1.0,
52.2547013536,76.9563537053,4.0,
52.2547096945,76.9786836329,2.0,
52.2547693334,76.9563385461,1.0,
52.2548278852,76.9533625999,4.0,
52.2549160857,76.9948776144,4.0,
52.2549332087,76.9674156758,2.0,
52.2550539036,76.9899085985,1.0,
52.2550645653,76.9750733187,1.0,
52.2551302703,76.9812067829,1.0,
52.2552851484,76.9941109279,1.0,
52.2552854036,76.9733791899,2.0,
52.2554145757,76.9692191508,4.0,
52.2554573791,76.9802965709,2.0,
52.2555974726,76.9927221679,2.0,
52.2556762048,76.9916129051,4.0,
52.2557928,76.9639589115,1.0,
52.255857559,77.0027175697,4.0,
52.2558882042,76.9777055855,2.0,
52.2559416925,76.9532257133,2.0,
52.2559645076,76.9645792177,4.0,
52.2560011201,76.9600922492,4.0,
52.2560258562,76.9857493012,1.0,
52.2560446126,76.9598715709,1.0,
52.2560883668,76.9616323841,1.0,
52.2562421729,77.0110117392,2.0,
52.2562604168,76.9846143309,2.0,
52.2562807838,76.9762972054,1.0,
52.2563119186,77.0052745242,2.0,
52.2563313684,76.9520009657,1.0,
52.256352563,76.9736007872,4.0,
52.2563665177,76.957072125,1.0,
52.2563810585,76.9660645596,1.0,
52.2564951341,76.9793370042,2.0,
52.2565480234,76.9888639152,2.0,
52.2566774138,76.9871514397,4.0,
52.2569003219,76.9959789731,1.0,
52.2569403634,76.9773586759,1.0,
52.2569612611,76.9863524357,2.0,
52.2569671942,76.9673993877,1.0,
52.2569866427,76.980438459,2.0,
52.2569946923,76.9786661386,1.0,
52.257007913,76.9874166232,1.0,
52.2570549431,76.9714820623,2.0,
52.2571615212,76.9590635167,1.0,
52.257190485,76.9893362096,4.0,
52.2572588712,76.9630233315,4.0,
52.257276206,76.9651052272,1.0,
52.2573174766,76.9911216217,2.0,
52.2573423523,76.9525776681,2.0,
52.2573981344,76.9833165965,4.0,
52.257405863,77.0082847538,4.0,
52.2574306866,76.96331445,2.0,
52.2574871067,76.9615368767,2.0,
52.257545188,77.0117119163,1.0,
52.2575692614,76.9575556812,2.0,
52.2575797012,76.9723035355,1.0,
52.2575952791,76.9561411906,4.0,
52.2576069969,76.9978516557,1.0,
52.2576219442,76.984508457,4.0,
52.2576592434,76.9827280171,2.0,
52.2577208517,76.97749492,4.0,
52.2577441431,76.9601386814,1.0,
52.2577516017,76.9821428181,4.0,
52.2578231186,77.0029675549,1.0,
52.2578306531,76.9619197771,1.0,
52.2579468395,76.9670668017,8.0,
52.2579910405,76.9785127747,2.0,
52.2580650474,76.9733445151,2.0,
52.2581007618,77.0043661249,1.0,
52.2581788349,76.9947570435,2.0,
52.2583700207,76.9636146495,1.0,
52.2584118332,76.9872247805,8.0,
52.2584186669,76.9655211252,4.0,
52.2584596654,76.9799907509,4.0,
52.2585035835,76.9976690511,2.0,
52.2585128244,77.0080040605,2.0,
52.2585267504,76.9807386737,2.0,
52.258530574,77.0037512323,2.0,
52.2585346492,76.9534648907,1.0,
52.2585709151,76.9640048001,2.0,
52.2585981926,76.9585145113,2.0,
52.2586236948,76.9752012701,4.0,
52.2586285399,77.0092152121,2.0,
52.2586383049,76.9766832928,2.0,
52.2586791811,76.9520797929,1.0,
52.2587558742,76.9852539708,4.0,
52.2587765381,77.0134774759,1.0,
52.2588686025,76.9823719326,2.0,
52.2589271389,77.0115366315,1.0,
52.2589413971,76.989243631,4.0,
52.2590713524,76.9781072081,4.0,
52.2593173706,76.96472587,1.0,
52.2593226039,77.0100973967,1.0,
52.2593497759,76.9727389547,2.0,
52.2593588348,76.9632569408,4.0,
52.2593621517,76.9667868619,4.0,
52.2594358783,76.9737784483,1.0,
52.2594713011,76.9765742203,4.0,
52.2594852967,76.957808665,1.0,
52.2594974142,76.9802257145,1.0,
52.2595098626,76.9693712964,4.0,
52.2595703821,76.9562661152,1.0,
52.2596194354,76.9830061015,1.0,
52.2596598357,76.9894192847,1.0,
52.2597167139,76.9595416491,1.0,
52.259733182,76.9887003957,2.0,
52.2597374142,76.980058664,2.0,
52.2598098745,77.0075408352,2.0,
52.2598469183,76.9829200352,4.0,
52.2599773889,76.9602593103,4.0,
52.2601599903,76.9851569104,4.0,
52.260161974,76.9515478481,1.0,
52.2602663557,76.9478230652,4.0,
52.2602809859,76.9532210779,1.0,
52.2603000194,76.9682345926,4.0,
52.2603124848,76.979118531,4.0,
52.2603138676,76.9866856724,1.0,
52.260317957,77.0130015008,2.0,
52.2603231669,76.9486608701,1.0,
52.2603255114,76.9770332562,1.0,
52.2603265043,76.9554646701,2.0,
52.2604418592,76.9495568113,4.0,
52.2605433784,76.9759711321,4.0,
52.2605640758,76.9585614454,4.0,
52.2605702254,76.988428574,1.0,
52.260590509,76.9466391732,2.0,
52.2606560752,76.9972855559,1.0,
52.260663945,76.9776567717,4.0,
52.2606770624,76.9540599323,2.0,
52.2607157618,77.010421606,1.0,
52.2607483504,76.9611041091,2.0,
52.2608258004,76.9627404407,2.0,
52.2609040164,76.9654364233,1.0,
52.2609927653,76.9619428359,4.0,
52.2610105652,76.9810353405,4.0,
52.2610329037,76.9866115023,2.0,
52.2610678752,76.9691501536,2.0,
52.2610850701,76.9797755212,2.0,
52.2611396172,76.9566859662,8.0,
52.2611668258,76.964064216,4.0,
52.2612032083,76.9599760806,1.0,
52.2612216971,76.9669869426,8.0,
52.2612411172,76.9430196631,1.0,
52.2612692598,76.9744884668,2.0,
52.2614010586,76.9711745175,4.0,
52.2614012173,76.987759991,4.0,
52.2614168448,76.9725435034,4.0,
52.2614227972,76.9487981325,4.0,
52.2615751858,77.012344303,2.0,
52.2615844904,77.0103449819,2.0,
52.2615913635,76.9470320353,4.0,
52.2617299215,76.9743548229,1.0,
52.2618128994,76.9832936382,4.0,
52.2619164495,76.9580328471,1.0,
52.2619299761,76.9760493618,1.0,
52.2619557267,76.9844849235,4.0,
52.2620053883,76.9984058021,2.0,
52.2620541393,76.9454650295,2.0,
52.2620627466,76.953255787,2.0,
52.2621054352,76.9591748144,2.0,
52.2622681754,76.9907124394,2.0,
52.2623510034,76.9563588286,1.0,
52.2624059469,76.9781033055,2.0,
52.262439464,76.9887564692,1.0,
52.2624486338,76.9801671436,4.0,
52.2624702921,76.9738278279,4.0,
52.2624926356,76.9815600104,1.0,
52.2625354428,76.9415052327,2.0,
52.2625392144,76.9722706454,2.0,
52.2625564297,76.9830203931,2.0,
52.2625748981,76.9789445954,1.0,
52.2626222547,76.9450805132,1.0,
52.2627141679,76.9544646827,1.0,
52.2627153309,76.9633972864,1.0,
52.2627184083,76.9752259388,2.0,
52.2627271123,76.9578010144,2.0,
52.262836906,76.9690771195,2.0,
52.2628471385,76.9896297543,2.0,
52.2629286842,76.7947013189,1.0,
52.2629589293,76.9710038072,2.0,
52.2630340436,76.9884491256,4.0,
52.2630778059,76.9829717716,1.0,
52.2630868682,76.985833921,2.0,
52.2631215359,76.9566690333,2.0,
52.2631301004,76.9526576679,2.0,
52.2631306807,76.9841395001,4.0,
52.263139614,76.9615761266,2.0,
52.2631455177,76.9871632523,1.0,
52.2634027553,76.8087399692,2.0,
52.2634575611,76.9668197717,2.0,
52.2634772107,76.9765667033,4.0,
52.2634772294,76.9591301267,4.0,
52.2635206222,76.9429856925,2.0,
52.2635938625,76.9544012823,2.0,
52.2636362148,76.993370855,2.0,
52.2637255077,76.9786019385,2.0,
52.2637418418,76.9747174724,1.0,
52.2637872333,76.9720900603,4.0,
52.2638122157,76.9670858131,1.0,
52.2638554405,76.9517631392,1.0,
52.2638626789,76.9943426767,1.0,
52.2639021401,76.9649483397,1.0,
52.2639138531,76.9825936204,4.0,
52.2639746667,76.9474411732,4.0,
52.2639798866,76.9805570591,4.0,
52.2641156503,76.97552932,4.0,
52.2641258487,76.9764869857,1.0,
52.2641900921,76.9498519498,4.0,
52.2642230741,76.971192756,1.0,
52.2642236476,76.9907133199,1.0,
52.2643221364,76.9522595521,2.0,
52.2643670363,76.9739077618,2.0,
52.2644573616,76.8023161068,1.0,
52.2644732584,76.9844276931,8.0,
52.2645959316,76.9774274681,2.0,
52.2648210305,76.9949564814,2.0,
52.2648910695,76.9919291793,2.0,
52.2649298507,76.9485412328,4.0,
52.2649634239,76.997887239,1.0,
52.2650193657,76.9793385353,2.0,
52.2651821179,76.9393863821,2.0,
52.2652295578,76.9455172815,1.0,
52.2652419811,76.9436791028,4.0,
52.2652620892,76.9542290386,1.0,
52.2653009755,76.9594220623,4.0,
52.2653016447,76.9534776887,2.0,
52.2654408542,76.9757967087,4.0,
52.2654462842,76.9564067599,4.0,
52.2654762189,76.9627601975,8.0,
52.2655197648,76.9802742851,4.0,
52.2655537704,76.9675516085,2.0,
52.2656097518,76.9822538858,2.0,
52.2656305258,76.9852022576,4.0,
52.265680065,76.7956221364,1.0,
52.2657411766,76.9605494517,2.0,
52.2657847788,76.942332461,2.0,
52.2658658558,76.9864415389,1.0,
52.2659163935,76.9809537327,2.0,
52.2659192312,76.9773183506,8.0,
52.2659411213,76.98372437,2.0,
52.2660239712,76.9583399206,1.0,
52.2660567833,76.9674982626,1.0,
52.2660778741,76.9556873387,1.0,
52.266153584,76.9775042605,2.0,
52.2661763838,76.9611870287,1.0,
52.2661847445,76.9402985554,2.0,
52.2662739782,76.9368738426,1.0,
52.2664086169,76.9516089457,4.0,
52.2664858543,76.9705715752,2.0,
52.2664972098,76.9598860687,1.0,
52.266507935,76.9713758267,1.0,
52.2665593548,76.9795554354,4.0,
52.2666799181,76.7947613945,1.0,
52.2667092335,76.9990250052,1.0,
52.2668772264,76.9532637551,2.0,
52.2669512654,76.9643511809,1.0,
52.2669887607,76.9776781876,1.0,
52.2670063095,76.9457534091,4.0,
52.2670563261,76.9837723474,4.0,
52.2672868566,76.9610903293,4.0,
52.2672968371,76.9397976402,2.0,
52.2673026108,76.9553653992,1.0,
52.2673353734,76.95889543,8.0,
52.2673607664,76.9570677233,4.0,
52.2673714804,76.9800781246,2.0,
52.2673850531,76.9675454307,1.0,
52.2674530455,76.9483844576,4.0,
52.2674666295,76.9440681522,4.0,
52.2674937481,76.9360258889,4.0,
52.267500466,76.9827623416,2.0,
52.2676763166,76.9603569587,1.0,
52.2676918141,76.9739185761,4.0,
52.2677309196,76.9423618022,2.0,
52.2677621147,76.9514173753,4.0,
52.2678057399,76.7943648345,2.0,
52.2678456828,76.9837687011,1.0,
52.2679254247,76.9812357234,2.0,
52.2679539486,76.9765388064,1.0,
52.2679596642,76.9788722429,4.0,
52.2680329733,76.9539485963,2.0,
52.2681164454,76.952488409,1.0,
52.2682165125,76.9471905162,2.0,
52.2682743711,76.9750216983,1.0,
52.2682936219,76.9620553142,4.0,
52.2683208328,76.9716602043,1.0,
52.2683251524,76.9459791451,2.0,
52.2683862056,76.9369386394,4.0,
52.2683974595,76.9737365562,1.0,
52.2684139144,76.9575652233,1.0,
52.2684746431,76.9561838148,2.0,
52.2685237639,76.9594981339,1.0,
52.268544205,76.7925421913,1.0,
52.268668702,76.9731186857,4.0,
52.268722119,76.9799242077,4.0,
52.2687369925,76.9657068597,2.0,
52.2687775655,76.966656595,1.0,
52.2689562308,76.9422429425,2.0,
52.2690597923,76.9680365503,4.0,
52.2691253315,76.9405669366,1.0,
52.2691867838,76.9830580021,8.0,
52.2693397632,76.9480459452,2.0,
52.2694884498,76.9402969892,4.0,
52.2695043875,76.9746913235,4.0,
52.2695136967,76.952884929,4.0,
52.2696193587,76.9649580397,1.0,
52.2696252056,76.9777978565,1.0,
52.2696328351,76.9537464265,2.0,
52.2698191156,76.9808050104,4.0,
52.2698363154,76.9766341447,2.0,
52.2698657269,76.7862749206,1.0,
52.2698963148,76.9729137791,2.0,
52.2699118482,76.9788758354,2.0,
52.26991377,76.9609182902,4.0,
52.2699776373,76.9835286986,1.0,
52.2700250095,76.9758864167,8.0,
52.2701490852,76.9564452578,1.0,
52.2701846923,76.9624439375,1.0,
52.2701864492,76.9364528181,2.0,
52.2702427042,76.970455736,1.0,
52.2702780842,76.9587826397,1.0,
52.2703462674,76.9705135714,4.0,
52.270357559,76.9464145352,2.0,
52.2703979638,76.9537052593,4.0,
52.2705270443,76.9735820969,4.0,
52.2705362516,76.9672126055,4.0,
52.2706717469,76.9788038721,4.0,
52.2708865049,76.9749183175,2.0,
52.2708995637,76.9796779765,2.0,
52.2709456459,76.9576288123,2.0,
52.270953943,76.9606230277,2.0,
52.2709967214,76.9528379953,1.0,
52.2710418395,76.9780283762,2.0,
52.271152708,76.9367678045,1.0,
52.2711564179,76.9435764218,2.0,
52.2711704805,76.9828091507,2.0,
52.2711818415,76.9766994404,1.0,
52.2712302191,76.9455533814,2.0,
52.2713415232,76.9834131609,4.0,
52.2713862914,76.9811306336,8.0,
52.2714234088,76.9790877059,1.0,
52.2714280392,76.9501431301,1.0,
52.2714852976,76.9590662163,4.0,
52.2715122959,76.952144292,2.0,
52.2715272204,76.9421501304,2.0,
52.2715379492,76.9705158195,2.0,
52.271619656,76.9573581617,1.0,
52.2716219626,76.9404374031,1.0,
52.2716520387,76.9755802819,4.0,
52.2717059561,76.9481490306,1.0,
52.271777228,76.9742489413,4.0,
52.2718089623,76.9479651532,4.0,
52.2718098187,76.9680049015,4.0,
52.2718659054,76.9551563805,2.0,
52.2719236602,76.987162779,1.0,
52.2720452495,76.9771023653,2.0,
52.2720974906,76.9780442258,1.0,
52.2721363565,76.9463110035,1.0,
52.2721576772,76.9534555813,1.0,
52.272177959,76.9375598283,4.0,
52.2722100217,76.9789643613,4.0,
52.2723762367,76.9608273949,1.0,
52.2724111968,76.9379065041,1.0,
52.2724793186,76.9632792324,1.0,
52.2726190464,76.9665110517,2.0,
52.2726296502,76.9699463491,1.0,
52.2726425395,76.9829646129,1.0,
52.2726499183,76.9769340477,1.0,
52.2726634625,76.9506652852,1.0,
52.2726698862,76.9586890335,2.0,
52.2726957703,76.9529391942,2.0,
52.27280218,76.9641006641,2.0,
52.2728374446,76.9844789944,1.0,
52.2728384384,76.974878203,4.0,
52.2728432943,76.9709372408,4.0,
52.2730788309,76.9620247677,4.0,
52.2731306973,76.9756949131,2.0,
52.2731635246,76.9439538215,1.0,
52.2732036776,76.937027464,2.0,
52.2733246552,76.9680736668,1.0,
52.2733907857,76.9768561838,4.0,
52.2734059881,76.9552819819,2.0,
52.2734143285,76.9404081653,2.0,
52.2734180895,76.9528783643,1.0,
52.2734441732,76.9574625526,2.0,
52.2735773677,76.9422541261,2.0,
52.2735915766,76.9378328664,1.0,
52.2736111164,76.9396518996,1.0,
52.2736571523,76.9646369026,1.0,
52.273676424,76.9491345416,4.0,
52.2737715051,76.967064353,2.0,
52.2739425782,76.9756410632,1.0,
52.273983499,76.9637110935,2.0,
52.2740497614,76.9513569911,2.0,
52.2740705045,76.9390248932,4.0,
52.2741487684,76.9367407252,1.0,
52.274165599,76.9704811119,8.0,
52.2742289143,76.9372902573,4.0,
52.2742831689,76.9532162541,2.0,
52.2743016453,76.9744755036,4.0,
52.2743549892,76.9590744481,2.0,
52.2743588646,76.9479832697,4.0,
52.2743747812,76.9539450572,1.0,
52.2744708495,76.976403924,2.0,
52.2747647005,76.9602116328,1.0,
52.2748041365,76.9733126877,4.0,
52.2748326058,76.9443190828,2.0,
52.2748758968,76.9359372478,4.0,
52.2749802454,76.9792291104,2.0,
52.2750423581,76.9810122093,4.0,
52.2750678061,76.9672926246,4.0,
52.2750719926,76.9660707898,2.0,
52.2750845422,76.9779122163,2.0,
52.2751733342,76.9488157702,1.0,
52.2752078061,76.9414351743,2.0,
52.2752672387,76.954803047,2.0,
52.2752747246,76.9458178696,4.0,
52.2752903445,76.964788559,1.0,
52.27529038,76.9636667405,2.0,
52.2753072999,76.974952019,1.0,
52.2754024027,76.9678156429,1.0,
52.2754273045,76.9759058318,8.0,
52.2755119843,76.9426973042,2.0,
52.2755365725,76.982444707,4.0,
52.2755772847,76.972181088,2.0,
52.2755972666,76.9664481565,1.0,
52.2757693666,76.9601227957,4.0,
52.2758356774,76.9648748753,4.0,
52.2758448734,76.957035724,8.0,
52.2758731539,76.9522703302,2.0,
52.2760250326,76.9776413272,4.0,
52.276041478,76.9803807837,4.0,
52.2760693118,76.9398686,2.0,
52.2761078668,76.9458524417,1.0,
52.2761482578,76.9584744301,1.0,
52.2761767729,76.9352883044,2.0,
52.2762029881,76.9676235012,2.0,
52.2762390256,76.9371300187,2.0,
52.2763137152,76.9703895144,4.0,
52.2763397551,76.9477021486,4.0,
52.2764035265,76.9503398767,1.0,
52.2764635558,76.9753540205,1.0,
52.276510024,76.9791263876,8.0,
52.276550169,76.9553201732,2.0,
52.276576957,76.9675434286,1.0,
52.2765870709,76.9733959905,4.0,
52.2766232034,76.9816877788,4.0,
52.2766731178,76.9418144439,4.0,
52.2766762417,76.9784100831,1.0,
52.2767220026,76.9628710056,2.0,
52.2767443413,76.9559253943,1.0,
52.2767678662,76.9542818728,1.0,
52.2767775138,76.9720567104,2.0,
52.2767908105,76.934082031,1.0,
52.2768137152,76.9387064791,1.0,
52.2768389183,76.975137551,4.0,
52.2769128697,76.9541091966,4.0,
52.2770861482,76.980075196,2.0,
52.2771214532,76.9654548756,1.0,
52.2771479108,76.9646188805,2.0,
52.2772210267,76.9709380506,1.0,
52.2772219902,76.9528543955,2.0,
52.2772669035,76.9572160074,4.0,
52.2772995403,76.9411965552,2.0,
52.2773075212,76.9767067827,4.0,
52.2773299949,76.9489076592,2.0,
52.277399366,76.9469305271,1.0,
52.2774604626,76.9388128205,2.0,
52.2775145966,76.943086228,2.0,
52.277546482,76.9530022504,1.0,
52.2776848993,76.9697688017,4.0,
52.2778307092,76.9816666411,4.0,
52.2779379929,76.9761092859,2.0,
52.277962872,76.9738804711,4.0,
52.2780374227,76.9783430989,8.0,
52.2780442161,76.9554389195,2.0,
52.2782442121,76.9576077073,2.0,
52.2783207125,76.9665709885,4.0,
52.2784017274,76.9654023452,2.0,
52.2784034119,76.9593110155,4.0,
52.2784397763,76.9803618548,1.0,
52.2784899335,76.935632917,2.0,
52.2786534384,76.939634058,1.0,
52.2787547825,76.9454518641,4.0,
52.2787874502,76.9700275952,2.0,
52.2788094481,76.9368214628,2.0,
52.2788319763,76.9727271799,4.0,
52.2788417527,76.9710509659,4.0,
52.2789642256,76.974611013,4.0,
52.2791898628,76.9673102304,2.0,
52.2792045032,76.9426346705,1.0,
52.2793336171,76.978198807,2.0,
52.2793395094,76.9596790068,2.0,
52.2795925764,76.981751098,2.0,
52.279596411,76.9797197238,1.0,
52.27964421,76.9564628468,2.0,
52.2796538192,76.9781524486,1.0,
52.2796860381,76.9505602246,1.0,
52.2798283145,76.942635438,2.0,
52.2798496408,76.9608363829,1.0,
52.2800337867,76.9518803659,4.0,
52.2800466451,76.9831401524,4.0,
52.2801095982,76.9527763249,1.0,
52.2801369487,76.969185389,2.0,
52.280209541,76.9385941207,2.0,
52.2802247716,76.9716278034,1.0,
52.2802992762,76.9394989471,8.0,
52.2803430824,76.9739397457,2.0,
52.2803797641,76.9417494426,4.0,
52.2804104478,76.9482253159,2.0,
52.2804425331,76.9542281374,4.0,
52.2804491615,76.9806482564,1.0,
52.2804855627,76.9723963273,2.0,
52.2807743721,76.979136044,4.0,
52.2808211463,76.981779911,4.0,
52.2808701464,76.9428286516,4.0,
52.2809551698,76.9602205652,4.0,
52.2811540101,76.9504970344,4.0,
52.2811665157,76.9729719603,1.0,
52.2812085772,76.9404167805,2.0,
52.2813905089,76.9702056842,1.0,
52.2814311244,76.9488944293,2.0,
52.2814325161,76.9693735726,4.0,
52.2814484267,76.9715817724,2.0,
52.2815186672,76.9807305269,4.0,
52.2815431744,76.9487463786,1.0,
52.2815488734,76.9468298204,4.0,
52.2816137447,76.9441264064,4.0,
52.2816642923,76.9546696664,2.0,
52.2816826585,76.9445780513,1.0,
52.2817863034,76.9389387632,4.0,
52.2818600933,76.9670128425,2.0,
52.2818747461,76.9818890482,2.0,
52.2819472667,76.9630638429,2.0,
52.2820919975,76.9594752162,2.0,
52.2823520456,76.9419778196,4.0,
52.2825890949,76.9818082339,4.0,
52.2825956189,76.9495541287,1.0,
52.282627781,76.9503710668,2.0,
52.2826377513,76.9689348363,2.0,
52.2826973974,76.9617270495,2.0,
52.2827096849,76.9463646204,4.0,
52.2827503796,76.9706328726,1.0,
52.2828544287,76.973236861,8.0,
52.2829156638,76.9543248433,4.0,
52.2829555765,76.9482830877,4.0,
52.2829786565,76.9448440865,4.0,
52.2829846625,76.9658802513,4.0,
52.2830304269,76.9805566286,4.0,
52.2830385642,76.975045234,1.0,
52.2831129568,76.961276771,1.0,
52.2831384965,76.9637745772,4.0,
52.2832375009,76.9471124315,1.0,
52.2832703095,76.9604349605,4.0,
52.2832976462,76.9717110087,4.0,
52.283394036,76.9727623556,1.0,
52.2834096363,76.9517217417,1.0,
52.2834613168,76.9784868656,2.0,
52.2834688508,76.9701392962,2.0,
52.2835867875,76.9592585039,2.0,
52.2836445699,76.9400537586,8.0,
52.283763294,76.950404692,1.0,
52.283796526,76.9812181586,2.0,
52.2839393933,76.9750552131,4.0,
52.2839584014,76.9559268192,2.0,
52.2840254186,76.9436876078,4.0,
52.284071295,76.9769514163,4.0,
52.2841906988,76.9568802164,4.0,
52.284230733,76.9517210759,4.0,
52.2842367608,76.9392560629,1.0,
52.2843814163,76.9620190581,4.0,
52.2844145775,76.9452741543,1.0,
52.2844905495,76.9464955265,1.0,
52.2845050221,76.9452109976,4.0,
52.2845128908,76.97860315,4.0,
52.2847924807,76.980224653,4.0,
52.2848224095,76.9509530232,2.0,
52.2848239772,76.9650730439,1.0,
52.285100306,76.9607203009,2.0,
52.2852110825,76.9733502916,4.0,
52.2852187095,76.9744538031,2.0,
52.2852435564,76.95858613,1.0,
52.2852674599,76.9512457646,1.0,
52.2856097531,76.9605388857,1.0,
52.2856529963,76.9763702451,4.0,
52.2857415507,76.9428785416,2.0,
52.2859908052,76.9787842148,4.0,
52.2860985613,76.9518048484,2.0,
52.2861368962,76.981405765,2.0,
52.2862481019,76.9536393735,1.0,
52.2862906257,76.9568350257,1.0,
52.2863690369,76.979672601,2.0,
52.2864006654,76.9826038125,4.0,
52.2864636978,76.9620101341,2.0,
52.2866063837,76.9731630674,2.0,
52.2866143183,76.9762152198,1.0,
52.2867232395,76.9776175446,4.0,
52.2868153642,76.9914256804,2.0,
52.2868779153,76.9417754138,2.0,
52.2869249771,76.9445278925,2.0,
52.2869766627,76.9398219909,1.0,
52.2869872622,76.9457488662,2.0,
52.2871086925,76.9491905221,1.0,
52.2871622617,76.9745754468,4.0,
52.2871651372,77.0006087415,1.0,
52.2871857197,76.9543892183,4.0,
52.2872060559,76.9481376701,2.0,
52.2872487934,76.9426341117,4.0,
52.2872522052,77.0097267258,2.0,
52.2873334645,77.0040542014,2.0,
52.2873399098,77.0019920358,1.0,
52.2873492202,76.9557653126,1.0,
52.2873639688,76.9697277359,2.0,
52.2873820968,76.9805100884,4.0,
52.2875696729,77.0007144798,2.0,
52.2875861293,76.9577882892,2.0,
52.2876465493,76.9412393737,4.0,
52.2876765922,76.9681524855,4.0,
52.2876971269,76.9497127269,4.0,
52.2877923293,76.939563617,4.0,
52.2878407804,76.9870819985,1.0,
52.2878422547,76.9654205171,1.0,
52.2878440329,76.9512191129,4.0,
52.2878545382,76.9532826554,2.0,
52.287953541,76.9438275583,1.0,
52.2880381019,76.982229966,1.0,
52.2880835676,76.9556535368,4.0,
52.288112215,76.9640669311,8.0,
52.2881393186,76.9692514819,4.0,
52.2882018497,76.9584996937,4.0,
52.2882274271,76.9969639391,2.0,
52.2882922903,76.9613628356,4.0,
52.2883214469,76.9462539073,4.0,
52.2883519979,76.9788945484,8.0,
52.2883910412,76.9892667955,1.0,
52.2884025132,76.9813516754,2.0,
52.2884457673,76.9480354519,4.0,
52.2884771344,77.0083624058,4.0,
52.2885494324,76.9736142019,4.0,
52.2885589231,76.9777424951,1.0,
52.2886010818,76.9905947737,4.0,
52.2887282831,77.0003485187,2.0,
52.2887487269,77.0108528505,1.0,
52.2887629788,76.954267389,4.0,
52.288805895,76.984704586,4.0,
52.2888147191,76.9960366534,4.0,
52.2888163299,76.9435102281,4.0,
52.2888556512,76.9698025288,2.0,
52.2888873229,76.9504414735,4.0,
52.2889193459,76.965297193,4.0,
52.2889518967,76.9759595967,4.0,
52.2890051325,76.9413171983,1.0,
52.289047411,76.9681365559,2.0,
52.2890558032,76.988703473,4.0,
52.2890754898,76.9388786155,4.0,
52.2891547757,76.9557886103,1.0,
52.2892003158,76.9421692362,4.0,
52.2892759804,77.0044511582,1.0,
52.2893261544,76.9978074928,1.0,
52.2893981095,76.986403292,4.0,
52.2894122531,76.9398581733,1.0,
52.2894237447,76.9590051464,2.0,
52.2894594123,76.9363716991,2.0,
52.2894825659,76.9802597019,2.0,
52.2895153155,76.9454671154,1.0,
52.2895329726,76.9605812644,2.0,
52.2895518873,76.9462727734,4.0,
52.2895866107,76.9675682098,4.0,
52.2896023163,76.9821216095,2.0,
52.2896045136,76.974107889,8.0,
52.2896646906,77.0043767592,2.0,
52.289670944,76.9534378657,4.0,
52.2897024515,76.9937864416,1.0,
52.2898715062,77.0074678066,1.0,
52.2898958458,76.9688382934,4.0,
52.2899235509,76.9479640594,4.0,
52.2899589794,76.9385804954,1.0,
52.2899889409,76.9560161485,2.0,
52.2899914022,76.9547959473,8.0,
52.2900550308,76.9953026316,1.0,
52.2900604116,76.950532929,8.0,
52.2900935399,76.9780108136,4.0,
52.2900989625,76.9637253741,8.0,
52.2901290704,76.9910678561,1.0,
52.2901408977,76.9840878835,2.0,
52.2901455857,76.9729409281,4.0,
52.2901463396,77.0004491935,2.0,
52.2901735868,76.943857815,2.0,
52.2901783413,76.9994197578,4.0,
52.2901863627,77.0040552441,4.0,
52.2901919017,76.9571115601,1.0,
52.2901984852,77.0127707017,1.0,
52.2902643103,76.9420072677,8.0,
52.2902834582,76.9978499158,4.0,
52.2903292655,76.9454986025,2.0,
52.2903458068,76.9464644715,1.0,
52.2903645467,76.9927713978,1.0,
52.2903965529,76.962214897,1.0,
52.2904342563,77.0139962715,2.0,
52.2904564787,77.0057470803,1.0,
52.2904947553,76.9527028054,1.0,
52.290509896,76.9966026734,2.0,
52.2905254434,76.9570862536,2.0,
52.2905427646,77.0153152782,1.0,
52.2905480647,76.9714154302,2.0,
52.2905853154,76.9700791666,1.0,
52.2906032199,76.9761099313,8.0,
52.2906220879,77.0033477352,1.0,
52.2907147434,76.9621873332,2.0,
52.2908078652,76.9681759185,8.0,
52.2908093467,77.0125124868,2.0,
52.290846656,77.0006236101,1.0,
52.290875109,77.0018506876,2.0,
52.2909180012,76.9367479123,4.0,
52.29093578,76.9695417917,2.0,
52.2909523424,76.9388778252,4.0,
52.2909883913,76.995651885,4.0,
52.2909937371,76.980758593,4.0,
52.2910177434,76.9969913543,1.0,
52.2910370815,76.945328599,1.0,
52.291066793,76.9738198798,2.0,
52.2911265624,76.9482597024,2.0,
52.2911848423,76.988525295,2.0,
52.2912092709,77.0180717744,2.0,
52.2912642768,76.9834083729,4.0,
52.2913533103,76.9475409778,1.0,
52.2913570904,76.9978039335,2.0,
52.2913810529,76.9819397163,4.0,
52.2913838292,76.9540972894,1.0,
52.291410688,76.9428384398,2.0,
52.2914206532,76.9990890906,2.0,
52.2914284682,77.0074139882,2.0,
52.2914366371,76.9508183403,4.0,
52.2915106626,76.9396670106,2.0,
52.2915136523,76.9597686226,1.0,
52.2915217193,76.9857374018,1.0,
52.291608648,76.9351116442,2.0,
52.2916137413,76.9607201296,2.0,
52.2916720254,76.9494402862,4.0,
52.2916847021,77.0015235453,1.0,
52.2916984198,76.9779505822,2.0,
52.2917270364,77.0127815276,1.0,
52.2917485983,76.9572914547,4.0,
52.2917550845,76.9522189113,8.0,
52.2918023353,77.0184926571,4.0,
52.2918199179,76.9589718484,4.0,
52.2918642333,76.9382637295,1.0,
52.2918656755,76.9817735384,1.0,
52.2918895122,77.0227246058,1.0,
52.2918984474,76.961967543,8.0,
52.2919178806,76.9565297464,2.0,
52.2919250511,76.9439248784,1.0,
52.291991935,77.0245638134,1.0,
52.2920205156,77.0029655822,2.0,
52.292038137,76.9871562424,1.0,
52.2920509206,76.9582867744,2.0,
52.292066126,76.9914537799,1.0,
52.2921052194,77.0172327671,2.0,
52.292112418,76.9484632275,1.0,
52.2921142734,76.955224945,8.0,
52.2921194381,76.9696496493,1.0,
52.2921335656,76.967957858,4.0,
52.2921351935,76.9899319437,1.0,
52.2921718987,76.9827494188,2.0,
52.2921780972,76.9964459774,2.0,
52.2921787343,76.9972518544,1.0,
52.2922557964,76.9438306602,2.0,
52.2922774921,76.979550625,4.0,
52.2923411728,76.9603127917,4.0,
52.2923807439,77.0179373439,1.0,
52.2924075262,76.9510418239,2.0,
52.2924334681,76.9709131085,4.0,
52.2924433054,76.9645555167,8.0,
52.2924609851,76.969110452,4.0,
52.2924781606,76.999774419,4.0,
52.2924969253,76.9337165356,2.0,
52.2925257083,76.9564636278,1.0,
52.2925262377,76.9476751271,2.0,
52.2925754304,76.9853501046,4.0,
52.2926301692,76.9781301004,4.0,
52.2926320033,77.0195211074,4.0,
52.2926506731,77.023997543,2.0,
52.2926520947,76.9391851591,4.0,
52.2926625625,76.9583131837,1.0,
52.2927165096,76.9537818451,2.0,
52.2927493801,76.9976328246,4.0,
52.2927655019,76.942289763,4.0,
52.2928223943,76.9673332441,2.0,
52.2928279113,76.9409185437,4.0,
52.2928692051,76.9449557368,1.0,
52.2928780709,76.9618636833,1.0,
52.2929176677,76.9882574741,4.0,
52.2929239837,76.9928961469,1.0,
52.2929293106,77.0088885053,4.0,
52.2929422839,77.0117555432,1.0,
52.2930128594,76.9986440639,2.0,
52.2930307851,76.9381169835,2.0,
52.2930542979,76.9995142431,1.0,
52.2930722129,76.9835059587,1.0,
52.2930868447,76.9491403162,2.0,
52.2930904621,76.9479872318,8.0,
52.2931227983,76.9764548222,8.0,
52.2931587919,76.9460371112,4.0,
52.2931591372,76.9335084284,1.0,
52.2931765492,77.0028442439,1.0,
52.293227865,77.0135901058,2.0,
52.293254647,76.9524169845,8.0,
52.2932560259,77.0105644635,4.0,
52.2932560491,76.9946383141,4.0,
52.2932979815,76.9650058459,1.0,
52.2933049718,77.0169999086,1.0,
52.2933227637,77.0234243666,1.0,
52.2933295405,76.9593361607,2.0,
52.2933330404,76.9820421772,2.0,
52.2933584158,76.95778655,4.0,
52.2933643934,76.9439306265,8.0,
52.2933682121,77.0039879224,2.0,
52.2934022075,76.9738925269,8.0,
52.2934036826,77.0015494886,4.0,
52.2934323388,76.9393156479,1.0,
52.2934346726,76.9631303025,4.0,
52.2934936745,76.935094402,1.0,
52.2935167417,76.9922484209,4.0,
52.2935194055,76.968534049,2.0,
52.2935337864,76.9610195326,2.0,
52.29354121,76.9972114197,1.0,
52.2936225405,76.9715305986,2.0,
52.2936332917,76.9554217811,2.0,
52.2936806864,76.9699783978,4.0,
52.2936813181,77.0149294071,2.0,
52.29372407,77.0039587449,1.0,
52.2937300687,76.9755853408,4.0,
52.2937461879,76.99667417,4.0,
52.2937859294,76.9860562694,2.0,
52.2938116872,76.9838424071,4.0,
52.2938185424,76.9324244212,4.0,
52.2938226141,76.9783214183,2.0,
52.2938582491,76.9565199261,8.0,
52.2938737857,77.0184207309,1.0,
52.2939186384,77.0028538102,4.0,
52.2939586858,76.94777392,4.0,
52.2939887174,76.9490762407,1.0,
52.2940257372,76.96728697,2.0,
52.2940273511,76.9954476108,1.0,
52.2940300759,77.0116769088,2.0,
52.2940391047,76.9465600458,1.0,
52.2940601378,76.9498867399,2.0,
52.294091985,77.0223116972,2.0,
52.2941124737,76.9637255405,2.0,
52.2941557149,76.9429499052,4.0,
52.2941653445,76.9873307825,2.0,
52.2942009869,76.971696303,4.0,
52.2942062598,77.0087120262,4.0,
52.2942224581,76.9648671747,4.0,
52.2942352507,76.9939156422,1.0,
52.2942563424,76.9393177427,4.0,
52.2942826832,76.9623039045,4.0,
52.2942914623,77.0012625661,1.0,
52.294304458,76.9407151066,4.0,
52.2943106241,77.018580675,4.0,
52.294312482,76.9987725003,4.0,
52.2943235861,76.9417052207,2.0,
52.2944125508,76.952082618,4.0,
52.2944285492,76.9730493459,4.0,
52.294543608,76.9360691321,1.0,
52.2945457442,76.9503274422,1.0,
52.2945461207,76.9769160673,2.0,
52.2946369526,76.9532871279,2.0,
52.2946426414,76.9548018805,1.0,
52.2946457999,77.0199345368,4.0,
52.2946945185,76.9490107942,4.0,
52.2947386566,76.9740759895,2.0,
52.2947479123,77.0027801552,2.0,
52.2947615479,76.9885554661,1.0,
52.2947664463,77.0098698386,2.0,
52.2947680403,76.9956907503,2.0,
52.294783863,76.9553832854,4.0,
52.2948114347,76.9944970281,4.0,
52.2948120647,76.9851450462,4.0,
52.2948187502,76.9329982824,1.0,
52.2948487054,76.9996838437,2.0,
52.294863696,76.9749082391,1.0,
52.2948902736,77.0116937268,1.0,
52.2949281625,76.9820328243,4.0,
52.2949285951,76.9688445186,4.0,
52.294929088,77.0125923899,4.0,
52.2949521383,77.020801329,2.0,
52.2949829108,76.9717902668,2.0,
52.2950042896,76.983881981,1.0,
52.2950525862,76.9603164101,2.0,
52.295066643,77.0140855325,1.0,
52.2951056307,76.9974638048,2.0,
52.2951268071,76.9455850047,2.0,
52.2951270778,76.9389664503,1.0,
52.2951483408,76.9704114347,2.0,
52.29515801,76.9344966158,4.0,
52.2951653659,76.9803897381,4.0,
52.2952167866,76.9368084059,4.0,
52.2952305912,77.0173310702,2.0,
52.2952426529,76.9357538562,2.0,
52.295253946,76.9621616835,2.0,
52.2952788074,76.9381800462,4.0,
52.2953092062,76.9326622613,2.0,
52.2953365099,76.9506390139,4.0,
52.2953433484,76.9930486981,4.0,
52.2953744293,76.9518343264,2.0,
52.2954293144,76.9775814014,8.0,
52.2955182105,76.9643588962,4.0,
52.2955545498,76.9677238265,2.0,
52.2955715094,76.9376579983,1.0,
52.2956038084,76.9564637239,8.0,
52.2956242899,77.0227781427,4.0,
52.2956906131,76.9901158187,1.0,
52.2957632504,77.0128596749,1.0,
52.2957697565,76.9788667202,2.0,
52.2957717433,76.9303704181,1.0,
52.2957720374,76.9921750753,1.0,
52.2958172732,77.018345534,4.0,
52.2958316072,76.9986918123,4.0,
52.2958742827,76.9544161217,1.0,
52.2958886425,76.9446771305,1.0,
52.2959194126,76.9459242661,1.0,
52.2959352752,77.0028957483,2.0,
52.2959412274,76.928267319,2.0,
52.295980563,76.9768224305,1.0,
52.296000725,76.9647574127,1.0,
52.2960107312,76.983231721,4.0,
52.2960177879,76.9878973224,4.0,
52.2960401566,76.9847706971,1.0,
52.2960916012,76.9629390185,4.0,
52.2960925068,76.9801394779,2.0,
52.2961607471,77.0159382067,2.0,
52.2961638758,76.9964997998,4.0,
52.2962492457,76.9736524285,8.0,
52.2962904856,77.0021611802,4.0,
52.2962952521,76.9734129859,1.0,
52.296353179,77.0218180004,2.0,
52.2964601068,76.9860159315,8.0,
52.2964601745,76.9936294425,1.0,
52.2964674524,76.9818520028,8.0,
52.2964776836,76.9568652517,4.0,
52.2964800446,77.0168921327,1.0,
52.296487782,76.9501493081,2.0,
52.2965151477,77.010418285,2.0,
52.296536702,76.9615049543,2.0,
52.2965423728,76.9580960592,4.0,
52.2965482327,76.9748257316,1.0,
52.29655402,76.9516936827,1.0,
52.2966226545,76.9960704836,2.0,
52.2966279977,77.0089178163,1.0,
52.2966620623,76.9641390247,8.0,
52.2966813857,76.9488718319,4.0,
52.2967080167,76.9774438213,2.0,
52.2967588101,76.9824799957,1.0,
52.2968337524,76.9396833439,2.0,
52.2968892218,76.9533070369,4.0,
52.2969005711,76.999465587,2.0,
52.2969325757,76.9763610472,8.0,
52.2969719318,76.9501445467,1.0,
52.2969971751,77.0050065777,2.0,
52.2969977053,76.9297917564,2.0,
52.297004316,76.9630076202,1.0,
52.2970044333,76.9721831457,8.0,
52.2970085939,77.024814677,4.0,
52.2970542636,77.0147656765,4.0,
52.2971247771,77.0033483135,1.0,
52.2972004077,76.9379014943,2.0,
52.2972065542,76.9416646574,2.0,
52.297282279,76.9914494092,1.0,
52.2972926683,76.9366757911,1.0,
52.2973012291,76.9221840994,1.0,
52.2973743655,77.0075949141,2.0,
52.29739564,76.9774561398,4.0,
52.2974287634,77.0016495653,4.0,
52.2974339953,76.9457761494,2.0,
52.2974346659,76.9674017019,2.0,
52.2974621731,76.9703418102,1.0,
52.2974651778,76.9823037814,2.0,
52.2974730192,77.0101272206,1.0,
52.2975003936,76.9655013903,1.0,
52.2975004898,76.9845972376,1.0,
52.2975079481,76.9947766098,2.0,
52.2975261442,76.9487100298,1.0,
52.2975275422,76.989380999,2.0,
52.2975404626,76.9564446182,1.0,
52.2975436599,76.9360212302,2.0,
52.2976213397,76.9234810142,2.0,
52.2976763421,76.9618845973,4.0,
52.2977021388,76.9498036434,2.0,
52.2977122818,76.9875320304,2.0,
52.2977319288,76.9577589596,1.0,
52.2977376,76.9737737805,1.0,
52.2977380571,76.9796555789,4.0,
52.2977460383,76.9252796555,4.0,
52.297751659,76.9443326406,1.0,
52.297762823,77.0110300181,2.0,
52.297764744,77.0093131087,2.0,
52.2978456311,76.9336291659,1.0,
52.2978512498,76.9350617759,4.0,
52.2978761419,76.9449954481,4.0,
52.2978900966,76.9211331655,2.0,
52.297894702,77.0155076762,2.0,
52.2979372745,77.0029537534,2.0,
52.2979473135,76.963596418,2.0,
52.2979530234,76.976645054,2.0,
52.2979615901,76.9600937735,4.0,
52.2980002974,76.9937656371,8.0,
52.2980358037,76.9517630523,8.0,
52.2980671595,76.93302536,2.0,
52.2980741118,76.969263012,2.0,
52.2980959107,77.0006909184,2.0,
52.2981107954,76.9705133974,4.0,
52.29813233,76.9473144471,4.0,
52.2981674691,76.9774562768,1.0,
52.2982082989,76.9382279376,4.0,
52.2982305401,76.9747961656,4.0,
52.2982586578,76.9726805792,4.0,
52.2982615564,76.9312547661,2.0,
52.298434902,77.0048184992,1.0,
52.2984450622,76.9205769736,1.0,
52.2984564759,76.9437040711,4.0,
52.2985262346,76.9284586553,1.0,
52.2985591549,77.0008331254,1.0,
52.2985697047,76.9719703313,1.0,
52.2986353538,76.9343167558,2.0,
52.2986539513,76.9848849319,1.0,
52.2986540078,76.9491918321,1.0,
52.2986609306,76.9813893287,4.0,
52.2986907865,76.9839895227,4.0,
52.2986956728,77.0065953892,4.0,
52.2987065032,76.9945622659,2.0,
52.2987271647,76.9247304016,1.0,
52.2987771573,76.971395082,2.0,
52.2987944068,76.9485624805,2.0,
52.2988179644,76.9790211761,2.0,
52.2988426484,77.0248793426,2.0,
52.2988531126,76.9195497659,4.0,
52.2989139984,76.9759170506,1.0,
52.2989211428,76.9236926206,4.0,
52.2989214339,76.9778940388,4.0,
52.2989240304,76.9859390412,4.0,
52.2989504584,76.9505068953,2.0,
52.2989811268,76.989476503,4.0,
52.2989836998,77.0088160945,1.0,
52.2990092006,76.926162359,1.0,
52.2990164531,76.9219388036,4.0,
52.2990563102,76.9830762352,2.0,
52.2990622161,77.0051424363,4.0,
52.2990729551,76.9977064911,2.0,
52.2991122825,76.9206326796,2.0,
52.2991211305,77.0094779961,2.0,
52.2991244354,76.9769075867,2.0,
52.2991373894,76.9994182497,4.0,
52.2991609289,76.9541117914,1.0,
52.2991710479,76.9959025335,2.0,
52.2991883731,76.9886662621,1.0,
52.2991900681,76.9528937224,1.0,
52.2992126888,77.0195056033,4.0,
52.2992598844,77.0162636464,4.0,
52.2992801929,76.9322637678,4.0,
52.2992943723,77.0013946466,4.0,
52.2992956068,76.9280457588,2.0,
52.2993147882,77.0032666956,4.0,
52.2993214352,77.012329814,2.0,
52.2993395629,77.0210022887,4.0,
52.2993432944,76.9510354387,4.0,
52.299347193,76.9396091542,1.0,
52.2993682917,76.9298676477,4.0,
52.2994073718,76.9189218357,2.0,
52.2995571577,76.9173612019,2.0,
52.299602879,76.9705298995,2.0,
52.2996090335,77.0218095202,2.0,
52.2996619397,76.997878357,1.0,
52.2997138277,76.9442811926,2.0,
52.2997179869,76.9380896622,4.0,
52.2997310256,76.9223902715,1.0,
52.2998182557,77.0243648989,1.0,
52.2998336765,76.9231452748,2.0,
52.2998457473,77.0039362268,2.0,
52.299957472,77.0179744887,4.0,
52.2999997876,76.942874771,1.0,
52.3000008787,76.9181170363,4.0,
52.3000461505,76.930415863,1.0,
52.3000502164,77.0078901857,1.0,
52.3001361025,76.9281433118,1.0,
52.3001934223,76.9205225204,4.0,
52.3002743978,77.0005406922,4.0,
52.3002839703,77.0230087562,8.0,
52.3003201786,77.0131464014,2.0,
52.3003893189,77.0121708635,1.0,
52.3004174722,76.917244504,1.0,
52.300431351,76.9336065079,4.0,
52.3004314653,76.9164861201,2.0,
52.3005128445,76.9402718838,1.0,
52.3005218595,76.9497848585,4.0,
52.3005256465,76.9253136014,2.0,
52.300531856,76.9527610175,4.0,
52.3005390082,77.0016787421,2.0,
52.3006301362,76.9264262587,8.0,
52.3006402271,76.9343315365,2.0,
52.3006464139,77.020380554,4.0,
52.3006574368,76.9218138049,4.0,
52.3006771296,77.0188247222,2.0,
52.3006846011,77.024537307,4.0,
52.3007087075,76.9394455548,2.0,
52.3007290383,76.929953096,8.0,
52.3008272276,76.9319693482,2.0,
52.3008382263,77.0147718431,2.0,
52.3009064734,76.9239650531,2.0,
52.3009086528,77.0036730324,8.0,
52.3009482804,76.9277396995,2.0,
52.3009566982,77.0028019816,2.0,
52.3009620793,77.0098697978,1.0,
52.3009913031,76.9191145348,2.0,
52.3011483605,76.9517867375,1.0,
52.3011654204,77.004378202,1.0,
52.3012187774,77.0115593518,4.0,
52.3012852602,77.0151315261,4.0,
52.3013502778,76.9204587732,2.0,
52.3016034544,77.0100540993,4.0,
52.301632835,77.0172846677,2.0,
52.3016966449,77.008565521,2.0,
52.3017398998,76.9339028409,1.0,
52.3017529098,77.0059935958,1.0,
52.3017571647,76.9278296635,1.0,
52.3018442601,76.9179681485,4.0,
52.3019153929,76.9200082257,1.0,
52.3019528516,77.0189833171,2.0,
52.3019639511,76.9224200194,2.0,
52.3019815805,77.0208250597,1.0,
52.3020743704,76.9237509356,2.0,
52.3020941789,76.9267993706,2.0,
52.3021555578,77.0121502889,1.0,
52.3021778906,76.9255784357,2.0,
52.3021874361,77.0059843763,4.0,
52.3022459326,77.0135523174,2.0,
52.3023090226,77.0073243581,2.0,
52.3023377992,77.0239465564,1.0,
52.3025227512,77.0088306097,4.0,
52.3026297749,76.9232876496,1.0,
52.3027204104,76.9245444537,1.0,
52.3028518297,77.0148791482,2.0,
52.3030755501,77.0097255642,1.0,
52.303489341,77.0220212609,1.0,
52.3035192071,77.0214681782,2.0,
52.3036280979,77.0195643778,2.0,
52.3036980261,77.015141548,4.0,
52.3037223484,77.0123770734,2.0,
52.3040748221,77.0179311185,2.0,
52.3042625695,76.9333929452,2.0,
52.30481911,77.0194050145,2.0,
52.3048278411,76.9141467544,1.0,
52.3048564194,76.9105649777,2.0,
52.3057185375,76.9120128918,4.0,
52.3058066715,77.016542487,1.0,
52.3058907659,77.0181846699,1.0,
52.3060198898,77.0169512226,4.0,
52.3063030394,76.9139279302,2.0,
52.3064862371,76.9051613763,2.0,
52.3066501024,76.9094161857,1.0,
52.30679243,76.9147912205,4.0,
52.3069076657,77.0175420576,1.0,
52.3076159556,76.9202003246,2.0,
52.3077689348,76.9107573792,1.0,
52.3078925883,76.909391109,2.0,
52.3079462231,76.9069975864,4.0,
52.3085803458,76.9141281952,1.0,
52.3085920855,76.9227041545,1.0,
52.3091081485,76.9107186531,2.0,
52.3091504568,76.9090413906,1.0,
52.3099253317,76.9119125992,4.0,
52.3105988368,76.9149238841,1.0,
52.3113764813,76.9166703561,1.0,
52.3113868594,76.9126698797,2.0,
52.3122038791,76.9047022263,1.0,
52.3122966853,76.9138649646,1.0,
52.3131671995,76.9094716758,2.0,
52.3133957665,76.904625199,1.0,
52.3136619238,76.9073639671,1.0,
52.3138336071,76.9094976124,1.0,
52.3150003299,76.9099716273,1.0,
52.3158942539,76.9021084956,1.0,
52.3163449008,76.8983296413,2.0,
52.3168016927,76.9107405918,1.0,
52.3194091894,76.9097848896,2.0,
52.3202410392,76.9087782517,1.0,
52.3221077664,76.9054355696,1.0,
52.3224707917,77.0741191618,1.0,
52.3229061141,76.9033460288,1.0,
52.3230080045,76.948735542,2.0,
52.3232368663,76.8960227666,1.0,
52.3236782419,76.9023459152,2.0,
52.3236804282,76.92401267,1.0,
52.3238781365,76.8976035779,1.0,
52.3252309759,76.8993809581,1.0,
52.3310516951,76.9256104159,1.0,
52.36516368,76.9420104292,1.0,
52.3867696947,76.8562591583,1.0,
52.4002134611,76.856926396,1.0,
52.4036852827,76.8563066803,1.0,
52.2689837178,76.9816228207,4.0,
52.294685485,76.9579157243,4.0,
52.0382386461,76.9247297609,4.0,
52.294254895,76.9909936526,4.0,
52.2503273078,76.9849654485,8.0,
52.2636372725,76.945930617,4.0,
52.2976598956,76.9586606461,4.0,
52.2958432092,77.0186719283,4.0,
52.278835253,76.9412299589,8.0,
52.2982441206,76.9549545466,8.0,
52.2918557951,76.9936446174,8.0,
52.2999250155,76.9468146269,8.0,
52.2533324706,76.9646594658,8.0,
52.2880717407,76.9715546852,8.0,
52.2915713268,76.9639746174,4.0,
52.2915344865,76.9412133667,4.0,
51.7162823527,75.3196856449,4.0,
52.267080339,76.9628269094,4.0,
52.2645430191,76.9578371515,8.0,
52.2967282692,76.969405082,8.0,
52.0484601218,76.9263703058,2.0,
52.2781053508,76.9462177204,2.0,
51.738511165,75.3243613781,4.0,
52.2913190528,77.0116237409,4.0,
52.2621999676,76.9502594801,2.0,
52.2682265779,76.977434396,8.0,
52.2494220655,76.974207784,4.0,
52.2735399605,76.9829306069,4.0,
52.2875832068,77.0029196334,8.0,
52.2895995965,77.0098386451,4.0,
52.2734644765,76.9465488507,4.0,
52.2957661442,76.9488856524,4.0,
52.2957744304,76.9413884501,4.0,
52.2806797732,76.9769623267,2.0,
52.2618398449,76.9887400672,4.0,
52.2444704992,76.9818240862,2.0,
52.2773532038,76.9440713773,2.0,
52.2827136927,76.9523154736,4.0,
52.2695377949,76.9430081284,8.0,
51.7071035975,75.3483620509,2.0,
52.2917947828,76.9761772474,4.0,
52.2582952312,76.968922022,4.0,
52.2617990634,76.9474473631,2.0,
52.2489177384,76.9923301807,4.0,
52.297586533,77.0166484467,8.0,
51.7206535993,75.3322686674,2.0,
52.2955039915,76.9435551892,8.0,
52.2846056692,76.9541547159,2.0,
52.2625273179,76.9924558753,2.0,
52.2900112677,76.9816115424,2.0,
52.0418796773,76.9378332566,2.0,
51.7257245177,75.3258718752,4.0,
52.2757904276,76.9617619605,2.0,
52.3004694441,76.9372409503,2.0,
52.2677690527,76.9710355949,4.0,
52.2552774267,76.9627636589,4.0,
52.2630539972,76.7928137565,2.0,
52.2715811653,76.9716483115,4.0,
52.2994756583,77.0083359997,4.0,
51.7245396696,75.3090796538,2.0,
52.2794494631,76.9563090051,2.0,
52.2621768546,76.9551143207,4.0,
52.0436752088,76.9330818394,4.0,
52.2911374894,76.9915598922,4.0,
52.2989811945,76.9918266729,8.0,
52.0453298334,76.9371914558,4.0,
52.2918529497,77.0145270137,4.0,
51.7141506674,75.3350892885,4.0,
52.2946538137,77.0160075449,8.0,
51.7206333743,75.2949209431,2.0,
52.2836972578,76.9420275923,8.0,
52.2752111904,76.9702927085,4.0,
52.2535400861,76.978626679,2.0,
52.2932864177,76.9504545584,8.0,
52.267481514,76.9497806665,4.0,
51.7167458821,75.3284372808,2.0,
52.2962936117,76.9598438549,8.0,
51.7222946629,75.2866279648,2.0,
51.7126298582,75.3243346363,4.0,
52.3026344595,77.022450695,4.0,
51.7071750281,75.3095815813,2.0,
52.2590206952,76.9712558031,4.0,
52.2876334895,76.9766596191,4.0,
52.2959993583,76.9544257355,8.0,
52.2985229578,76.9964604603,8.0,
52.2984909158,77.0134755391,2.0,
52.2960624087,76.9473276378,8.0,
52.2851329613,76.9420439489,2.0,
52.2609956136,76.9822252719,2.0,
52.2816689669,76.9569384876,4.0,
52.0390675773,76.9323851369,2.0,
52.2847972054,76.9639731771,4.0,
52.2652210695,76.9829479686,2.0,
52.3003831372,76.9357236021,8.0,
52.2876831535,76.9608456221,2.0,
52.2695949092,76.9633685843,4.0,
52.0361623069,76.9308045387,4.0,
52.2528441465,76.9478850759,4.0,
51.7240997233,75.3402985359,2.0,
52.2879870439,77.0056813353,4.0,
