46.0314060884,73.6902887781,1.0,
54.8327310991,69.1027487475,1.0,
54.8360495394,69.0749660243,1.0,
54.8376671192,69.1479576385,1.0,
54.8379805769,69.1499081867,1.0,
54.8379863119,69.1517661796,1.0,
54.8387912109,69.151328014,1.0,
54.8388126875,69.1447316389,1.0,
54.8388475981,69.1493352187,1.0,
54.8395937658,69.1548814967,1.0,
54.8400565051,69.1531139221,2.0,
54.8401536881,69.1610337606,1.0,
54.8404452254,69.1507269055,2.0,
54.8410896558,69.1586052615,2.0,
54.8412179249,69.1563192005,1.0,
54.8413460906,69.1496485515,1.0,
54.8415755176,69.151801675,2.0,
54.8416474585,69.1648890534,2.0,
54.841690951,69.1643489922,1.0,
54.8418716249,69.1599116644,2.0,
54.8419696027,69.1536289258,1.0,
54.8424053425,69.1677552924,1.0,
54.8424600063,69.1619763377,1.0,
54.8424656639,69.1551194575,2.0,
54.8424682407,69.1907075374,2.0,
54.8425889984,69.1830062453,1.0,
54.8426652626,69.1845591869,1.0,
54.8426715175,69.1924388736,1.0,
54.8428154986,69.1964704231,1.0,
54.8428951029,69.156228592,1.0,
54.8430659055,69.1805438052,1.0,
54.8431421171,69.1866022902,2.0,
54.8431840262,69.1792338607,2.0,
54.8432265103,69.2040568621,1.0,
54.8433074444,69.190055782,1.0,
54.843370696,69.199501235,2.0,
54.8433776441,69.1853475003,2.0,
54.843402502,69.1791056012,1.0,
54.8434634938,69.1589758445,1.0,
54.8435098484,69.1929823899,1.0,
54.8435129206,69.1960341403,1.0,
54.843544142,69.191229882,2.0,
54.8436583028,69.1651707053,1.0,
54.8436947659,69.1917407338,1.0,
54.8437770793,69.1563117726,1.0,
54.8438069339,69.1946688547,1.0,
54.8438636518,69.2243032325,1.0,
54.843881118,69.1623614252,1.0,
54.8439162447,69.2006391876,1.0,
54.8439196447,69.1797792361,1.0,
54.8440691821,69.189980212,2.0,
54.8441937749,69.1827497491,2.0,
54.8442114184,69.1946162981,2.0,
54.8443136692,69.1975329844,1.0,
54.844337431,69.1916659183,2.0,
54.8443436637,69.1575807822,2.0,
54.8444099048,69.1600477951,1.0,
54.844442814,69.1666843924,2.0,
54.8445559169,69.1742991983,2.0,
54.8445693955,69.1986635474,1.0,
54.8445835621,69.1753701697,1.0,
54.8445858562,69.1617348796,1.0,
54.8445916927,69.2031178435,1.0,
54.8447077355,69.1549642349,1.0,
54.8447511438,69.1735113153,2.0,
54.8448119987,69.1814298302,1.0,
54.8449004704,69.1916315768,1.0,
54.8449676175,69.2038901122,2.0,
54.8449733263,69.1690522098,1.0,
54.8450068693,69.1541797476,1.0,
54.8450918278,69.1927704486,4.0,
54.8451098369,69.1643860694,1.0,
54.8451522391,69.1727956108,1.0,
54.8453039533,69.1631940902,1.0,
54.8453210643,69.1608471196,1.0,
54.8454213433,69.18627929,1.0,
54.8454226487,69.2036426724,1.0,
54.8454672683,69.1658825233,2.0,
54.8456099228,69.168283576,1.0,
54.8456236297,69.1794237381,2.0,
54.8456296633,69.1516494895,1.0,
54.8456619471,69.171030796,2.0,
54.8456750831,69.1944316393,4.0,
54.8457364223,69.1978379457,1.0,
54.8458019228,69.1735487522,1.0,
54.8458445688,69.2029052927,1.0,
54.8458931797,69.1545248718,2.0,
54.8459935277,69.1984154895,2.0,
54.8460272534,69.1829659673,1.0,
54.8461919285,69.1843008589,1.0,
54.8461954688,69.1765238706,1.0,
54.8462040312,69.1559888559,1.0,
54.846247635,69.1592364998,2.0,
54.8462855493,69.1638888878,1.0,
54.8462926874,69.1554182169,2.0,
54.8463514268,69.1614147341,2.0,
54.8464118912,69.1627429599,2.0,
54.8464538393,69.1658524646,4.0,
54.8465266527,69.1792918786,2.0,
54.8465278895,69.1590190381,1.0,
54.8466445594,69.2015036537,1.0,
54.846656994,69.154739146,1.0,
54.8468673734,69.1720983717,1.0,
54.846893402,69.177874234,2.0,
54.846909242,69.1585696859,2.0,
54.8469232008,69.1576216272,4.0,
54.847066751,69.1737258819,1.0,
54.8470749153,69.1517133616,2.0,
54.8471009583,69.1664031717,2.0,
54.8471137993,69.1792086202,1.0,
54.8471241891,69.1531451364,2.0,
54.8471958154,69.1509989367,1.0,
54.8472631954,69.1602481283,1.0,
54.8472705387,69.1695471883,1.0,
54.8473462862,69.1568881459,2.0,
54.8474083654,69.1975334266,1.0,
54.8474347828,69.1768409099,2.0,
54.8474990845,69.1748042019,2.0,
54.847533704,69.1949923675,1.0,
54.8475384671,69.1612661124,1.0,
54.8476150475,69.1659069065,1.0,
54.8476268697,69.1498721462,1.0,
54.8476308661,69.1706507242,4.0,
54.8476598956,69.1995356321,1.0,
54.8478258786,69.1882072825,1.0,
54.8478770303,69.1757757787,1.0,
54.847887056,69.164118744,2.0,
54.847899905,69.1896935786,1.0,
54.8479104392,69.1740919461,1.0,
54.8479306528,69.1550703132,2.0,
54.8479363352,69.1724056195,2.0,
54.8479595726,69.1907362354,1.0,
54.847982795,69.1011678164,1.0,
54.8480311783,69.18281839,2.0,
54.8482036943,69.1558684585,1.0,
54.8482136603,69.1674048532,1.0,
54.8482245982,69.1970106457,1.0,
54.8482343031,69.1980795,1.0,
54.8482600209,69.1908718857,2.0,
54.848304327,69.1850520217,2.0,
54.8483149203,69.205305557,1.0,
54.8483515414,69.1964062931,2.0,
54.8484077477,69.1710340204,1.0,
54.8484543358,69.1666111831,2.0,
54.8484757625,69.1535998622,4.0,
54.8484858521,69.1993713926,2.0,
54.8485897074,69.1564883943,2.0,
54.8487830853,69.1770622749,2.0,
54.8489517909,69.1574867202,2.0,
54.8490581534,69.188069589,2.0,
54.8491318874,69.1648004949,2.0,
54.8491411583,69.1897562621,1.0,
54.8491440724,69.166104514,1.0,
54.8491717985,69.1583667275,1.0,
54.8492102315,69.1965763165,4.0,
54.8492375881,69.1787098652,2.0,
54.8493062555,69.1549316969,2.0,
54.8493544242,69.1238135884,2.0,
54.8493713644,69.1521984883,4.0,
54.8493783719,69.1618203867,2.0,
54.8494071789,69.1887712655,1.0,
54.8494417634,69.1508291524,1.0,
54.8495263237,69.1736234924,1.0,
54.8495770576,69.1633728097,2.0,
54.8496751094,69.1868195811,1.0,
54.8497070692,69.1219952836,1.0,
54.8497190146,69.1953825984,1.0,
54.8497587159,69.1564145823,2.0,
54.8497707925,69.1608888394,2.0,
54.8497968674,69.1806325763,2.0,
54.8498088305,69.1603212834,1.0,
54.849861035,69.181941849,1.0,
54.8498739418,69.1481798107,1.0,
54.849885055,69.1867870751,2.0,
54.8499008619,69.1789023239,1.0,
54.8499540861,69.1704643059,1.0,
54.8499640673,69.1578996524,1.0,
54.8501348304,69.115317465,1.0,
54.8501655328,69.1671028013,1.0,
54.8501778533,69.1754310339,1.0,
54.8502087307,69.1977944003,1.0,
54.8502432737,69.1718080972,4.0,
54.8502663266,69.110424931,1.0,
54.8502680152,69.1718510659,2.0,
54.850276535,69.2006807161,1.0,
54.8502794304,69.1989207807,1.0,
54.8504337478,69.1765854027,1.0,
54.8504752511,69.1486068579,2.0,
54.8505663273,69.1632089877,1.0,
54.8505823195,69.1614917299,1.0,
54.8506119092,69.1058312844,1.0,
54.8506181757,69.1142384554,2.0,
54.8506305057,69.1872413252,2.0,
54.8506826031,69.1941256854,1.0,
54.8508170459,69.151061288,2.0,
54.8508189113,69.1522557682,2.0,
54.8508620541,69.1703591028,1.0,
54.8508963868,69.1131299763,2.0,
54.8509081259,69.1068828325,2.0,
54.8509574969,69.2011753702,1.0,
54.8509902813,69.1952065136,1.0,
54.8510463196,69.1080445318,1.0,
54.8511492841,69.1501905574,1.0,
54.8511894136,69.1739894849,1.0,
54.8512475114,69.1588932343,2.0,
54.8513385512,69.1164021849,2.0,
54.8513521095,69.1961381118,2.0,
54.8513746858,69.1781563829,1.0,
54.8513797535,69.1561121359,1.0,
54.8514089434,69.1791152267,1.0,
54.8514115275,69.1619490388,1.0,
54.8514311609,69.1141350097,1.0,
54.8514314215,69.1842390534,1.0,
54.8514315915,69.1086815751,2.0,
54.851456899,69.1154278248,1.0,
54.8515642941,69.1757666784,1.0,
54.851567414,69.1891596884,4.0,
54.8516251352,69.1947921608,2.0,
54.8516355543,69.1011269379,1.0,
54.8516501078,69.1021122884,2.0,
54.8516597626,69.1095443193,4.0,
54.8516923498,69.1470307874,1.0,
54.8517046803,69.1350348452,2.0,
54.8518551987,69.1601664229,2.0,
54.8518895671,69.1458129599,1.0,
54.851891805,69.1911726162,2.0,
54.8518999184,69.1713289556,1.0,
54.8519210272,69.1538775896,1.0,
54.8519408967,69.1002017305,1.0,
54.8519460046,69.1124651996,1.0,
54.8519485074,69.1820124931,2.0,
54.8519488009,69.1921479239,2.0,
54.8519685816,69.1875702948,1.0,
54.8519884876,69.1730268812,1.0,
54.852043051,69.149797439,1.0,
54.8520561413,69.1935389364,1.0,
54.8520859132,69.1065766807,1.0,
54.8520946864,69.102285045,1.0,
54.8521128837,69.1708057452,2.0,
54.8522101124,69.1473134355,2.0,
54.8522342939,69.1793852454,2.0,
54.852265966,69.1153183134,2.0,
54.8522846062,69.1520232463,1.0,
54.8523312506,69.1690474454,2.0,
54.8523476175,69.1782480759,2.0,
54.8523582608,69.181940818,1.0,
54.8523606293,69.1171897102,4.0,
54.8523739123,69.1575356989,1.0,
54.85243914,69.1722261758,1.0,
54.8524397458,69.1584544671,1.0,
54.8524420011,69.1655310049,1.0,
54.8524728632,69.1751320282,1.0,
54.8525369138,69.1261794675,1.0,
54.8525613192,69.101092305,1.0,
54.8525828785,69.1760359583,1.0,
54.8526079249,69.1551100973,2.0,
54.8526629043,69.1703963456,1.0,
54.8526723104,69.1608811362,1.0,
54.8527067888,69.1672385171,2.0,
54.8527102521,69.1247080072,1.0,
54.8527151974,69.125460584,2.0,
54.8527192249,69.1866899616,1.0,
54.8527253116,69.1920396641,1.0,
54.8527403035,69.1934449971,4.0,
54.8527436465,69.1534315076,1.0,
54.8527884647,69.1512128215,2.0,
54.8528823273,69.1513028749,1.0,
54.8529002732,69.1102211113,2.0,
54.852930178,69.1494759506,1.0,
54.8529333408,69.1679536829,1.0,
54.8529379281,69.1142083421,1.0,
54.8529424862,69.2008433368,1.0,
54.8529571107,69.1821183709,4.0,
54.8529799515,69.1658021917,2.0,
54.8529985162,69.1122609361,4.0,
54.8530080318,69.1362103827,1.0,
54.8530475631,69.1874705813,2.0,
54.8530532869,69.1730134467,1.0,
54.8531179193,69.1803106151,1.0,
54.8531242009,69.1152790601,1.0,
54.8531350821,69.152268964,2.0,
54.8531779482,69.1885072521,1.0,
54.8531792423,69.1665646253,1.0,
54.8531991507,69.182346814,1.0,
54.8532153998,69.123188935,1.0,
54.8532204661,69.1692129077,4.0,
54.8532341535,69.1079408943,1.0,
54.8532404533,69.1767217972,1.0,
54.85325281,69.1047102423,1.0,
54.8532701182,69.1903233442,1.0,
54.8532880764,69.1218733472,4.0,
54.853289655,69.1835046068,2.0,
54.8533194663,69.1028322186,1.0,
54.8533203655,69.1714205262,2.0,
54.8533307742,69.1844501606,1.0,
54.8533745343,69.1627724696,2.0,
54.8533904418,69.1473484823,1.0,
54.853415673,69.1336241283,2.0,
54.8534292217,69.1737985306,1.0,
54.8534799737,69.154840863,1.0,
54.8534921558,69.2144235884,1.0,
54.8534934965,69.152824014,1.0,
54.8535102185,69.1914392866,4.0,
54.8535461374,69.0889078412,1.0,
54.8535462926,69.1485840731,1.0,
54.8535512575,69.18607075,2.0,
54.8535826844,69.1876672182,1.0,
54.8536181596,69.1562705494,2.0,
54.8536658159,69.1703250685,2.0,
54.8537168844,69.1135920162,2.0,
54.8537280737,69.177585472,2.0,
54.8537313253,69.1724518488,1.0,
54.8537375933,69.1600403053,4.0,
54.8537595739,69.1607936698,1.0,
54.8537618381,69.1371630646,1.0,
54.853774435,69.1095597716,1.0,
54.8538051087,69.1623293512,4.0,
54.8538267065,69.1901840923,2.0,
54.8538343199,69.1499047885,2.0,
54.853892056,69.1372413872,2.0,
54.853894143,69.1143135345,1.0,
54.854010554,69.1688356297,1.0,
54.8540186772,69.1219308245,1.0,
54.8540645603,69.1047464848,1.0,
54.8540714311,69.1107895167,2.0,
54.8540719777,69.1766079873,1.0,
54.854086312,69.1479842453,1.0,
54.8541519312,69.1066505163,1.0,
54.8542092483,69.151872476,2.0,
54.8542223318,69.1753253924,2.0,
54.8542241698,69.1682566386,4.0,
54.8542491811,69.1081402846,1.0,
54.8542781173,69.179939107,2.0,
54.854462409,69.1075163031,2.0,
54.8544862338,69.169018325,2.0,
54.8545193325,69.1673544252,2.0,
54.854556223,69.1706724965,2.0,
54.8545834229,69.1697205747,1.0,
54.8545915739,69.1715262668,2.0,
54.8546604915,69.1731044761,2.0,
54.8546667928,69.1176285444,1.0,
54.8546911325,69.1209675516,1.0,
54.8546984734,69.1739000271,1.0,
54.854736955,69.1748071788,1.0,
54.8547784147,69.1190977835,1.0,
54.8548111137,69.115244396,2.0,
54.85483032,69.1822851489,1.0,
54.8548314198,69.1122580857,2.0,
54.8548342987,69.1780259403,2.0,
54.8548452089,69.2069767079,2.0,
54.8548668662,69.1191788279,2.0,
54.8548769901,69.1780864095,1.0,
54.8549510586,69.2188772727,1.0,
54.8549829711,69.2102578755,1.0,
54.8549974412,69.110879375,1.0,
54.8550454096,69.1856418062,1.0,
54.8551030529,69.1796340027,1.0,
54.8551372621,69.1077263983,1.0,
54.8553024481,69.18064263,1.0,
54.8553412452,69.1131802934,1.0,
54.8553470806,69.1339440639,1.0,
54.8553637819,69.1056891224,1.0,
54.8554030995,69.1836084217,1.0,
54.8555275059,69.1353057609,1.0,
54.8555383421,69.2029030811,2.0,
54.8555880575,69.1153670622,1.0,
54.8556521683,69.1333805316,2.0,
54.8556842785,69.1115145322,1.0,
54.8557351313,69.1160120617,2.0,
54.8558093954,69.1142296363,4.0,
54.8558145519,69.1065458645,1.0,
54.85583896,69.1099032783,2.0,
54.855847359,69.1212379451,2.0,
54.8560859786,69.109118029,2.0,
54.8561621871,69.1208507084,1.0,
54.8562348593,69.214687359,1.0,
54.8562375461,69.1558795115,1.0,
54.856254852,69.131933503,1.0,
54.856266547,69.1135255794,1.0,
54.8563568736,69.1173436239,1.0,
54.8563599523,69.1192114828,1.0,
54.8563683357,69.2134927274,1.0,
54.8563954722,69.1101457083,1.0,
54.8565181621,69.1189641033,4.0,
54.8565400583,69.1310878925,1.0,
54.8567257468,69.1296805129,1.0,
54.8567911353,69.1141724188,1.0,
54.8568573885,69.1334428064,2.0,
54.8568575142,69.1118205812,4.0,
54.8569318797,69.1161436369,1.0,
54.8569978025,69.1721503691,4.0,
54.8570209453,69.1219053267,2.0,
54.8571120869,69.1126711978,1.0,
54.8571858925,69.1466194456,1.0,
54.8572295061,69.132351667,1.0,
54.85724223,69.1171486981,4.0,
54.8572799237,69.1693580372,1.0,
54.8572921122,69.1198380283,2.0,
54.8573088344,69.131504902,1.0,
54.8573420078,69.1112207308,2.0,
54.8573534892,69.1652255633,1.0,
54.8573603202,69.1287736905,2.0,
54.857382368,69.1659589876,2.0,
54.857448255,69.1097608526,1.0,
54.8574517611,69.130540651,1.0,
54.8575047843,69.1673211642,2.0,
54.8575074434,69.1213152418,4.0,
54.8575081164,69.1133899858,2.0,
54.857510963,69.118474944,2.0,
54.8575818154,69.1283435429,1.0,
54.857608858,69.1646108405,2.0,
54.8576185572,69.1089258383,2.0,
54.8577011989,69.1169099512,1.0,
54.8578356552,69.1160008115,1.0,
54.8578574996,69.1678478321,4.0,
54.8578906215,69.1475551099,4.0,
54.8579956517,69.1666075535,2.0,
54.8580088645,69.1720271802,2.0,
54.858033623,69.1700962206,2.0,
54.8580423089,69.1329608232,1.0,
54.8580436585,69.1742541338,1.0,
54.8580805178,69.155325819,1.0,
54.8581177032,69.179465875,1.0,
54.8581186822,69.1494402767,2.0,
54.8581330407,69.114416612,4.0,
54.8581537728,69.1690533959,2.0,
54.8581677078,69.1761638973,1.0,
54.8581790358,69.1749944027,2.0,
54.858197012,69.1690347455,1.0,
54.8582090751,69.1341716372,2.0,
54.8582472106,69.1458262789,2.0,
54.858250768,69.1494963582,4.0,
54.8582949046,69.1711407374,2.0,
54.8583184411,69.1096404621,1.0,
54.8583229422,69.1151670298,1.0,
54.8583666033,69.1639545294,2.0,
54.8584238799,69.1656758515,1.0,
54.8584765021,69.1183862928,1.0,
54.8585119441,69.1275279872,2.0,
54.8585143691,69.146074192,1.0,
54.8585396803,69.1503531693,4.0,
54.8585398943,69.1669711478,4.0,
54.8586018961,69.1613261027,2.0,
54.8586060309,69.1223918838,1.0,
54.8586083952,69.1564812212,2.0,
54.8586090908,69.1699711474,1.0,
54.8586317903,69.1576850654,2.0,
54.8587375334,69.1277856056,4.0,
54.8587778917,69.1317433521,2.0,
54.8587969685,69.124376291,2.0,
54.8588026963,69.1196774059,1.0,
54.8588365151,69.1137508903,1.0,
54.8588941562,69.16639515,1.0,
54.8588956313,69.1168265613,1.0,
54.8588989418,69.1790483583,1.0,
54.8588998407,69.1306457581,1.0,
54.8589060748,69.1771692012,1.0,
54.8589811926,69.129597685,2.0,
54.8589966877,69.1812621896,1.0,
54.859017913,69.1143261257,2.0,
54.859024618,69.1629079259,4.0,
54.8590417268,69.1484283968,1.0,
54.8590804762,69.1470228054,2.0,
54.8591154677,69.1161840184,2.0,
54.8591197603,69.1525866146,2.0,
54.8591550906,69.1273417209,1.0,
54.8591708453,69.1599223039,2.0,
54.8591849719,69.1505322128,2.0,
54.8592005645,69.1128881602,2.0,
54.8592488028,69.1223170209,2.0,
54.8592678629,69.1618854543,2.0,
54.8593426375,69.1640485286,1.0,
54.8594032036,69.1680655193,1.0,
54.8594452417,69.1562969178,1.0,
54.859454918,69.1691957892,1.0,
54.8594634203,69.1704753241,2.0,
54.8594685344,69.1459795749,1.0,
54.8594859539,69.1655696768,2.0,
54.8594901446,69.1718890772,1.0,
54.8594906809,69.1203423545,2.0,
54.8594981342,69.1441772319,2.0,
54.8595264347,69.1692569928,2.0,
54.859567738,69.165582085,1.0,
54.8595762233,69.1201712474,1.0,
54.8595772039,69.1572638628,2.0,
54.8595777957,69.1744938778,2.0,
54.8595912812,69.1254845719,1.0,
54.8595913071,69.1334263962,2.0,
54.8595983419,69.1628871546,1.0,
54.8596508524,69.1168136016,2.0,
54.8596519769,69.1793790333,1.0,
54.8597609857,69.147854414,2.0,
54.8598288051,69.1337614123,1.0,
54.8598337821,69.1756184113,2.0,
54.8598858619,69.1831733516,1.0,
54.8599305863,69.1992331114,1.0,
54.8599882074,69.1122430174,1.0,
54.8600031977,69.1249750512,2.0,
54.8600037313,69.1892195004,2.0,
54.8600131675,69.184423466,2.0,
54.8600271135,69.1450786412,1.0,
54.8600413656,69.1812934158,1.0,
54.8600458619,69.1177891302,1.0,
54.8600508459,69.1899094024,1.0,
54.8600562553,69.1237558188,2.0,
54.8600748646,69.1541912304,1.0,
54.8600762088,69.1670143562,2.0,
54.8600785988,69.1910083658,1.0,
54.860086823,69.1465700709,1.0,
54.8600905196,69.1518455851,2.0,
54.8600906055,69.1969528837,2.0,
54.8601213547,69.1556731747,2.0,
54.8601523689,69.1639720212,4.0,
54.8601584801,69.1306885097,2.0,
54.8601618595,69.1578589094,2.0,
54.8601783694,69.1874026085,2.0,
54.8602543334,69.1708699247,2.0,
54.8602612006,69.1270434482,1.0,
54.8602958361,69.1316733028,1.0,
54.8603252022,69.1733246169,2.0,
54.8603539874,69.1616896002,2.0,
54.8603638462,69.1461268722,2.0,
54.86042598,69.1257789534,1.0,
54.8604915491,69.1159742005,2.0,
54.8605070354,69.144396638,1.0,
54.8605208931,69.1791432111,1.0,
54.8605343336,69.1653568042,1.0,
54.8605845124,69.1666585741,1.0,
54.8606244171,69.1748802523,4.0,
54.8606266878,69.1681262324,2.0,
54.8606422949,69.1548683012,1.0,
54.8606427268,69.168063512,1.0,
54.8606719591,69.1985704614,1.0,
54.8606763117,69.1697617381,1.0,
54.8606789553,69.1571294808,1.0,
54.860682744,69.1497913343,2.0,
54.8606857642,69.142848273,2.0,
54.8607164434,69.1458598414,1.0,
54.8607288289,69.2001873533,1.0,
54.8607316379,69.1774844144,1.0,
54.8607396135,69.1518125481,4.0,
54.8607622949,69.2021892511,2.0,
54.8608082342,69.1955764119,1.0,
54.86081646,69.1107024882,1.0,
54.8608170823,69.1213090358,1.0,
54.8608238615,69.1123543898,1.0,
54.8608307237,69.1472200705,2.0,
54.8609046701,69.1588452651,2.0,
54.8609415419,69.1245314164,1.0,
54.8609536897,69.127640487,2.0,
54.8609616461,69.1523451621,2.0,
54.8609622587,69.1646664241,2.0,
54.8609830775,69.1634790469,1.0,
54.8610056917,69.1673000872,2.0,
54.8610549923,69.1330461828,1.0,
54.8610997663,69.1724651581,2.0,
54.8611056644,69.1724991774,4.0,
54.8611068705,69.1947348136,2.0,
54.861120714,69.1301034578,2.0,
54.861157825,69.1153399863,2.0,
54.8611937135,69.1555517402,1.0,
54.861197482,69.1704996599,2.0,
54.8612035692,69.1781072041,2.0,
54.8612077636,69.1752166134,1.0,
54.861220091,69.1287256296,1.0,
54.8612239476,69.2034248931,1.0,
54.8612300058,69.1902971737,1.0,
54.8612793655,69.1610067278,2.0,
54.8613000845,69.1547015605,2.0,
54.8613012239,69.1595611604,2.0,
54.8613051501,69.1883204778,2.0,
54.8613077539,69.1923058799,4.0,
54.8613197468,69.1487220582,1.0,
54.8613265715,69.1664989964,4.0,
54.8613422612,69.1850253669,1.0,
54.8613438119,69.205916283,1.0,
54.861361896,69.1839848726,4.0,
54.8613898626,69.1223402537,1.0,
54.8614033311,69.1874798063,2.0,
54.8614264586,69.1413380883,1.0,
54.8614438028,69.1535315728,1.0,
54.8614464551,69.2049332774,2.0,
54.861465718,69.1350860343,1.0,
54.8615216143,69.1456530479,2.0,
54.8615605924,69.1605114586,1.0,
54.8615735457,69.1762287,1.0,
54.8616031402,69.1689081651,1.0,
54.8616289259,69.1996194042,2.0,
54.8616410396,69.1265867041,4.0,
54.8616859011,69.1309738734,1.0,
54.8616968074,69.1571467193,1.0,
54.8617104485,69.1734106294,2.0,
54.86172445,69.1232388775,4.0,
54.8617266036,69.1236640956,1.0,
54.8617632814,69.1491258484,2.0,
54.8617731757,69.147801356,2.0,
54.8618028497,69.202825561,1.0,
54.8618512472,69.1830681219,2.0,
54.8618978515,69.1296102243,1.0,
54.8619019986,69.1463512829,1.0,
54.8619088763,69.1325325201,1.0,
54.86191926,69.1164337668,1.0,
54.861937804,69.109943638,1.0,
54.8619383776,69.1681304068,2.0,
54.8619565189,69.1794106832,1.0,
54.8619944688,69.201081642,1.0,
54.8620048833,69.197860176,2.0,
54.8620595927,69.1430952967,2.0,
54.8620771034,69.1322029722,4.0,
54.8620829647,69.1914347545,2.0,
54.8620990309,69.1550134634,4.0,
54.8621662819,69.1964733035,1.0,
54.8621853227,69.1664657596,1.0,
54.8622152498,69.1113753786,2.0,
54.8622220484,69.1697370722,1.0,
54.862227422,69.1276719972,4.0,
54.8622378511,69.1178847387,1.0,
54.8622440154,69.1904297397,1.0,
54.8623156258,69.1634352251,2.0,
54.8623375052,69.126668279,2.0,
54.8623505468,69.1351230594,1.0,
54.8623565424,69.1568826872,2.0,
54.8623711441,69.1211788996,2.0,
54.8623732923,69.1157731326,2.0,
54.8624122414,69.1523555767,1.0,
54.8624235692,69.1173228224,2.0,
54.8624538373,69.1577886013,1.0,
54.8624632315,69.1941678886,1.0,
54.8624678958,69.1491667863,1.0,
54.8624931889,69.1479425296,1.0,
54.8625171405,69.2074359245,1.0,
54.8625236615,69.150419283,8.0,
54.8625438174,69.1709847832,2.0,
54.8625651578,69.1339455356,1.0,
54.8625751393,69.1803949385,2.0,
54.8625875823,69.1359433026,1.0,
54.8625963774,69.1513514672,2.0,
54.8626183778,69.181532437,1.0,
54.8626638841,69.1607854211,2.0,
54.8626754334,69.212816436,1.0,
54.8626994062,69.1673257076,1.0,
54.8627460688,69.1655413481,2.0,
54.8628019762,69.1293572137,1.0,
54.862805412,69.1613326175,1.0,
54.8628069588,69.160368169,1.0,
54.8628381375,69.1293745168,2.0,
54.8628756862,69.1333487128,2.0,
54.8628924281,69.112356255,1.0,
54.8629099934,69.1419343178,1.0,
54.8629421172,69.1835766951,1.0,
54.8629516391,69.1954735204,1.0,
54.862982683,69.117938724,2.0,
54.8630067346,69.1648938201,1.0,
54.8630123332,69.1447623606,1.0,
54.8630146551,69.1133122053,4.0,
54.8630227247,69.1680471184,2.0,
54.8630385425,69.1259172962,1.0,
54.8631301348,69.119140194,2.0,
54.8631651811,69.1627453453,1.0,
54.8631671951,69.2094669404,2.0,
54.863195736,69.132440068,2.0,
54.8632449974,69.2043537495,1.0,
54.8632634684,69.1915036325,1.0,
54.8632658362,69.1325525499,1.0,
54.8633023693,69.1925504221,1.0,
54.8633480698,69.1160835755,1.0,
54.8633586576,69.150880394,4.0,
54.8633615591,69.1490992255,2.0,
54.8633957917,69.1305228797,1.0,
54.8634262301,69.1344304108,2.0,
54.8634629239,69.1431465689,1.0,
54.8634944809,69.1167436075,2.0,
54.8634945489,69.1533202969,2.0,
54.8635473164,69.2072403297,2.0,
54.8635495098,69.1274114156,4.0,
54.8636187406,69.1132826202,1.0,
54.8636710703,69.1662710275,2.0,
54.8636735098,69.1602754827,1.0,
54.8636899759,69.1553634802,2.0,
54.863697986,69.1205749494,1.0,
54.8637374549,69.1635460618,1.0,
54.8637513448,69.1693147223,2.0,
54.8637515339,69.1120058263,1.0,
54.8637540722,69.1306097344,2.0,
54.8637659947,69.1655556788,4.0,
54.8638063658,69.1477803391,4.0,
54.8638275099,69.1501075133,8.0,
54.8638665344,69.1196308765,4.0,
54.8638703929,69.1972388164,2.0,
54.8638784872,69.140107013,2.0,
54.863963493,69.135292504,1.0,
54.8640077566,69.1572682952,2.0,
54.864012308,69.1335861641,1.0,
54.8640278011,69.2113147372,2.0,
54.8640612646,69.1440429109,4.0,
54.8640639707,69.1605822613,2.0,
54.8640674368,69.1952664083,2.0,
54.8640933179,69.1174527124,1.0,
54.8641015373,69.1405946158,1.0,
54.8641060706,69.1587921785,1.0,
54.8641069549,69.1367937938,2.0,
54.8641374792,69.2039590469,1.0,
54.8641456017,69.1594856486,2.0,
54.8642019281,69.1285216697,2.0,
54.8642125136,69.1525766397,4.0,
54.8642218268,69.2061014584,1.0,
54.8642391832,69.120655236,2.0,
54.8642574221,69.1497294784,1.0,
54.8642893985,69.2087033516,1.0,
54.864296097,69.1419278251,2.0,
54.864303671,69.1960652578,2.0,
54.8643586377,69.1341950771,2.0,
54.8643754616,69.2017718065,1.0,
54.864390525,69.1323360518,2.0,
54.8643991719,69.1948434471,1.0,
54.8644010964,69.1379781839,1.0,
54.8644190879,69.1649666617,2.0,
54.8644237235,69.1513012974,2.0,
54.8644361284,69.1223479524,4.0,
54.8644429447,69.1326810526,1.0,
54.8644444195,69.1678144584,1.0,
54.8644515761,69.1271191978,1.0,
54.8644634217,69.1678648506,2.0,
54.864488731,69.1395032328,2.0,
54.8645616093,69.1192165328,1.0,
54.8646837814,69.2140321591,1.0,
54.8646893757,69.1524221205,1.0,
54.8647521944,69.116218735,4.0,
54.8647839923,69.1555518166,2.0,
54.8648028279,69.2071584076,1.0,
54.8648227489,69.1345317176,4.0,
54.8648227498,69.1335506759,1.0,
54.8648409716,69.1460658994,1.0,
54.864857823,69.1479687883,2.0,
54.8649887574,69.1175678652,4.0,
54.8650828279,69.1526129852,2.0,
54.8651026852,69.141270556,4.0,
54.8651292378,69.1386493844,2.0,
54.865129486,69.2045639031,2.0,
54.8651372057,69.2092467798,2.0,
54.8651665491,69.1587496041,1.0,
54.8651757429,69.2115708687,1.0,
54.8651782563,69.1599463764,2.0,
54.8651979696,69.1221721909,2.0,
54.8652094267,69.1966893075,1.0,
54.8652130807,69.1260316757,2.0,
54.865222558,69.2062047097,2.0,
54.865234155,69.1238027531,1.0,
54.8652373479,69.1661364561,2.0,
54.8652463467,69.1662753156,1.0,
54.86528425,69.1186301674,1.0,
54.8652857658,69.1443338942,1.0,
54.8653375431,69.1190512327,2.0,
54.8653910053,69.1303812649,2.0,
54.8654209274,69.2027833862,1.0,
54.8654471247,69.2127092827,1.0,
54.8654680143,69.1477004888,4.0,
54.8654810732,69.1281965663,4.0,
54.8655394737,69.1501126818,4.0,
54.8655643314,69.1170885056,1.0,
54.865632071,69.2070261718,1.0,
54.865657333,69.143251875,8.0,
54.8657320227,69.1451204431,2.0,
54.8657323199,69.16537088,2.0,
54.8658303504,69.1488339934,4.0,
54.8658365973,69.1320156561,1.0,
54.8658733749,69.1494398442,1.0,
54.8658736529,69.1534109185,2.0,
54.8658782027,69.111926572,1.0,
54.8658811607,69.1575257882,1.0,
54.8658855031,69.1200029235,2.0,
54.8659599179,69.1590254016,4.0,
54.8659836466,69.1468499694,4.0,
54.8659841194,69.1626262639,2.0,
54.8660998468,69.1134471947,2.0,
54.8661050534,69.1425762378,1.0,
54.8661167497,69.2176885129,2.0,
54.8661376538,69.1360832471,1.0,
54.8661514175,69.1376261119,1.0,
54.8661522065,69.1592734961,1.0,
54.8661558685,69.200728408,1.0,
54.8661890425,69.1444058136,2.0,
54.8662018154,69.160907237,1.0,
54.8662257475,69.1268537828,2.0,
54.866235351,69.1299934834,2.0,
54.8662379753,69.1419261586,2.0,
54.8662678039,69.1805340078,1.0,
54.8663427281,69.1566043573,4.0,
54.8663583869,69.1326394328,2.0,
54.8664022992,69.1540927859,2.0,
54.8664152337,69.1389527881,2.0,
54.8664378161,69.1328278316,1.0,
54.8664495843,69.1287659697,2.0,
54.8664525748,69.120743497,4.0,
54.8664657331,69.1230054669,1.0,
54.8664902245,69.1358359501,2.0,
54.8665104114,69.1411727615,4.0,
54.8665155136,69.1169580706,2.0,
54.8665248086,69.1498016069,4.0,
54.8665515621,69.1434388881,1.0,
54.8665519028,69.2109671254,1.0,
54.866567331,69.1126255217,2.0,
54.8665970522,69.1178549693,1.0,
54.8666832793,69.1632605518,4.0,
54.8666833094,69.1394397603,1.0,
54.8667297066,69.1282339826,4.0,
54.8667384492,69.144982081,1.0,
54.8667387269,69.130995357,4.0,
54.8667568061,69.1459782699,2.0,
54.8667713483,69.1531801128,2.0,
54.8668473119,69.1208660459,2.0,
54.8668625147,69.1127451273,1.0,
54.8668626535,69.111467611,2.0,
54.8668683067,69.1562165609,1.0,
54.8668959535,69.1602683421,1.0,
54.8669083548,69.1366136298,2.0,
54.8669908465,69.15874119,1.0,
54.8670031795,69.1432665871,2.0,
54.8670118473,69.1400734352,4.0,
54.8670429113,69.1458868843,1.0,
54.8670645326,69.1179927464,2.0,
54.8670822008,69.1199271098,1.0,
54.8671160945,69.1377183113,4.0,
54.8671570017,69.1523609616,4.0,
54.8671671437,69.1561960037,4.0,
54.8671800391,69.1613028754,1.0,
54.867204336,69.1498529043,2.0,
54.8672632079,69.126175653,2.0,
54.8672745511,69.1551566209,2.0,
54.8672800671,69.1344191509,2.0,
54.867367567,69.1639646447,1.0,
54.8673757859,69.1283748832,2.0,
54.8673808101,69.1488485614,1.0,
54.8673813867,69.2086152599,1.0,
54.8674047144,69.1271058341,4.0,
54.8674362504,69.1223717292,1.0,
54.8674478578,69.1422452191,2.0,
54.867460312,69.1358372682,2.0,
54.8674768483,69.135916362,1.0,
54.8674917888,69.1440670925,4.0,
54.8675388934,69.2024130509,1.0,
54.8675398352,69.1451514136,2.0,
54.867678526,69.1403265953,1.0,
54.8676947543,69.1149110687,2.0,
54.8677160789,69.1410998576,4.0,
54.8677178762,69.1316676916,1.0,
54.8677276494,69.1504123944,1.0,
54.8677353335,69.1331927647,1.0,
54.8678204512,69.1174562618,2.0,
54.8679206227,69.1323947684,2.0,
54.8679325132,69.1476242248,1.0,
54.8679345468,69.1282206091,1.0,
54.8679614145,69.1241762664,8.0,
54.8680524302,69.1120708417,4.0,
54.8680751238,69.1433128742,4.0,
54.8680990123,69.1395775246,2.0,
54.868110188,69.1339235869,1.0,
54.8681940183,69.1309041379,4.0,
54.8682254974,69.125346838,1.0,
54.8682341163,69.2103084228,1.0,
54.8682448874,69.1607306802,1.0,
54.8682722407,69.1546979965,2.0,
54.8682762007,69.1162253474,1.0,
54.868286068,69.1266134596,2.0,
54.8682865984,69.1621226602,2.0,
54.8682901215,69.1547106324,1.0,
54.8683399488,69.1433984917,1.0,
54.8683449721,69.1467174169,1.0,
54.8683457364,69.1466884026,2.0,
54.8683549283,69.1454080752,1.0,
54.8683604106,69.1644975089,2.0,
54.8683619279,69.1490991883,1.0,
54.8684004103,69.1444297987,1.0,
54.86842322,69.1234109639,2.0,
54.8684492684,69.1334407631,2.0,
54.8684960142,69.1604618733,2.0,
54.8685079018,69.114092439,2.0,
54.8686690771,69.1292942603,4.0,
54.8686695629,69.1239698533,1.0,
54.8687668676,69.1804381636,1.0,
54.8688096621,69.1413433474,1.0,
54.8688318717,69.1251359014,2.0,
54.868850597,69.1173131749,2.0,
54.8688698231,69.1326889667,2.0,
54.8689386817,69.1308448931,2.0,
54.8689603596,69.1366724682,1.0,
54.8689997409,69.1532257541,4.0,
54.8690433032,69.2100321047,2.0,
54.8690503997,69.1380326915,2.0,
54.8690555703,69.1604165761,1.0,
54.8690643664,69.2085592653,1.0,
54.8690847958,69.1267445842,1.0,
54.8691108952,69.2066967632,2.0,
54.8691432589,69.1505130888,4.0,
54.8691759598,69.1523612053,1.0,
54.869182366,69.1472432749,4.0,
54.869235726,69.1490189652,4.0,
54.8693599082,69.123704411,2.0,
54.8693856109,69.1622721599,1.0,
54.8693892698,69.1315200868,2.0,
54.8694384876,69.1425600431,2.0,
54.8694450864,69.2112627126,2.0,
54.8694595292,69.1346210054,2.0,
54.8694919737,69.111777489,2.0,
54.8695236689,69.1296436301,1.0,
54.869528931,69.1389598532,1.0,
54.8695629586,69.1403381747,1.0,
54.8695738593,69.1611331565,2.0,
54.8696105963,69.1238473273,1.0,
54.8696462828,69.1290100574,2.0,
54.8696609143,69.2085576115,2.0,
54.8696662217,69.1187894236,1.0,
54.869684622,69.144341354,4.0,
54.8697097621,69.1360855504,4.0,
54.8697699621,69.1417643632,4.0,
54.8697934609,69.1370061669,4.0,
54.8698409562,69.1456080836,4.0,
54.8700078291,69.1464429727,1.0,
54.8700122067,69.1427655498,1.0,
54.8700124905,69.1394137229,4.0,
54.8700225827,69.1313169698,1.0,
54.8700961621,69.1616478999,1.0,
54.8701145565,69.1336797919,1.0,
54.8701303998,69.1584324501,2.0,
54.8701703867,69.1507488305,2.0,
54.8701902104,69.1180017156,1.0,
54.8702303744,69.115202328,1.0,
54.8702491021,69.1284876438,1.0,
54.8702534174,69.2055633858,2.0,
54.8702633998,69.2093342617,1.0,
54.870272374,69.1353024675,1.0,
54.8702855357,69.1143250876,2.0,
54.8703189944,69.1563545627,1.0,
54.8703316609,69.1443954544,2.0,
54.8703414213,69.1532510726,2.0,
54.8704646295,69.1230218027,2.0,
54.8705275992,69.1357751662,4.0,
54.8705351111,69.1396971733,1.0,
54.8705424832,69.1410112423,2.0,
54.8705792428,69.1370839448,2.0,
54.8705840866,69.1608259139,2.0,
54.8706048058,69.116518317,1.0,
54.870626707,69.1492479617,2.0,
54.8706528656,69.1314260304,2.0,
54.8708177574,69.1134448719,1.0,
54.8708486929,69.1382495257,2.0,
54.8708712835,69.1381405241,1.0,
54.8709456055,69.1437914645,1.0,
54.8709564691,69.2050686796,1.0,
54.8709619006,69.1209234358,2.0,
54.8709756634,69.1240862259,2.0,
54.8709883926,69.1298384007,2.0,
54.8709934133,69.1600929592,1.0,
54.8709961425,69.2080781466,1.0,
54.8710028798,69.1326013924,2.0,
54.8710160057,69.2031657405,2.0,
54.8710336028,69.1505472901,1.0,
54.8710630793,69.1347185554,4.0,
54.8711245793,69.1549683958,1.0,
54.8711299223,69.1414111967,1.0,
54.8711330922,69.1570264165,4.0,
54.871144226,69.11853375,1.0,
54.8711537148,69.14956627,1.0,
54.8711596202,69.1525624021,4.0,
54.8711652478,69.1165580676,2.0,
54.8712550177,69.1267903893,2.0,
54.8712861028,69.1513726742,2.0,
54.871358946,69.1582307937,2.0,
54.8713826133,69.1426522544,4.0,
54.8715172402,69.1557008655,2.0,
54.8715181662,69.1143804096,1.0,
54.8716428905,69.1376913724,2.0,
54.8716503204,69.1403738286,2.0,
54.8716871025,69.123947744,1.0,
54.8716970494,69.1358096171,4.0,
54.8717175729,69.1309505872,1.0,
54.8717386764,69.1494587178,2.0,
54.8717773995,69.1209365214,2.0,
54.8717824267,69.1175221249,2.0,
54.8718520844,69.1484988325,2.0,
54.8719258622,69.2093880216,1.0,
54.8719270872,69.1258490655,1.0,
54.8719521989,69.1187588281,1.0,
54.8719665954,69.1469005614,2.0,
54.8719743522,69.139484153,2.0,
54.871981714,69.1115116727,1.0,
54.8719897125,69.1439959549,4.0,
54.8720811829,69.1348683656,2.0,
54.8720815996,69.1369823134,2.0,
54.8720857029,69.1255435394,4.0,
54.8720941403,69.1456568726,2.0,
54.8721008229,69.1414294272,1.0,
54.8721041258,69.2069630321,1.0,
54.8721540665,69.1581968401,1.0,
54.8721780043,69.1562452546,2.0,
54.8722203571,69.1331513579,1.0,
54.8722428686,69.1554887241,1.0,
54.8722663693,69.1586783913,4.0,
54.8722758988,69.1206674015,1.0,
54.8723012656,69.1536330754,1.0,
54.8723035261,69.129556402,2.0,
54.8724057116,69.1321150381,1.0,
54.8724332716,69.1432544123,1.0,
54.8724622404,69.1170788106,2.0,
54.8724627511,69.2074773256,2.0,
54.8724707666,69.1343941733,1.0,
54.8724774217,69.1478700066,1.0,
54.8725083349,69.1384307541,4.0,
54.8725212147,69.1407341761,4.0,
54.8725324563,69.1226563676,1.0,
54.8725677937,69.1574670351,1.0,
54.8725912259,69.1527846759,1.0,
54.8726190291,69.1421670103,2.0,
54.8726698308,69.1193867276,2.0,
54.8726805391,69.1321655169,4.0,
54.8726973985,69.1194622717,1.0,
54.8727090363,69.1167352107,1.0,
54.8727157184,69.113557526,1.0,
54.8727176158,69.1446706436,1.0,
54.8727624142,69.1085097632,2.0,
54.8727876097,69.1353246329,2.0,
54.8729028806,69.1257699741,2.0,
54.8729683476,69.1460968466,1.0,
54.8729718694,69.1364990974,4.0,
54.8729754446,69.1083513041,1.0,
54.8729765318,69.1267447289,1.0,
54.8730171829,69.1333760159,2.0,
54.8730536484,69.1556960102,2.0,
54.8731601877,69.1431431809,4.0,
54.873251669,69.1302330975,2.0,
54.8733856541,69.1421948234,4.0,
54.8734182326,69.139659519,2.0,
54.8734417278,69.1344905471,2.0,
54.8735758801,69.1386727114,4.0,
54.8735774401,69.1861916471,1.0,
54.8735958642,69.1253199193,1.0,
54.8736097653,69.1316839316,4.0,
54.8736206288,69.1370350525,1.0,
54.8737669078,69.1579347045,1.0,
54.8737777589,69.1803227617,1.0,
54.873830926,69.1275221553,1.0,
54.8738830121,69.1146419715,1.0,
54.8739388115,69.1073165933,2.0,
54.8739399797,69.1104029878,2.0,
54.8739982637,69.1411430194,4.0,
54.8740590605,69.1289059378,2.0,
54.8741146666,69.1381874674,1.0,
54.8741648418,69.1421235947,2.0,
54.8741767865,69.1208993587,2.0,
54.8741967251,69.1209160153,1.0,
54.8741980486,69.1162190228,4.0,
54.8742603567,69.1392984186,2.0,
54.8743210689,69.1467235369,1.0,
54.8743224912,69.1266571448,1.0,
54.8743523379,69.1818418418,1.0,
54.8743874142,69.1366876466,2.0,
54.8743936735,69.1377436879,2.0,
54.8744116056,69.1311071521,1.0,
54.8744159201,69.1113640453,2.0,
54.874426839,69.1408798947,1.0,
54.8744288467,69.1224439486,1.0,
54.8744484626,69.2244782461,1.0,
54.8744566417,69.1395012787,4.0,
54.8744860014,69.1280232258,1.0,
54.8746314986,69.1356769554,2.0,
54.8746863688,69.1099928646,1.0,
54.8746958491,69.124828317,2.0,
54.8747815812,69.122136354,4.0,
54.8748045324,69.1847529319,1.0,
54.8748961079,69.1461728537,2.0,
54.8749361995,69.1296061998,1.0,
54.8749372819,69.1124326015,2.0,
54.8749526172,69.1302520447,4.0,
54.8749530369,69.1405596091,4.0,
54.8749537956,69.1091054065,1.0,
54.8749936502,69.1384642091,2.0,
54.8750047574,69.1384663449,1.0,
54.875009291,69.1572353416,4.0,
54.875021102,69.1368180484,4.0,
54.875032129,69.1810959883,1.0,
54.8750823433,69.1276909484,2.0,
54.8751191854,69.1240512274,1.0,
54.8751674635,69.1518402144,2.0,
54.8751835359,69.117143085,2.0,
54.8751914645,69.1322699648,2.0,
54.8752564015,69.1461957169,1.0,
54.8753057494,69.1498751653,2.0,
54.8753242403,69.1060585688,1.0,
54.8753339852,69.1544389335,2.0,
54.8753835511,69.1164887496,1.0,
54.8754222731,69.135085497,2.0,
54.8754387929,69.1511855555,1.0,
54.8754723511,69.1120366869,1.0,
54.8755025967,69.123934381,4.0,
54.8755044172,69.1397753489,2.0,
54.8755454171,69.117773075,1.0,
54.8755467093,69.115528804,2.0,
54.8755722515,69.1767037337,1.0,
54.8756316337,69.1260771819,1.0,
54.8756356684,69.129182945,2.0,
54.8756776767,69.1130673715,1.0,
54.875733501,69.1495411519,4.0,
54.875789056,69.1840072355,1.0,
54.8757930982,69.143567305,4.0,
54.8759063444,69.1282621554,2.0,
54.8759128809,69.1380486724,1.0,
54.875952185,69.1081262701,1.0,
54.8759598255,69.1105711598,1.0,
54.8759817592,69.1404695376,2.0,
54.8760005132,69.1381868239,2.0,
54.8762298374,69.1437070255,1.0,
54.8762465553,69.1244910622,2.0,
54.8762733968,69.1451091556,2.0,
54.876284183,69.1314264078,2.0,
54.8763031166,69.1173222343,1.0,
54.8763044711,69.175951102,2.0,
54.8763064251,69.1195158562,1.0,
54.8763065274,69.1234786614,4.0,
54.8763657584,69.1328571513,2.0,
54.8763914404,69.1113262851,1.0,
54.8764035522,69.1545216483,2.0,
54.8764056247,69.2377933722,1.0,
54.8764160093,69.1795619422,1.0,
54.8764287847,69.1274347873,1.0,
54.8764309228,69.1163584636,1.0,
54.8764841705,69.1360880231,1.0,
54.876514986,69.1309913361,4.0,
54.8765193671,69.1429458771,2.0,
54.8765429217,69.1368796091,2.0,
54.8765693241,69.1527163043,1.0,
54.876649162,69.1535426081,2.0,
54.8766590963,69.1394272069,1.0,
54.8766774038,69.1440016926,2.0,
54.8767144276,69.1143485602,2.0,
54.8768640297,69.180656263,1.0,
54.8768758304,69.1264606101,4.0,
54.8769305446,69.1490588517,1.0,
54.8769441093,69.1334370037,1.0,
54.876957166,69.1103961488,1.0,
54.8770177224,69.1156120662,1.0,
54.8770463974,69.113797352,1.0,
54.8771026908,69.1285479191,1.0,
54.8771029692,69.1471152759,1.0,
54.8771368107,69.1379429999,2.0,
54.8771877264,69.1201139966,1.0,
54.8772254174,69.1450803464,1.0,
54.8772419321,69.1400163708,2.0,
54.8772878168,69.1161405207,4.0,
54.8773095133,69.1355360618,2.0,
54.8775210721,69.1257168731,4.0,
54.8775927407,69.1167442641,1.0,
54.8775951533,69.1452400826,2.0,
54.8776220693,69.1219542755,4.0,
54.8776244129,69.1260304607,2.0,
54.8776384272,69.1411904688,2.0,
54.8777876721,69.1820226589,1.0,
54.8778228432,69.1279003943,1.0,
54.8778401957,69.1498235506,4.0,
54.8778502184,69.1433751133,2.0,
54.8778552315,69.1323961011,1.0,
54.877890441,69.1376034545,1.0,
54.8780047308,69.1546543277,1.0,
54.8780099183,69.150524202,1.0,
54.8780283501,69.1078357043,1.0,
54.8780418161,69.2328312326,1.0,
54.8780828309,69.1398259595,2.0,
54.8781128181,69.1703249054,1.0,
54.8781243333,69.1222858928,2.0,
54.8781381357,69.1351519552,2.0,
54.8781555925,69.1273373269,4.0,
54.8781718928,69.1459843551,2.0,
54.8782050836,69.1202673444,1.0,
54.8782264676,69.1445217422,1.0,
54.8782649217,69.1124799024,1.0,
54.8784870669,69.2227376413,1.0,
54.8785510149,69.1137908394,2.0,
54.8785519305,69.1548466234,2.0,
54.8785893648,69.1161430394,1.0,
54.8786701519,69.1612496314,1.0,
54.8787049759,69.1487858881,2.0,
54.8787173541,69.1027445992,2.0,
54.878838908,69.1558887981,1.0,
54.8788803179,69.1360079015,2.0,
54.8789121281,69.1311864823,2.0,
54.8789125684,69.1239671766,1.0,
54.8789833027,69.1290674075,1.0,
54.8790091001,69.1253385392,2.0,
54.8790345523,69.1267596038,1.0,
54.8790569127,69.1165945147,2.0,
54.8790604071,69.12666535,2.0,
54.8790757868,69.1204139333,2.0,
54.8791189878,69.1434643603,1.0,
54.8791976697,69.1254508995,1.0,
54.8792626122,69.1548461755,1.0,
54.879284229,69.1537242736,2.0,
54.8793079099,69.139895608,1.0,
54.8793468437,69.122907481,1.0,
54.8793526811,69.1416810925,2.0,
54.8793570518,69.1092585099,1.0,
54.8793627712,69.153817885,1.0,
54.879382669,69.117653571,1.0,
54.8794071713,69.1501828127,1.0,
54.8794171987,69.130329997,1.0,
54.8794514443,69.1491890294,1.0,
54.8794710799,69.2414859116,1.0,
54.8794969281,69.1304068612,2.0,
54.8795214063,69.1086609944,2.0,
54.8795515098,69.1406479697,2.0,
54.8795980043,69.1898177416,1.0,
54.8796185259,69.1709012007,1.0,
54.879621947,69.1468443367,1.0,
54.879623841,69.1393306476,4.0,
54.8796242658,69.1667709132,1.0,
54.87963759,69.116864338,1.0,
54.8796639032,69.1070756803,2.0,
54.8797056905,69.1461987123,2.0,
54.8797210802,69.1876084771,1.0,
54.8797472942,69.2382208691,2.0,
54.8797523647,69.1210534508,1.0,
54.8797739881,69.13475508,2.0,
54.8798020828,69.1691959952,2.0,
54.8798084751,69.113020301,2.0,
54.8798810255,69.1254998095,2.0,
54.8798928731,69.1084427296,1.0,
54.8799038148,69.144812429,2.0,
54.8799046035,69.1740406503,1.0,
54.8799420803,69.1372914542,1.0,
54.8799745677,69.1548516889,2.0,
54.8800214831,69.1060596399,2.0,
54.8800359838,69.1268768272,1.0,
54.88004894,69.1221520295,2.0,
54.8800889591,69.1513337418,1.0,
54.8801467102,69.1280091578,2.0,
54.88014758,69.1096337838,1.0,
54.8801630021,69.1235686767,2.0,
54.8801685527,69.1158671445,2.0,
54.8802179197,69.1353203676,1.0,
54.880329953,69.1364041586,4.0,
54.8803483111,69.1561595922,1.0,
54.8804467153,69.144176504,2.0,
54.8804798143,69.1399843009,2.0,
54.8806172444,69.1159496247,1.0,
54.8806283462,69.150326862,1.0,
54.8807140477,69.1078873528,1.0,
54.8809097753,69.1401469491,1.0,
54.8809107433,69.1101823078,4.0,
54.8809168361,69.1297717092,1.0,
54.8809572035,69.134436751,2.0,
54.8809720687,69.1406811052,2.0,
54.8810061374,69.1480739008,4.0,
54.8810113534,69.1511434394,2.0,
54.8810388923,69.1093279297,2.0,
54.8812286971,69.1108088079,1.0,
54.8812390268,69.1238242817,2.0,
54.8812712298,69.1070148197,2.0,
54.8812713437,69.1529418403,2.0,
54.8812743396,69.1031879889,2.0,
54.881318753,69.1414258629,1.0,
54.8814206824,69.1391700835,1.0,
54.8814349939,69.1020137414,2.0,
54.8814798197,69.1103945516,2.0,
54.8815041491,69.1065788978,1.0,
54.8815402952,69.1265450494,4.0,
54.8815514139,69.1052017017,1.0,
54.8815520572,69.1095337103,1.0,
54.881587183,69.1129474765,1.0,
54.8816939906,69.1449800134,4.0,
54.8817212721,69.1360848856,8.0,
54.881745303,69.1300360186,2.0,
54.881839505,69.1423042113,1.0,
54.88186269,69.125180927,4.0,
54.8819189449,69.1361088491,2.0,
54.8819372108,69.1283751281,2.0,
54.8819602425,69.1915171072,1.0,
54.8820044395,69.1540024128,2.0,
54.8820077571,69.1585352327,1.0,
54.882042956,69.133668881,1.0,
54.8821673983,69.1668281763,1.0,
54.8821712703,69.1120513348,1.0,
54.8821846831,69.1606713555,1.0,
54.8821980712,69.1267701178,1.0,
54.8822350676,69.1493553315,1.0,
54.8822716653,69.1521593309,4.0,
54.8822718737,69.1692601961,1.0,
54.8823318498,69.1082907563,1.0,
54.8823679336,69.1014709616,2.0,
54.8823711516,69.0716923323,2.0,
54.8824163377,69.071062723,1.0,
54.8824530586,69.1367209772,1.0,
54.8824936201,69.1130337288,1.0,
54.8825401089,69.1636966875,1.0,
54.8825889391,69.1274670569,2.0,
54.8826276474,69.151584664,2.0,
54.8827621281,69.1455845726,2.0,
54.8827889167,69.1445425633,2.0,
54.8828256085,69.0730501266,2.0,
54.8828278018,69.12511416,2.0,
54.8828353805,69.1646487109,1.0,
54.8828585366,69.1291118868,2.0,
54.8828899005,69.0748335859,1.0,
54.8829232406,69.1450713554,1.0,
54.8829327982,69.1333988015,1.0,
54.8829386018,69.1247093397,1.0,
54.882983835,69.1027507876,2.0,
54.8830231181,69.1359796665,2.0,
54.883066041,69.1466324396,2.0,
54.8830825779,69.1373595112,1.0,
54.8831035324,69.1303968862,1.0,
54.8831576215,69.1016343409,1.0,
54.8831716513,69.104025581,1.0,
54.8833409712,69.1092643797,2.0,
54.8833790027,69.1254705274,1.0,
54.8833871256,69.1454154198,4.0,
54.8835212231,69.1033920549,2.0,
54.8835783605,69.1634748767,4.0,
54.8836187117,69.1306279929,2.0,
54.883678855,69.1101421749,1.0,
54.8837132088,69.1087487329,1.0,
54.8837801278,69.1482382972,4.0,
54.8838054212,69.1650267707,1.0,
54.8838983958,69.1366657394,1.0,
54.8839215258,69.070897467,1.0,
54.8839771774,69.1439095851,2.0,
54.8840869554,69.1411274973,2.0,
54.884103917,69.163593912,1.0,
54.8841878754,69.140424474,1.0,
54.8841955341,69.124847453,2.0,
54.8841992446,69.1522792078,2.0,
54.8842620238,69.1457465796,2.0,
54.884274619,69.1441882472,1.0,
54.8843226041,69.1679749964,1.0,
54.8843598424,69.1603682519,1.0,
54.8845337436,69.1720852942,2.0,
54.8845736037,69.1332947334,1.0,
54.8847310663,69.1425740201,1.0,
54.8848909067,69.104931183,1.0,
54.8849067751,69.1036141072,1.0,
54.8849363408,69.1304044408,4.0,
54.8849649849,69.1269344906,1.0,
54.8849990122,69.1054755825,2.0,
54.8850664462,69.1526964908,1.0,
54.8850863512,69.1492169947,1.0,
54.8851152393,69.1398705449,2.0,
54.8851473408,69.1735027555,2.0,
54.8852010318,69.1447180071,1.0,
54.8853962087,69.1419974424,2.0,
54.8854060758,69.1721990637,1.0,
54.8854324493,69.1396748218,1.0,
54.8855498467,69.1507720646,2.0,
54.8855623449,69.1327711721,2.0,
54.8856847367,69.135011161,1.0,
54.8857766617,69.1259665663,2.0,
54.8858932801,69.1417930341,1.0,
54.8859949222,69.1468163428,2.0,
54.886023652,69.1492568572,4.0,
54.8860614103,69.1378425092,1.0,
54.8861242597,69.1500735866,1.0,
54.8861408416,69.1445994952,2.0,
54.8862448226,69.1307000498,1.0,
54.8862715074,69.1326124725,1.0,
54.886360551,69.1350624891,2.0,
54.8864692984,69.1552947067,1.0,
54.8865878676,69.1318557122,1.0,
54.8866089816,69.1506313766,2.0,
54.8866324933,69.1430933601,1.0,
54.8867675204,69.1481287481,1.0,
54.8868044167,69.1363208777,2.0,
54.886826901,69.1413740237,2.0,
54.886854459,69.1512207807,1.0,
54.8869665412,69.1379305728,1.0,
54.8869760386,69.159536841,1.0,
54.8870310552,69.1449056362,1.0,
54.8870482659,69.1522726784,1.0,
54.8871320594,69.1723643565,1.0,
54.8872042725,69.1340706194,1.0,
54.8872646602,69.1512960197,2.0,
54.8873033079,69.1367290071,1.0,
54.8873445284,69.1352954089,1.0,
54.8874591388,69.1393898361,2.0,
54.8876246539,69.1399223536,1.0,
54.8876550351,69.1292503647,1.0,
54.8876618379,69.0715074911,1.0,
54.8876793685,69.1264341213,1.0,
54.8877482759,69.142896159,1.0,
54.8877690397,69.1484095672,4.0,
54.8878359433,69.1475365179,1.0,
54.8879126494,69.150318081,1.0,
54.887934365,69.1378759371,4.0,
54.8880778111,69.1414177073,2.0,
54.8880846855,69.176642736,1.0,
54.8880854343,69.149283436,1.0,
54.8881028246,69.1511515557,2.0,
54.8881664971,69.139099789,1.0,
54.8882235814,69.1468679801,2.0,
54.8882874162,69.1457609737,1.0,
54.8883272154,69.1314816479,1.0,
54.8883940948,69.1450768887,2.0,
54.8886337288,69.1308073275,2.0,
54.8886839989,69.133390945,4.0,
54.8887120057,69.1512968092,1.0,
54.8889929178,69.1459810254,4.0,
54.8890716076,69.1290828062,1.0,
54.889291017,69.147773364,2.0,
54.8894098894,69.1298878485,1.0,
54.8894282834,69.1446156519,2.0,
54.889450117,69.1285866394,2.0,
54.8895599418,69.1332156901,1.0,
54.8896035895,69.1764340065,1.0,
54.8896300454,69.1509091758,2.0,
54.8896998147,69.173279679,2.0,
54.8897304258,69.1493811069,4.0,
54.8897430616,69.129353202,2.0,
54.8897741606,69.1702032491,1.0,
54.8897894582,69.1520491669,1.0,
54.8898007119,69.1435549561,2.0,
54.8898798603,69.139725212,2.0,
54.8898863179,69.1410816735,1.0,
54.8898904713,69.1663470195,1.0,
54.8899244244,69.1641652982,1.0,
54.8899662799,69.1352034504,2.0,
54.8899922146,69.1629959536,2.0,
54.8900053112,69.1575285241,2.0,
54.8900711876,69.1607947949,1.0,
54.8900808745,69.1561036943,1.0,
54.8900870292,69.1378400381,1.0,
54.8900948426,69.1591905923,1.0,
54.8901161468,69.136297555,2.0,
54.8901508151,69.1585211361,2.0,
54.8901646775,69.1466430315,4.0,
54.8902366501,69.1321708358,1.0,
54.8902789026,69.127783598,1.0,
54.8903136793,69.133733162,1.0,
54.8903502666,69.1549860535,1.0,
54.8903874046,69.1481382706,1.0,
54.8903968138,69.147995013,2.0,
54.8905250987,69.1529374361,1.0,
54.8905253029,69.1444141165,2.0,
54.8906124795,69.1402192151,1.0,
54.8906184129,69.1502905826,1.0,
54.8906308121,69.1401998298,2.0,
54.8906808582,69.1490077281,1.0,
54.8906904369,69.1389829344,1.0,
54.8907393902,69.1433023685,4.0,
54.8907815755,69.1276713563,4.0,
54.8907963984,69.1379153608,2.0,
54.8909206079,69.1298058749,1.0,
54.8909680149,69.1327445906,1.0,
54.8910753524,69.1348875483,1.0,
54.8911235838,69.1423761446,4.0,
54.8911743748,69.1470730708,2.0,
54.8911812823,69.1410581068,2.0,
54.89127718,69.145308903,4.0,
54.891301657,69.0728601831,2.0,
54.8914103956,69.1481442601,2.0,
54.891459465,69.069905849,1.0,
54.8915614092,69.1445114426,2.0,
54.8915617351,69.1547399719,1.0,
54.8915693249,69.1518060842,2.0,
54.8916068236,69.1310839608,2.0,
54.891730321,69.1377669876,4.0,
54.8917329175,69.1494641514,2.0,
54.8918270315,69.1320657892,1.0,
54.8919908642,69.1293250146,2.0,
54.8920161978,69.1462852728,1.0,
54.8920515358,69.1540689097,1.0,
54.8920906615,69.1454529112,1.0,
54.8921493425,69.140084235,1.0,
54.8921660604,69.140288573,2.0,
54.8921802799,69.1479069259,1.0,
54.8922163487,69.1519288248,1.0,
54.8922330099,69.1504666696,2.0,
54.8922992127,69.1560008358,2.0,
54.8923652627,69.1547015425,2.0,
54.8924535223,69.1329721401,2.0,
54.8925402092,69.0698135098,2.0,
54.8925571363,69.1294173052,1.0,
54.8925872257,69.1440272668,2.0,
54.8925876176,69.1521399551,8.0,
54.892665327,69.1378870554,2.0,
54.8926846882,69.1496450072,1.0,
54.8927498612,69.1410938075,4.0,
54.8927726542,69.1466038899,2.0,
54.892786161,69.1411466434,1.0,
54.8928488768,69.1451226139,2.0,
54.8930030112,69.1364064638,4.0,
54.8930245613,69.0715454442,1.0,
54.8930926031,69.1529376446,1.0,
54.8931416821,69.1381202912,1.0,
54.8931472801,69.1311623209,1.0,
54.8932392715,69.1336486137,1.0,
54.8932490264,69.1390127946,2.0,
54.8933995798,69.1411899102,2.0,
54.893430844,69.142926038,2.0,
54.8934600625,69.1487576116,1.0,
54.8936387452,69.151885922,4.0,
54.8936486132,69.1506444091,2.0,
54.8936531445,69.1497951574,1.0,
54.8937071254,69.070334181,1.0,
54.8937604875,69.1466188289,2.0,
54.8937862004,69.1738612052,1.0,
54.8938020255,69.1555567882,1.0,
54.8938598956,69.1448311025,2.0,
54.8939320911,69.1448458593,1.0,
54.8942310163,69.0715347194,1.0,
54.8943102148,69.1529079303,2.0,
54.8943558511,69.1510840857,1.0,
54.8946259495,69.1508076003,2.0,
54.8946313611,69.1462516369,1.0,
54.8946396813,69.1540631961,1.0,
54.8946466097,69.1143489673,2.0,
54.8947169008,69.1416647887,2.0,
54.8947172195,69.1491741419,4.0,
54.8947782142,69.1518641785,4.0,
54.8948890034,69.1474996551,2.0,
54.8949630861,69.1541436339,2.0,
54.8951021377,69.1435847442,2.0,
54.8951200514,69.1370588881,2.0,
54.89514118,69.1406871162,1.0,
54.8954199532,69.1392191742,2.0,
54.8954232681,69.1443817649,2.0,
54.8954936752,69.1465821975,1.0,
54.8955862634,69.1499994642,4.0,
54.8956044358,69.1517516632,4.0,
54.8956112547,69.1382719563,1.0,
54.895665534,69.1415297569,1.0,
54.8956688212,69.1428874654,1.0,
54.8957556155,69.1454760951,1.0,
54.8958454611,69.1429985624,4.0,
54.8958708198,69.1165202847,2.0,
54.8959898087,69.1529746207,1.0,
54.8961162482,69.0713600417,1.0,
54.8961173924,69.1623632028,2.0,
54.8961953138,69.1608543141,2.0,
54.8962124621,69.1608987072,1.0,
54.8962572539,69.1391785341,1.0,
54.896268121,69.1567586744,1.0,
54.8963389921,69.1743521003,2.0,
54.896390039,69.1490341834,4.0,
54.8963915809,69.1743713893,1.0,
54.8964528087,69.1383699944,1.0,
54.8965227549,69.072927145,1.0,
54.8965235656,69.1478836717,2.0,
54.8965324501,69.2154117689,1.0,
54.8965494406,69.1154129872,1.0,
54.8965611241,69.1468801508,2.0,
54.8965706813,69.1545541148,2.0,
54.8966077997,69.1460703597,1.0,
54.896637611,69.168851406,1.0,
54.8966416578,69.1415814209,2.0,
54.8966806159,69.1451064116,2.0,
54.8966927583,69.1148028412,4.0,
54.8967195307,69.1434992993,1.0,
54.8968549049,69.1405624663,2.0,
54.8968807662,69.1593852834,2.0,
54.8970073703,69.1419535556,1.0,
54.897019064,69.1629097072,2.0,
54.8970765649,69.1369970393,2.0,
54.8970936043,69.1376673552,1.0,
54.8972144475,69.1392912826,1.0,
54.8973432819,69.1551338343,1.0,
54.8973661269,69.15185968,2.0,
54.8974050298,69.1502348858,2.0,
54.8974162014,69.1328427693,4.0,
54.8975070612,69.0679261161,1.0,
54.8975500041,69.1488957358,2.0,
54.8975527069,69.1460410551,2.0,
54.8975699619,69.1462622848,1.0,
54.8976185269,69.0707378764,1.0,
54.8976704764,69.1448748681,1.0,
54.8977386891,69.1473177026,4.0,
54.8977978126,69.1433672003,8.0,
54.8978336581,69.1402912411,1.0,
54.8978616322,69.1385557816,2.0,
54.8979290607,69.1535511213,2.0,
54.8979362598,69.1549673372,2.0,
54.8979470215,69.1196901823,2.0,
54.8980245205,69.1418510619,1.0,
54.8980908946,69.0726570975,1.0,
54.898257343,69.1470968889,1.0,
54.8982829319,69.137160226,2.0,
54.8985237356,69.1461567903,2.0,
54.8985426879,69.1433975455,2.0,
54.8985558106,69.0691468978,1.0,
54.8985811321,69.1180510703,1.0,
54.8987513965,69.0749980961,1.0,
54.898761595,69.1385208412,2.0,
54.8991387674,69.1419659267,2.0,
54.8991414961,69.1471880032,1.0,
54.8992842576,69.1408731603,2.0,
54.8993145082,69.1395538177,1.0,
54.8993401744,69.1387213548,1.0,
54.899343833,69.1434928431,2.0,
54.899441631,69.1373504154,2.0,
54.8995739069,69.1450099791,2.0,
54.8996751055,69.1535865124,2.0,
54.8999645962,69.1473990812,4.0,
54.9001421594,69.1384059845,1.0,
54.9002190459,69.1372316375,1.0,
54.9002240618,69.1436988885,1.0,
54.9004136119,69.1420234786,4.0,
54.9004406169,69.1437208676,4.0,
54.9008626905,69.2576330731,1.0,
54.9010433059,69.1424542579,1.0,
54.901056449,69.146516633,2.0,
54.9012075672,69.1403028091,1.0,
54.9013428728,69.1414667844,4.0,
54.9014377084,69.1387529865,4.0,
54.9015013926,69.1174578577,1.0,
54.9015740987,69.148860047,4.0,
54.901598271,69.1198093699,1.0,
54.901625738,69.1174875764,2.0,
54.9017279687,69.148554168,1.0,
54.901730078,69.1375359187,2.0,
54.9017399822,69.1501873211,1.0,
54.9018601874,69.1424283272,1.0,
54.9018622457,69.079589151,2.0,
54.9018694825,69.1189583744,1.0,
54.9020248602,69.1404155839,4.0,
54.9020419726,69.1416955127,2.0,
54.9020483865,69.1474091336,2.0,
54.9022711879,69.0810569145,1.0,
54.9024338952,69.1366578701,1.0,
54.9025163274,69.1505532196,1.0,
54.9025561338,69.1182588421,1.0,
54.9026413796,69.1522537574,2.0,
54.9026614978,69.1494309231,1.0,
54.90269585,69.1493204429,2.0,
54.9026981582,69.1486061877,4.0,
54.9027261783,69.1479808278,1.0,
54.9027265265,69.1401053553,1.0,
54.9027388255,69.1508333757,2.0,
54.902741155,69.1551563686,4.0,
54.9028088536,69.157638783,4.0,
54.9028130383,69.1391694987,4.0,
54.9029520268,69.1383714207,2.0,
54.9029689258,69.1561392772,1.0,
54.9029865323,69.1373982278,4.0,
54.9029877697,69.159279034,1.0,
54.9029962076,69.1207703185,1.0,
54.9030114503,69.147804173,4.0,
54.9030717412,69.1528887325,4.0,
54.9030889895,69.1427433319,4.0,
54.9031049827,69.1392177461,1.0,
54.9031769331,69.1468050452,2.0,
54.9032020775,69.1451327484,4.0,
54.9036022694,69.0785331971,1.0,
54.903630174,69.150947259,1.0,
54.9036426725,69.1365537355,4.0,
54.9036463973,69.1441050048,1.0,
54.9036970119,69.1477847672,1.0,
54.9037824401,69.1416812321,2.0,
54.9038951619,69.1552551424,2.0,
54.9038993487,69.1360858014,1.0,
54.904077979,69.1486111655,2.0,
54.9042663099,69.1524780069,1.0,
54.9043288675,69.1506244389,2.0,
54.9043921171,69.1521476792,2.0,
54.904412538,69.0777830251,4.0,
54.9044922289,69.1440844853,4.0,
54.9045146536,69.0885178563,2.0,
54.9045340469,69.1191095286,2.0,
54.9046581825,69.120931874,1.0,
54.9047885209,69.1443077834,1.0,
54.9047945128,69.1454989495,1.0,
54.9047953179,69.1534313497,1.0,
54.9047957259,69.1533882601,2.0,
54.9049528818,69.1351864099,2.0,
54.9049708305,69.0842175908,1.0,
54.9049931263,69.1371482776,2.0,
54.9050743595,69.1389607346,2.0,
54.9050880442,69.1432318401,2.0,
54.9051077906,69.1382288913,1.0,
54.9051877268,69.142000075,2.0,
54.9052422553,69.1403148269,2.0,
54.905286956,69.1180451487,1.0,
54.9053039765,69.1494574178,2.0,
54.9053303181,69.1215373778,4.0,
54.9053437481,69.1470394615,2.0,
54.9053531193,69.0797025292,2.0,
54.905427327,69.1353539093,1.0,
54.905565847,69.1480536264,1.0,
54.9058390445,69.1520118968,1.0,
54.9058683868,69.1442088914,4.0,
54.9059727362,69.1442793933,8.0,
54.9060309406,69.1416828788,4.0,
54.9060403599,69.1487400125,4.0,
54.9060460634,69.1344940129,1.0,
54.9062749503,69.1535974769,1.0,
54.9062923006,69.1417397598,1.0,
54.9063238515,69.1520626617,2.0,
54.9063762383,69.1404587505,2.0,
54.9064754346,69.0913327061,1.0,
54.9065328401,69.1357047719,1.0,
54.906535543,69.1370897863,4.0,
54.9065702792,69.1355455517,2.0,
54.9067306693,69.1389001077,8.0,
54.9067629833,69.1464671702,1.0,
54.9067797694,69.1464082372,2.0,
54.9068295753,69.1167581873,1.0,
54.9069577527,69.1158828856,1.0,
54.9070025275,69.1372886402,2.0,
54.907088284,69.1340728163,4.0,
54.907220864,69.1405128883,8.0,
54.9073345166,69.1492141807,2.0,
54.9073664169,69.153246245,2.0,
54.9073829406,69.1383142741,4.0,
54.9074255309,69.1471563032,2.0,
54.9074582617,69.151101952,1.0,
54.9074916667,69.1381333064,2.0,
54.9075258993,69.1395755095,2.0,
54.9075615701,69.1398725949,1.0,
54.9076183245,69.1524594809,1.0,
54.9076466357,69.1499619497,4.0,
54.9077705242,69.1455973988,1.0,
54.907833167,69.1183461287,2.0,
54.9078573599,69.1404985133,2.0,
54.9079422001,69.1483924363,2.0,
54.9080523696,69.1340848663,2.0,
54.908127597,69.1356857436,1.0,
54.908138172,69.1515191539,4.0,
54.9082340094,69.1549075574,2.0,
54.9083119591,69.1499858614,1.0,
54.9084170004,69.1175519367,1.0,
54.9085132905,69.1468452065,2.0,
54.9085174744,69.153709059,2.0,
54.9085243722,69.1537262813,1.0,
54.9086512748,69.1378331283,1.0,
54.908771339,69.1412007843,2.0,
54.9087824045,69.1410310304,1.0,
54.9088833977,69.1348063178,1.0,
54.9091598606,69.1396452267,2.0,
54.9091767602,69.1354917993,4.0,
54.9092346217,69.1380246505,2.0,
54.9096047818,69.1370097102,1.0,
54.9096652345,69.1534368851,2.0,
54.9096890885,69.149918876,4.0,
54.9100230691,69.1381555847,1.0,
54.9100862203,69.1402124122,2.0,
54.9100953402,69.1402557279,1.0,
54.9101043694,69.1474799851,2.0,
54.9102619118,69.1523733772,2.0,
54.9102887392,69.1455315406,2.0,
54.910325598,69.1506579929,1.0,
54.9103299408,69.1507227592,2.0,
54.910331778,69.1455286527,1.0,
54.9103552372,69.1383598223,2.0,
54.9104702901,69.1418139667,2.0,
54.9105027786,69.1465713285,2.0,
54.9106252058,69.1362987073,4.0,
54.9107552867,69.1401711994,4.0,
54.9107722496,69.1346229535,1.0,
54.9108750504,69.1355468237,2.0,
54.910916207,69.1375523006,2.0,
54.9115018192,69.1191248041,1.0,
54.9118149173,69.1205763897,1.0,
54.9124521352,69.1464864465,2.0,
54.9125999216,69.1346298329,1.0,
54.9126593779,69.1365644242,1.0,
54.9131831613,69.1313750135,2.0,
54.9133379597,69.1336373857,1.0,
54.9136451783,69.1342641778,2.0,
54.9150253203,69.1508027032,1.0,
54.9150414718,69.1371685746,1.0,
54.9151237478,69.1437363658,1.0,
54.9155595228,69.131913151,1.0,
54.9156777627,69.1306031375,1.0,
54.9160707863,69.1328040318,1.0,
54.9164560635,69.1492792225,1.0,
54.9164845143,69.14761688,1.0,
54.9170403729,69.1336808541,1.0,
54.9171687016,69.1313723938,2.0,
54.9182048961,69.1333029237,1.0,
54.9185262924,69.1388965484,1.0,
54.9186426891,69.1371991837,1.0,
54.9188420428,69.1312573157,2.0,
54.9190803967,69.1415506811,1.0,
54.9195228717,69.1311567272,1.0,
54.9195281399,69.1351269879,8.0,
54.9196151059,69.1341708315,2.0,
54.92006954,69.1342293689,4.0,
54.9201759452,69.1343465211,1.0,
54.9203692927,69.1382320178,1.0,
54.9208862098,69.1314415451,1.0,
54.9219426612,69.1358368999,2.0,
54.9223551522,69.1383792486,1.0,
54.9242130809,69.1479504516,1.0,
54.9244031496,69.1391976523,2.0,
54.9278734696,69.1455763614,1.0,
54.929569092,69.1551329777,1.0,
54.93234447,69.1252260877,1.0,
54.9324111759,69.1248839651,4.0,
54.9327107346,69.2059913898,1.0,
54.9331813938,69.1236923121,4.0,
54.9334400813,69.1259474077,1.0,
54.9338422239,69.1279462354,2.0,
54.9354804691,69.1260265934,1.0,
54.9358699805,69.1257676824,4.0,
54.9359352274,69.1284245603,2.0,
54.9359776888,69.1278856392,1.0,
54.948685597,69.1215822134,1.0,
54.9526361991,69.1198301297,2.0,
54.9568055463,69.1254270644,1.0,
54.9592807404,69.1236823741,2.0,
54.9594013727,69.1228908871,1.0,
54.9599792726,69.1239689369,1.0,
54.9623115609,69.1280211961,1.0,
54.9677057386,69.0230397114,1.0,
54.9839455567,68.3690153226,1.0,
55.0352146463,69.4926131095,1.0,
54.8615497546,69.1515170066,4.0,
54.8626842575,69.1468538188,4.0,
54.8592507196,69.1730081713,4.0,
54.8661494668,69.1255036578,4.0,
54.8604784346,69.1530159108,4.0,
54.8691746701,69.1228622541,4.0,
54.8642947575,69.1540160203,4.0,
54.8764859746,69.1295901921,4.0,
54.8896983305,69.1424489128,4.0,
54.8908277291,69.1459109171,4.0,
54.8621163056,69.1192732468,4.0,
54.8704155498,69.1199535467,4.0,
54.8631094698,69.1991696179,4.0,
54.8781991511,69.1244969061,8.0,
54.9004134494,69.147375151,4.0,
54.8649066307,69.1360287389,8.0,
54.8830816232,69.1060249642,2.0,
54.8651529164,69.2038957301,2.0,
54.8769391486,69.1121061111,4.0,
54.9024245587,69.1520811774,2.0,
54.8674404695,69.1210843885,2.0,
54.90236583,69.1399191496,4.0,
54.8464117727,69.1607758092,2.0,
54.8640287544,69.1666208813,2.0,
54.8699604205,69.159761426,2.0,
54.9001548571,69.1461502915,4.0,
54.8685420392,69.1423612045,8.0,
54.8856796303,69.146688737,2.0,
54.8700360906,69.1215876945,4.0,
54.8963902299,69.1509671521,4.0,
54.8680299666,69.1595233681,2.0,
54.8834896,69.1268771206,4.0,
54.840427378,69.158660969,2.0,
54.9011024422,69.0662853748,4.0,
54.8647689424,69.1484810115,2.0,
54.8583619267,69.1256977811,2.0,
54.8701876406,69.2068859281,2.0,
54.8857790362,69.1456032036,4.0,
54.8879252343,69.148302646,2.0,
54.9037080546,69.1454787543,4.0,
54.8633981475,69.2007017752,2.0,
54.9019374306,69.1450810277,2.0,
54.900441048,69.1454509717,2.0,
54.8466214031,69.1808017655,2.0,
54.8524407021,69.1896469104,4.0,
54.8517508092,69.1833276479,4.0,
54.8777871703,69.1654449011,2.0,
54.8587125221,69.1348085145,2.0,
54.8624851627,69.1383525886,2.0,
54.8532716487,69.1643168355,2.0,
54.8545927305,69.1719433699,2.0,
54.8690143163,69.1404121014,8.0,
54.8678786318,69.129482862,2.0,
54.8960422589,69.1483186072,2.0,
54.8601626702,69.1150019953,2.0,
54.8919275109,69.155587738,2.0,
54.8833522918,69.1511780749,8.0,
54.8998327488,69.1177993006,2.0,
54.8713637059,69.1284796999,2.0,
54.8514210091,69.164465204,2.0,
54.8754096084,69.1420746014,4.0,
54.8587004009,69.1480848184,4.0,
54.8736253233,69.1458232855,4.0,
54.8839287241,69.1070798672,2.0,
54.8441111147,69.1531375063,4.0,
54.8713225278,69.1251860567,2.0,
54.8789835492,69.1517933139,4.0,
54.9087105708,69.1485252887,2.0,
54.8709205827,69.1560244445,2.0,
54.8756054318,69.1306695561,4.0,
54.8655186948,69.1314604155,4.0,
54.8756746763,69.1227243994,2.0,
54.8617763667,69.1534545279,4.0,
54.8740776944,69.1133052798,2.0,
54.8661605875,69.1509854045,8.0,
54.8655576749,69.1236508558,4.0,
54.8743450576,69.1355615181,2.0,
54.8740125047,69.1342758735,2.0,
54.8953978694,69.1467682391,8.0,
54.8782824714,69.1306137335,2.0,
54.8939777897,69.1155333646,2.0,
54.8920058563,69.1427346544,2.0,
54.8628710097,69.1552108487,4.0,
54.873127748,69.114225505,4.0,
54.8541732093,69.1677843948,2.0,
54.9089536927,69.1488984801,4.0,
54.8441489411,69.1827731771,2.0,
54.8812349243,69.1514792151,2.0,
54.8456896249,69.1746352179,4.0,
54.8799490716,69.1331766782,4.0,
54.8628479045,69.2109718479,4.0,
54.870360569,69.1462364533,4.0,
54.8822085112,69.1471229766,4.0,
54.8658700125,69.1553050048,4.0,
54.8973626621,69.1444299012,4.0,
54.8729136134,69.1285155977,2.0,
54.8427827093,69.1819505536,4.0,
54.8516616566,69.1072315014,4.0,
54.8437610777,69.1538022392,2.0,
54.8485058209,69.1685520018,2.0,
