41.6067568729,68.7696985832,1.0,
41.6090458964,68.7748391001,1.0,
42.1241449981,69.5300848824,1.0,
42.1818545873,69.8877023912,1.0,
42.2695697143,69.6290582475,4.0,
42.2702945306,69.6323667878,1.0,
42.2705884071,69.6329699695,2.0,
42.2706850016,69.6159200025,1.0,
42.2708733602,69.635185856,1.0,
42.2714588594,69.6367924102,1.0,
42.2715476005,69.6170741568,4.0,
42.271761597,69.6357950299,2.0,
42.2719307764,69.6180268876,1.0,
42.272156671,69.6219433358,1.0,
42.2726500003,69.6115866607,1.0,
42.272689975,69.5540530685,1.0,
42.2728971773,69.623481707,2.0,
42.2734527019,69.6156777425,1.0,
42.2745029774,69.6141779916,2.0,
42.275005001,69.6148324034,4.0,
42.276042023,69.6104739969,1.0,
42.2761572226,69.58869466,2.0,
42.2766966508,69.6112317028,2.0,
42.2767595194,69.6130216608,2.0,
42.2767827139,69.6086283699,2.0,
42.2771704692,69.6556716704,1.0,
42.2776394656,69.6050849104,4.0,
42.2784105393,69.5893672896,8.0,
42.2785101575,69.6086267837,1.0,
42.278984818,69.6128100428,2.0,
42.2798144068,69.6111673711,8.0,
42.2798150104,69.6321951618,1.0,
42.280197559,69.5891502596,8.0,
42.2802625624,69.6095383814,2.0,
42.280279554,69.5375769108,1.0,
42.2804304163,69.6049253239,1.0,
42.2805519899,69.6043600256,4.0,
42.2806891742,69.5999607455,1.0,
42.2808940335,69.6125043046,1.0,
42.2812120976,69.6033894349,1.0,
42.2813971531,69.6006125634,2.0,
42.2818131604,69.596190452,1.0,
42.2818292171,69.6129748333,2.0,
42.2818768704,69.6594802459,1.0,
42.281939579,69.6080081223,1.0,
42.2824538372,69.6045342877,4.0,
42.2825708677,69.6562491863,1.0,
42.2827317241,69.6102605073,2.0,
42.2828521316,69.602719696,4.0,
42.2828582002,69.5987749294,2.0,
42.282881692,69.6198062148,1.0,
42.2831759119,69.6543876656,1.0,
42.2832001914,69.6055004604,2.0,
42.2834604571,69.6515068203,2.0,
42.2834902285,69.649794167,1.0,
42.2835280795,69.6015310656,1.0,
42.2835289062,69.652499251,1.0,
42.2841327077,69.5538023117,4.0,
42.2841634239,69.6087895861,4.0,
42.2842144851,69.5491448456,1.0,
42.2843050071,69.5968249987,1.0,
42.2845787077,69.5830701598,1.0,
42.284605874,69.5686272032,1.0,
42.284749759,69.5557964851,2.0,
42.2850145099,69.6069021407,4.0,
42.2850272096,69.5505709908,1.0,
42.2851794224,69.5456688613,4.0,
42.2852163249,69.5865331215,2.0,
42.2852449694,69.5952845731,1.0,
42.2853407445,69.5565169348,1.0,
42.2854375805,69.5419386962,1.0,
42.2856185018,69.6043645277,2.0,
42.2859270288,69.6095718406,2.0,
42.2860654914,69.5828556848,1.0,
42.2862110847,69.6064129918,2.0,
42.2863096629,69.5429105388,4.0,
42.2863876926,69.6518252599,1.0,
42.286394058,69.5396423439,1.0,
42.2864328251,69.5972321848,1.0,
42.2865485503,69.6003807691,4.0,
42.2866061994,69.5845587635,1.0,
42.2866909514,69.5585328246,2.0,
42.2868361975,69.5983435252,4.0,
42.2870372203,69.579912098,2.0,
42.2870477538,69.6046005581,4.0,
42.2871021404,69.6365321487,4.0,
42.2874383893,69.608109626,1.0,
42.2874832754,69.6064361995,1.0,
42.2875349954,69.5569950126,1.0,
42.2875486401,69.6345856493,1.0,
42.2876283704,69.5509280795,2.0,
42.2876348153,69.6012371337,2.0,
42.2877433773,69.6341743618,2.0,
42.2879639819,69.6020212772,4.0,
42.2880642278,69.6326680301,2.0,
42.2881300042,69.6003499981,1.0,
42.2881464969,69.5913826565,8.0,
42.2881705652,69.6423098297,1.0,
42.2882375026,69.5847208697,1.0,
42.2882476727,69.6318450232,1.0,
42.2882612514,69.544740571,1.0,
42.2883938455,69.5979592091,1.0,
42.2884909892,69.6314715742,4.0,
42.288492189,69.6052104334,8.0,
42.2884929506,69.548870302,2.0,
42.2885018986,69.5812292794,1.0,
42.2886829738,69.6039736564,4.0,
42.288754001,69.6045682923,1.0,
42.289006485,69.5938822263,2.0,
42.2890781867,69.5514409758,4.0,
42.2891434601,69.6023090134,1.0,
42.2891584692,69.6295763264,4.0,
42.2892978459,69.5464476702,1.0,
42.2893148049,69.5841168119,2.0,
42.2893707877,69.5453141659,2.0,
42.2894092485,69.5910807582,2.0,
42.2895498084,69.5483784889,1.0,
42.2895611827,69.5535095007,1.0,
42.2896115721,69.542969121,1.0,
42.2897839823,69.5867797601,4.0,
42.2898563042,69.5904366417,8.0,
42.2899538237,69.56028445,4.0,
42.2900030486,69.627869155,1.0,
42.2900538503,69.6277001509,2.0,
42.2902037175,69.6270687307,4.0,
42.2902818369,69.560890823,1.0,
42.2905054122,69.550060718,1.0,
42.2905648916,69.5958398794,1.0,
42.2906075504,69.5801506609,4.0,
42.2906420762,69.6367793973,1.0,
42.2906442593,69.6256892599,8.0,
42.2906916038,69.5991768307,1.0,
42.2907260796,69.5433994121,2.0,
42.290824335,69.6140185712,2.0,
42.2908254377,69.5854711401,1.0,
42.2909445356,69.5900422929,1.0,
42.2909646641,69.6338229097,1.0,
42.291062649,69.6241683406,1.0,
42.2911191325,69.5898428448,2.0,
42.2912395781,69.5453120909,1.0,
42.2913942895,69.5599302798,1.0,
42.2913947299,69.5486007878,2.0,
42.2914521016,69.6228760652,2.0,
42.2915396094,69.5559771229,1.0,
42.2915751385,69.5588583585,2.0,
42.2915785944,69.6137748903,1.0,
42.2916876025,69.6130361582,4.0,
42.2919595307,69.5491999906,1.0,
42.2921011485,69.6094160269,2.0,
42.2921285792,69.6326928633,4.0,
42.2921305171,69.5771596689,1.0,
42.2921550473,69.5845909139,2.0,
42.2922775197,69.5752111363,1.0,
42.292323921,69.5894705826,4.0,
42.2926127767,69.5899395492,1.0,
42.2926296916,69.5887771545,2.0,
42.2926426279,69.5963568099,1.0,
42.2926712901,69.6268107365,2.0,
42.2926735848,69.6212135293,2.0,
42.2927545498,69.5551034019,2.0,
42.2927623425,69.5966591161,4.0,
42.2929892369,69.6307188999,2.0,
42.293080759,69.5453977875,2.0,
42.2933128313,69.5735516693,2.0,
42.2933753386,69.5958930495,2.0,
42.2934923225,69.5817232343,1.0,
42.2935217892,69.5507406119,1.0,
42.2937716118,69.6254854552,2.0,
42.2938050878,69.5902008709,2.0,
42.2938569556,69.547918497,1.0,
42.2938590131,69.5476945429,4.0,
42.2939845564,69.5877394005,2.0,
42.2941450029,69.6276250039,1.0,
42.2941766094,69.6235222879,2.0,
42.2942988672,69.6202942065,1.0,
42.2944025536,69.5779414657,2.0,
42.294405266,69.5721119573,1.0,
42.2945566241,69.5481148893,2.0,
42.2945789979,69.5457048228,1.0,
42.2946739532,69.6074271231,1.0,
42.2948372938,69.6261183584,4.0,
42.2950699981,69.6264850032,1.0,
42.2951302765,69.5940376496,2.0,
42.2951632406,69.5509848015,2.0,
42.2951753675,69.5886792709,1.0,
42.2953585458,69.6225184967,2.0,
42.2954053799,69.5486772823,4.0,
42.2955517644,69.5466291098,2.0,
42.2956745404,69.5631343838,2.0,
42.2958283495,69.586354519,1.0,
42.2959215218,69.5490078107,8.0,
42.2960129891,69.5693727605,1.0,
42.2962164755,69.603547869,1.0,
42.2963495059,69.6051487069,4.0,
42.2963791338,69.5627039409,1.0,
42.2965346914,69.5934820548,2.0,
42.296956282,69.5643831896,1.0,
42.2969659897,69.5475801129,2.0,
42.2971409061,69.5820547754,2.0,
42.297303751,69.5444484397,2.0,
42.2974743772,69.602111042,4.0,
42.2975384971,69.5830221339,1.0,
42.2975991966,69.5842976398,2.0,
42.2976066146,69.5459374856,2.0,
42.2976892145,69.6192553863,1.0,
42.2977813308,69.620000836,2.0,
42.2978305876,69.6133533173,1.0,
42.297879356,69.5866157194,2.0,
42.2979366128,69.6154166862,2.0,
42.2980876171,69.546499398,1.0,
42.2981720261,69.5902241178,4.0,
42.2981742861,69.6045977392,1.0,
42.2984272797,69.5828284044,4.0,
42.2986173069,69.6293867187,1.0,
42.2986779498,69.5909060281,1.0,
42.2988776121,69.6008022247,4.0,
42.2989095274,69.5857412755,4.0,
42.2990551339,69.5890529448,2.0,
42.2990785038,69.5846001756,2.0,
42.2990955556,69.6075060137,1.0,
42.2991718189,69.5911300139,2.0,
42.2991952956,69.6141429879,2.0,
42.2992319772,69.6024371292,4.0,
42.2992570415,69.6007866218,1.0,
42.2993062083,69.5916458213,4.0,
42.2993199949,69.6320279941,4.0,
42.2994296678,69.5828443682,2.0,
42.2995381378,69.6071612193,8.0,
42.2995850706,69.6098538584,16.0,
42.2995949208,69.6317621415,1.0,
42.30008438,69.6229593318,1.0,
42.3002650894,69.582508927,4.0,
42.3003720442,69.6053073618,1.0,
42.300570833,69.5923431619,1.0,
42.3007233927,69.6082387221,2.0,
42.3008123077,69.5996003425,1.0,
42.3009313098,69.5960590784,2.0,
42.3009857446,69.5392816482,1.0,
42.3009890562,69.5971994027,4.0,
42.3011184075,69.606733372,16.0,
42.3012019223,69.607708243,1.0,
42.3012036523,69.6020165353,2.0,
42.301305613,69.6039507577,8.0,
42.3013135648,69.6286602328,1.0,
42.3014144221,69.6271641147,1.0,
42.3014193678,69.5891327527,4.0,
42.3015121608,69.6307947224,2.0,
42.3015533784,69.6280544285,4.0,
42.3016182323,69.5997150262,8.0,
42.3016296696,69.573621081,1.0,
42.3016628241,69.6104003871,1.0,
42.30179315,69.6051393514,2.0,
42.3018012006,69.5928108717,8.0,
42.3019054036,69.5987299051,2.0,
42.3019699903,69.6062450067,1.0,
42.3020012237,69.634171353,4.0,
42.3020909387,69.5974146947,8.0,
42.3023156714,69.6336213221,2.0,
42.3023250721,69.6041765549,1.0,
42.3023950341,69.5959310155,8.0,
42.3024032572,69.6305633421,4.0,
42.3024294463,69.5911761278,2.0,
42.302467094,69.5920886849,4.0,
42.3024725817,69.6268651098,8.0,
42.3024882564,69.5794196649,1.0,
42.3025602125,69.6350186533,1.0,
42.302632462,69.605296028,8.0,
42.3026372248,69.6289983863,8.0,
42.3027088143,69.635823096,2.0,
42.3027478661,69.6035829832,2.0,
42.3027602647,69.6213051409,1.0,
42.3027957093,69.6312895606,1.0,
42.3028173374,69.5879687307,16.0,
42.3028233316,69.5553819118,1.0,
42.3029063017,69.5804508979,4.0,
42.3029756845,69.5789221616,8.0,
42.3030149986,69.6369149908,1.0,
42.3030899944,69.586280003,1.0,
42.303139067,69.6291599328,1.0,
42.3031730145,69.5959344863,1.0,
42.3032069198,69.5995013303,2.0,
42.3033070736,69.6376469178,2.0,
42.3033139611,69.6028681596,4.0,
42.3033804739,69.6363339627,4.0,
42.3034058024,69.5746430099,8.0,
42.3034442277,69.5772572946,8.0,
42.3034597987,69.6030953518,1.0,
42.3034911252,69.6281934067,2.0,
42.3035086862,69.6263766062,2.0,
42.3035556795,69.601681729,8.0,
42.3035593479,69.5712357756,2.0,
42.3036683033,69.5973279197,2.0,
42.3036807881,69.6255432861,16.0,
42.3037476696,69.5522641366,1.0,
42.3037485726,69.5859683278,2.0,
42.3037584268,69.54150201,2.0,
42.3037896787,69.5821656782,4.0,
42.3038039946,69.5690717804,8.0,
42.303811973,69.6337936236,2.0,
42.303838337,69.5966621756,4.0,
42.3038496468,69.5692111115,1.0,
42.3039260776,69.5732287365,8.0,
42.3039345134,69.5675815407,4.0,
42.3039720445,69.5811162236,8.0,
42.3040024469,69.5745889622,1.0,
42.3040099911,69.5676491907,1.0,
42.3040326701,69.6381764797,4.0,
42.3040652382,69.5879173381,4.0,
42.3041543727,69.5754650383,16.0,
42.3041783258,69.5836944459,2.0,
42.3042061039,69.6221618783,8.0,
42.304228605,69.6151928468,2.0,
42.304282008,69.6308067524,8.0,
42.3043293133,69.5794328609,1.0,
42.3043429354,69.5943682759,1.0,
42.3043580971,69.579640107,8.0,
42.3043901206,69.6398136696,8.0,
42.3044295135,69.6255014958,1.0,
42.3044928409,69.5910665663,4.0,
42.3045105114,69.6213728957,4.0,
42.304561714,69.6408581957,4.0,
42.3046276174,69.6110053729,4.0,
42.3046815994,69.6361934821,1.0,
42.3047649985,69.601270001,1.0,
42.3047702561,69.58759583,2.0,
42.3049040184,69.6303721755,2.0,
42.3049404214,69.5685384019,2.0,
42.3049838776,69.5895915114,4.0,
42.3050076809,69.6320738568,4.0,
42.3050988325,69.5813940961,4.0,
42.3051424426,69.5702886754,4.0,
42.3051535551,69.6832728721,1.0,
42.3051598722,69.6287503868,8.0,
42.3051661249,69.5919251927,1.0,
42.3052555755,69.5616060994,1.0,
42.3052863663,69.6197406426,2.0,
42.3052955216,69.6144861935,4.0,
42.3053170595,69.6348411146,2.0,
42.3053851816,69.6102353561,2.0,
42.3054099968,69.5717900089,1.0,
42.3056012409,69.6203566204,1.0,
42.3056950018,69.5851475036,2.0,
42.3057048124,69.6391011998,8.0,
42.3057134258,69.5838537021,8.0,
42.3057150039,69.5663099968,1.0,
42.3057875191,69.6364891629,2.0,
42.3058134111,69.569024281,1.0,
42.3058300071,69.6070250066,1.0,
42.3059447548,69.623441762,1.0,
42.3059565539,69.6282666953,2.0,
42.3059818449,69.6128015242,4.0,
42.3059824994,69.6447350031,2.0,
42.3059962735,69.575692994,2.0,
42.306100346,69.5876218472,4.0,
42.3061050031,69.6481550014,1.0,
42.3061140101,69.6401262778,1.0,
42.3062014394,69.6819829408,4.0,
42.306253055,69.626708532,2.0,
42.3062690702,69.6223496923,8.0,
42.3062739379,69.5740801095,4.0,
42.3062781854,69.6267088322,1.0,
42.3062971547,69.6062019026,2.0,
42.3063695195,69.5995196137,1.0,
42.3063700002,69.5731200029,1.0,
42.3064102467,69.6144061567,8.0,
42.3064381024,69.5770527673,8.0,
42.3064546448,69.5747409849,8.0,
42.3066002969,69.6370040113,8.0,
42.3066152833,69.5806425419,4.0,
42.30663522,69.6840017115,4.0,
42.3066359409,69.5819400488,16.0,
42.3066483008,69.565852465,4.0,
42.3066773217,69.6082396357,2.0,
42.306720005,69.5862350071,1.0,
42.306743467,69.6499165289,4.0,
42.3067700747,69.612302314,32.0,
42.3068246335,69.5757729729,4.0,
42.3068827866,69.6303645905,4.0,
42.3068952995,69.6136221017,2.0,
42.3069088931,69.6116457357,1.0,
42.306950833,69.6087910033,8.0,
42.3069541865,69.5927305987,1.0,
42.3070982906,69.6238478027,2.0,
42.3071116438,69.592049385,8.0,
42.3071394249,69.5727374085,16.0,
42.3071497982,69.5746479169,2.0,
42.3071535627,69.6442669299,1.0,
42.3071586967,69.6334736808,4.0,
42.3072494296,69.5783938683,4.0,
42.3073013803,69.6055707962,1.0,
42.3073883296,69.6284747742,1.0,
42.3074095841,69.6478518886,4.0,
42.3074199982,69.6118550551,8.0,
42.307448147,69.6249320155,8.0,
42.3074706493,69.6374828437,1.0,
42.3074826949,69.6106967251,4.0,
42.3074829397,69.6271458143,4.0,
42.3075180626,69.5827417856,4.0,
42.3075191985,69.5701073706,1.0,
42.3075251184,69.6214343236,4.0,
42.3075263642,69.5758828682,1.0,
42.3075481615,69.6436800933,2.0,
42.3075632456,69.6518934809,2.0,
42.307684024,69.5659228716,1.0,
42.3077250025,69.6490349924,1.0,
42.3077608087,69.5767222031,2.0,
42.3078620113,69.5903296475,1.0,
42.3078914516,69.5688309989,16.0,
42.30791349,69.6362405162,2.0,
42.3079602775,69.6066451898,8.0,
42.3079716468,69.5706760827,8.0,
42.3079742072,69.6138460611,1.0,
42.3079977326,69.5680490186,1.0,
42.3080481348,69.6074161541,2.0,
42.3081344133,69.5622444248,2.0,
42.308140862,69.680702573,2.0,
42.3081525081,69.6414534708,2.0,
42.3081683225,69.6268212323,2.0,
42.3081683748,69.6107053042,32.0,
42.3081688197,69.6181401176,2.0,
42.3081742034,69.6201362158,2.0,
42.3081891757,69.6181009555,1.0,
42.3081930898,69.5866270558,8.0,
42.3082068322,69.63970099,2.0,
42.3082069394,69.5922316495,2.0,
42.3082226287,69.5765126245,8.0,
42.3083121224,69.5849063769,8.0,
42.3083149035,69.6321009377,4.0,
42.3083639901,69.6341895395,2.0,
42.3084352394,69.5739036533,4.0,
42.3084550073,69.6547600028,2.0,
42.3084760292,69.6038972597,2.0,
42.3085547901,69.5984119388,1.0,
42.3085684711,69.5835243143,1.0,
42.3085845344,69.5881416555,1.0,
42.3085869036,69.6379339858,16.0,
42.3086086305,69.6163032401,2.0,
42.3086228741,69.6303564041,4.0,
42.3086333461,69.6411320772,8.0,
42.3087239086,69.6841244273,1.0,
42.3087589878,69.5906107654,4.0,
42.3087652488,69.5660477883,4.0,
42.308840216,69.5867079126,2.0,
42.308850646,69.5793833232,2.0,
42.3088649962,69.5933463221,1.0,
42.3088725486,69.6234994634,4.0,
42.3088750031,69.6393949968,1.0,
42.3088981639,69.6226192396,2.0,
42.3089173961,69.6468275034,2.0,
42.3089293482,69.5726802708,1.0,
42.308938796,69.6147870275,8.0,
42.3089773771,69.6070793273,4.0,
42.3089813072,69.583008788,16.0,
42.3089946816,69.6515488484,1.0,
42.3090652696,69.6502009728,8.0,
42.3090712428,69.6056086862,8.0,
42.3090885274,69.6283103221,8.0,
42.3091333273,69.5769046025,1.0,
42.3091461668,69.5987084937,4.0,
42.309181583,69.6353363017,4.0,
42.3091950019,69.6561200048,2.0,
42.3092320909,69.6261983124,1.0,
42.3092388843,69.6131053146,4.0,
42.3092457975,69.5777494831,16.0,
42.3092554013,69.5679235992,4.0,
42.3092647994,69.6371275534,1.0,
42.3092844622,69.6210364523,4.0,
42.3092950034,69.6242000009,1.0,
42.3094336683,69.6024964185,8.0,
42.309497212,69.6426382658,2.0,
42.3095428703,69.6451712457,8.0,
42.309572439,69.6257200224,4.0,
42.3096332805,69.5607698074,4.0,
42.3096564815,69.6400584531,4.0,
42.3096974816,69.6118341975,2.0,
42.3097541726,69.6500412091,4.0,
42.3097836376,69.634521297,2.0,
42.3097943748,69.5882130367,4.0,
42.3098896365,69.6133854466,1.0,
42.3099027504,69.5942852833,4.0,
42.3099449279,69.6007938608,16.0,
42.3099841475,69.581413987,1.0,
42.3100272149,69.6229481642,1.0,
42.3100598695,69.5811459986,4.0,
42.3100637142,69.658242665,1.0,
42.3100685957,69.623864924,2.0,
42.3100714739,69.6324872076,8.0,
42.3100722808,69.5794163579,16.0,
42.3101300111,69.568708409,2.0,
42.3101736082,69.6274839555,2.0,
42.3102089828,69.5652659981,1.0,
42.3102240038,69.6029373227,4.0,
42.3102638987,69.5700944527,1.0,
42.3102650076,69.6341849969,1.0,
42.3103286041,69.6549914318,4.0,
42.310365,69.6167599917,1.0,
42.3104305226,69.6317770324,2.0,
42.310434062,69.6411751505,1.0,
42.3104517265,69.6193971427,1.0,
42.3104758648,69.6030409886,1.0,
42.3104868526,69.5651414398,4.0,
42.3105601985,69.5937836738,1.0,
42.3105707331,69.6382741814,4.0,
42.3105738257,69.5808002906,2.0,
42.3106276391,69.6104437068,16.0,
42.3106467415,69.6361036204,4.0,
42.3107156546,69.6155411614,2.0,
42.3107471001,69.5953783787,8.0,
42.3107618127,69.6284507121,4.0,
42.3108329264,69.6529571369,2.0,
42.3108352435,69.5787402288,1.0,
42.3108696567,69.6246932462,4.0,
42.3109197256,69.6218974351,2.0,
42.3109899992,69.6013161345,4.0,
42.3110216125,69.577082849,16.0,
42.3110330925,69.5911550554,1.0,
42.311039894,69.639794333,2.0,
42.3110897174,69.5587344202,4.0,
42.3110903793,69.5618460443,2.0,
42.3111222577,69.5929154651,2.0,
42.3111619363,69.6199573814,2.0,
42.311170913,69.6425251834,8.0,
42.3111807381,69.5752712086,8.0,
42.3111962252,69.6132856239,2.0,
42.3112120741,69.5988034643,8.0,
42.3112157209,69.6423636058,4.0,
42.3112188496,69.6056083483,2.0,
42.3112211522,69.5553373297,1.0,
42.3112515324,69.6488730223,1.0,
42.3112636697,69.6347820449,2.0,
42.3112999131,69.5837081255,4.0,
42.3113038439,69.5892950222,2.0,
42.3113099981,69.6453399999,1.0,
42.311327679,69.626556539,8.0,
42.3113417366,69.6301704882,8.0,
42.3113870731,69.5674363917,2.0,
42.3114163085,69.5568800635,2.0,
42.3114177026,69.5632146537,4.0,
42.3114858359,69.6461082281,4.0,
42.3114894109,69.5736248386,8.0,
42.3114924554,69.5624987906,1.0,
42.3115345817,69.575785932,1.0,
42.3115652524,69.6440062165,4.0,
42.3115660172,69.6566851816,4.0,
42.311609431,69.613294793,1.0,
42.311751926,69.6109394498,4.0,
42.3117936554,69.6259983234,1.0,
42.3117962935,69.6013147025,8.0,
42.311802161,69.6164347685,8.0,
42.3118416191,69.5647813196,2.0,
42.3118637434,69.6157138504,1.0,
42.3118940052,69.5720900505,8.0,
42.3119403119,69.6392571026,8.0,
42.3119692184,69.6247498487,16.0,
42.3119693826,69.597784884,2.0,
42.3119817552,69.6339511353,4.0,
42.3120662489,69.5703182834,1.0,
42.3120762438,69.5852231134,8.0,
42.3120960976,69.5694197885,8.0,
42.3122040689,69.5660175738,8.0,
42.3122053321,69.6494713071,4.0,
42.3122057302,69.6123464484,16.0,
42.3122125946,69.5803185789,1.0,
42.3122656938,69.6360929621,1.0,
42.3123212368,69.5608733058,4.0,
42.3123763672,69.6395708905,1.0,
42.3124659561,69.6009728371,2.0,
42.3124666251,69.5784882222,1.0,
42.3124710707,69.6231620461,4.0,
42.3124831652,69.611854126,2.0,
42.3125117609,69.5787959705,16.0,
42.3125170901,69.5842031943,2.0,
42.3125261603,69.5684166205,2.0,
42.3125705041,69.6358424703,4.0,
42.3125852995,69.6094172313,2.0,
42.3125914628,69.5822934456,2.0,
42.3126014617,69.6289981927,4.0,
42.3126326992,69.5931634813,1.0,
42.3126562595,69.6028676554,1.0,
42.3126699072,69.5738790689,1.0,
42.312716106,69.6218471126,8.0,
42.3127705485,69.6085111785,1.0,
42.3127970314,69.5595787891,2.0,
42.3128307453,69.6304639055,2.0,
42.3128471872,69.6495907687,1.0,
42.3128485633,69.6175034288,1.0,
42.3128649093,69.6073056046,2.0,
42.3128658824,69.6200983945,16.0,
42.3129063635,69.6190737194,4.0,
42.3129364728,69.5544787394,1.0,
42.3129495036,69.6609092555,4.0,
42.3129598162,69.6058368548,2.0,
42.3129747613,69.5990218006,8.0,
42.3129750113,69.5872844893,4.0,
42.3129991945,69.6158640587,2.0,
42.3130503425,69.6035571156,4.0,
42.313082077,69.593140078,2.0,
42.3130971712,69.6511527075,2.0,
42.3131494201,69.5806239229,4.0,
42.3131633165,69.6214373142,4.0,
42.3132039853,69.5623446716,8.0,
42.3132055812,69.6577429048,8.0,
42.3133346976,69.5773812005,4.0,
42.3133760483,69.6176377217,2.0,
42.3134039002,69.6481139461,1.0,
42.3134203546,69.6020586982,16.0,
42.3134682093,69.6008853634,1.0,
42.3134817155,69.5636389368,2.0,
42.313502102,69.5710407561,4.0,
42.3135272355,69.6165112874,4.0,
42.3135696027,69.5613281134,1.0,
42.3135988173,69.6330364678,4.0,
42.3136136069,69.6115259138,4.0,
42.3136139768,69.6000424921,4.0,
42.3136322788,69.6106030692,2.0,
42.3136553326,69.5652317354,2.0,
42.313663034,69.582052754,8.0,
42.3136791455,69.6256650353,2.0,
42.3137479086,69.5680976915,4.0,
42.3137698343,69.5970777819,4.0,
42.3137831492,69.5909515942,2.0,
42.3137928641,69.572639421,2.0,
42.3138304688,69.5953190885,1.0,
42.3138806249,69.6549970072,1.0,
42.3139269758,69.5796812562,2.0,
42.3139510314,69.6468652507,4.0,
42.3139609743,69.6459695087,2.0,
42.3139867224,69.5994027545,1.0,
42.3139920258,69.5706268987,1.0,
42.3140188273,69.6075384211,8.0,
42.3141125775,69.6366883211,1.0,
42.31411482,69.6315416522,2.0,
42.3141154842,69.6160774148,1.0,
42.3141160699,69.6016549012,2.0,
42.3141190634,69.6548693948,2.0,
42.3141792827,69.6096928633,8.0,
42.3141893015,69.583638128,8.0,
42.3141893084,69.5859568356,8.0,
42.3141961332,69.639425736,4.0,
42.3142342584,69.6147498772,4.0,
42.3142352112,69.6591637467,4.0,
42.3142806961,69.6141197549,1.0,
42.3143830071,69.6065278794,4.0,
42.3143901923,69.5933221587,1.0,
42.3144264964,69.6283009987,2.0,
42.3144278503,69.5626220069,1.0,
42.3145005119,69.6024574671,4.0,
42.3145124196,69.5791639026,8.0,
42.3145587326,69.5992562755,2.0,
42.3145750953,69.6258252,8.0,
42.3145875768,69.574867479,4.0,
42.3146148449,69.6426482325,4.0,
42.3146709412,69.5943672567,8.0,
42.3146914791,69.5547247033,1.0,
42.314726508,69.6316840405,4.0,
42.3147415744,69.5815182452,4.0,
42.3147752413,69.6514511467,4.0,
42.3148309946,69.6562338475,2.0,
42.314872568,69.5800703283,4.0,
42.3149173808,69.611499713,8.0,
42.3149373094,69.6457701371,1.0,
42.3149445734,69.5925883112,2.0,
42.3149727296,69.5598601497,1.0,
42.314974998,69.6487849996,1.0,
42.3149799624,69.6349496955,8.0,
42.3150518513,69.6647895992,1.0,
42.315057811,69.6605765754,1.0,
42.3152045995,69.5586909787,8.0,
42.3152150045,69.6411649991,1.0,
42.3152795585,69.6397008275,2.0,
42.3152941223,69.563277142,4.0,
42.3153284707,69.633491792,1.0,
42.3153814792,69.621824459,2.0,
42.3153946748,69.6546506334,1.0,
42.3153994835,69.6165158319,8.0,
42.3154011472,69.5565731955,8.0,
42.3154630264,69.6049315926,2.0,
42.3155017789,69.6239691997,2.0,
42.3155046879,69.5780844918,2.0,
42.315511519,69.5921145352,4.0,
42.3155133191,69.5671458201,2.0,
42.3155676126,69.6006990434,2.0,
42.3156082912,69.5618309652,8.0,
42.3156693296,69.5892947387,8.0,
42.3156818137,69.6102035508,8.0,
42.3156904637,69.6088310089,2.0,
42.3157370352,69.6080580971,4.0,
42.3157727034,69.652336171,2.0,
42.315784162,69.5810740016,8.0,
42.3158171509,69.632311386,8.0,
42.3158872986,69.6132050129,1.0,
42.3158999606,69.5727070625,2.0,
42.3159512831,69.6266703278,2.0,
42.3159624034,69.6168387268,1.0,
42.3159642524,69.6271961612,8.0,
42.3159657113,69.6471626146,2.0,
42.31596759,69.5844164256,8.0,
42.3159943913,69.5795853975,8.0,
42.3160101463,69.6341388443,2.0,
42.3160104762,69.5916809412,1.0,
42.3160131191,69.5533286626,1.0,
42.316020526,69.6573039724,2.0,
42.3160354909,69.5577428041,2.0,
42.3160964889,69.6409155927,2.0,
42.3161197841,69.6443710541,2.0,
42.3161421094,69.654414496,4.0,
42.3161732032,69.5959661165,2.0,
42.3162291447,69.5589247613,1.0,
42.3162466767,69.6062852352,16.0,
42.3163271137,69.6374116122,2.0,
42.3163319995,69.6310922158,1.0,
42.316365516,69.5909032911,2.0,
42.3163819165,69.5645081974,2.0,
42.3163994868,69.6167604286,2.0,
42.3164000012,69.6296200078,1.0,
42.3164095334,69.6287658016,2.0,
42.3164338007,69.5943424918,2.0,
42.3164840917,69.5924559745,2.0,
42.3164931534,69.5801147827,1.0,
42.3165020025,69.6430323764,4.0,
42.3165200042,69.648834997,1.0,
42.3165773336,69.5996407683,2.0,
42.3166047141,69.6150338174,2.0,
42.3166377809,69.5451308615,2.0,
42.3166408337,69.5794062411,2.0,
42.3167330615,69.6107838334,2.0,
42.3167445785,69.5978301134,8.0,
42.316770006,69.6326449998,1.0,
42.3167702919,69.6077825297,1.0,
42.3168168499,69.56070495,8.0,
42.3168202294,69.6315442263,2.0,
42.3168718274,69.6121534462,8.0,
42.3168914631,69.5542100829,2.0,
42.3169242789,69.644986879,4.0,
42.3169247035,69.5551874219,1.0,
42.3169526823,69.6143699751,1.0,
42.3169705367,69.5766807064,2.0,
42.3169802166,69.6052388613,4.0,
42.3169881664,69.5566086038,8.0,
42.3170070246,69.5802838299,4.0,
42.3170140871,69.6538284639,2.0,
42.3170270676,69.6417007827,1.0,
42.3170367832,69.6557623885,4.0,
42.317087821,69.6412078606,4.0,
42.3171049995,69.6460750103,1.0,
42.3171095539,69.5824334215,8.0,
42.3171765921,69.664537124,1.0,
42.3171769238,69.6507310216,1.0,
42.317212128,69.5453057739,4.0,
42.3172366674,69.6009991703,4.0,
42.3172982281,69.6146042031,4.0,
42.3173002266,69.6025702459,8.0,
42.3173041648,69.5438175017,2.0,
42.3173586141,69.6278259862,1.0,
42.3173755058,69.5890806694,2.0,
42.3175050021,69.6597450033,1.0,
42.3175159012,69.5809770931,8.0,
42.3175639355,69.5587522715,2.0,
42.3175796161,69.5899094383,16.0,
42.3175820779,69.6321731179,8.0,
42.3175832121,69.6545467395,1.0,
42.3176058609,69.6525392035,4.0,
42.3176358771,69.5721057053,2.0,
42.3177010034,69.6009013623,1.0,
42.3177178063,69.5788408678,1.0,
42.3177183199,69.6071838941,4.0,
42.3177833352,69.5522884056,1.0,
42.3178358709,69.5564545142,1.0,
42.317886651,69.6236236777,8.0,
42.3179379624,69.6087045319,8.0,
42.3179602151,69.63416364,4.0,
42.3179657453,69.5954718557,4.0,
42.3179737143,69.5938405366,4.0,
42.3180002374,69.6224685779,1.0,
42.3180027091,69.638609678,4.0,
42.3180046938,69.5529344316,2.0,
42.3180308345,69.5438444113,1.0,
42.3180442214,69.6191929195,2.0,
42.3180469763,69.5859037314,4.0,
42.3180661083,69.6139839409,8.0,
42.3180675012,69.6370399953,2.0,
42.3180754781,69.6572365717,4.0,
42.3180786536,69.5489295116,1.0,
42.3181020466,69.5868603971,2.0,
42.3181142675,69.6121607755,2.0,
42.3181429485,69.598291354,8.0,
42.3181894096,69.5923271746,16.0,
42.3182586662,69.5551973264,8.0,
42.3182771244,69.5600350649,1.0,
42.3182862839,69.635990141,1.0,
42.3182869659,69.5886381236,1.0,
42.3182902449,69.5907314712,2.0,
42.3182936581,69.6617066019,4.0,
42.3183117303,69.6411153848,8.0,
42.3183531879,69.5512619045,8.0,
42.3183692493,69.5795968803,16.0,
42.318394564,69.6276560137,2.0,
42.3184602584,69.6089179214,1.0,
42.3185372285,69.6315061694,4.0,
42.3185451386,69.5881304734,8.0,
42.3185481636,69.6100301262,2.0,
42.3185573414,69.5824273311,2.0,
42.3185647185,69.5924148154,1.0,
42.3185833637,69.5780053265,8.0,
42.3186268604,69.5967136023,16.0,
42.3187104864,69.5849785873,2.0,
42.3187391631,69.5686310382,1.0,
42.3187593965,69.6295493366,4.0,
42.3187872448,69.6032146597,4.0,
42.3188154532,69.5980816805,2.0,
42.3188680776,69.5724116953,8.0,
42.3188830347,69.5861510802,8.0,
42.3189235979,69.5949038828,16.0,
42.318935009,69.6331299987,1.0,
42.3189484725,69.5739089156,2.0,
42.318991361,69.5987049859,1.0,
42.3190293389,69.5625455277,8.0,
42.3190555396,70.5218397407,1.0,
42.319059751,69.607363533,2.0,
42.3190859631,69.6262400382,2.0,
42.3191060044,69.5636466554,1.0,
42.3192203822,69.5993929824,4.0,
42.3192289173,69.5769604082,1.0,
42.319267719,69.5852978626,1.0,
42.3192845694,69.5943616257,2.0,
42.3192963773,69.5460926168,2.0,
42.3193664923,69.5922576411,4.0,
42.319367861,69.5934056284,32.0,
42.3193843393,69.6373685469,8.0,
42.3194115774,69.5758416585,8.0,
42.3194381244,69.6468189954,4.0,
42.3194466028,69.5889199492,4.0,
42.3194631511,69.5807200489,8.0,
42.3194701442,69.6062764195,1.0,
42.3194963024,69.5951297835,1.0,
42.3195257161,69.6160216955,8.0,
42.3195669982,69.5531292236,2.0,
42.31959048,69.5960711784,2.0,
42.3195949988,69.6425899992,2.0,
42.3196043484,69.6402751348,1.0,
42.3196061346,69.6098488108,4.0,
42.3196095522,69.6623497852,2.0,
42.3196150068,69.6280000051,1.0,
42.3196333982,69.5420442447,4.0,
42.3196841823,69.6310064204,2.0,
42.3197359755,69.6051581114,4.0,
42.3197360893,69.6170671413,2.0,
42.3197515481,69.628738232,2.0,
42.3197950001,69.6348949946,1.0,
42.3198172507,69.6083438551,1.0,
42.3198624664,69.5912694116,8.0,
42.3198693602,69.5644660297,4.0,
42.3198715994,69.5807574536,4.0,
42.3198770616,69.5744907661,4.0,
42.3198842036,69.5984708502,8.0,
42.3198960826,69.5696123062,1.0,
42.3199327757,69.54349672,1.0,
42.3199428117,69.6025385503,8.0,
42.3199670287,69.6134711806,1.0,
42.3199687354,69.5579706934,4.0,
42.319972787,69.6194552203,2.0,
42.3199838,69.6144731541,8.0,
42.3200093853,69.6546721159,1.0,
42.3200134285,69.6644370664,8.0,
42.3200719287,69.6364457233,1.0,
42.3200903129,69.6115273958,2.0,
42.3200950036,69.5604350079,1.0,
42.3201391777,69.5650757536,2.0,
42.3201578713,69.6328778068,2.0,
42.320194589,69.6439397111,2.0,
42.3201969622,69.5972115896,1.0,
42.3201979709,69.6266561258,4.0,
42.3202512942,69.6695509536,2.0,
42.3202819066,69.5501572292,1.0,
42.32028311,69.592758599,2.0,
42.3202985134,69.5758925388,2.0,
42.3203125661,69.631937095,4.0,
42.320323786,69.5558663896,1.0,
42.3203789017,69.5898160901,8.0,
42.3203951203,69.5873008681,8.0,
42.3204183634,69.6532892936,4.0,
42.3205008075,69.5698647222,2.0,
42.3205575527,69.6005695769,8.0,
42.3205721323,69.5508194544,4.0,
42.3206100044,69.6506649898,1.0,
42.3206137858,69.6529186964,1.0,
42.3206202069,69.5792243062,4.0,
42.3206644987,69.5779895924,2.0,
42.3207085163,69.6107331009,8.0,
42.320719419,69.5714877693,2.0,
42.3207503277,69.5429092592,2.0,
42.3207533768,69.6027507754,1.0,
42.3207671371,69.5970326905,16.0,
42.3207947277,69.58101393,1.0,
42.3207948395,69.5404887616,4.0,
42.3208018005,69.5711686323,8.0,
42.320813087,69.6050935564,1.0,
42.3208206316,69.6317968775,1.0,
42.3208327877,69.5768051599,1.0,
42.3208495322,69.5841717559,1.0,
42.3208677749,69.5521901099,8.0,
42.3208790824,69.6183747705,4.0,
42.3208837545,69.6289474364,8.0,
42.3209905243,69.5940578908,16.0,
42.3210091842,69.646525667,8.0,
42.3210468212,69.6094252616,4.0,
42.3210600048,69.5918850004,1.0,
42.3210789371,69.5833365029,2.0,
42.3211191427,69.6365724835,8.0,
42.3211273609,69.6269034183,2.0,
42.3211582469,69.5533481259,2.0,
42.3212879998,69.6058315523,2.0,
42.3213118,69.5614712851,1.0,
42.3213268452,69.572656434,8.0,
42.3213389099,69.5871282306,4.0,
42.3213465725,69.5978201542,4.0,
42.3213506727,69.5673267314,4.0,
42.3213573782,69.6088184293,8.0,
42.3213820246,69.6338940417,8.0,
42.3213993492,69.5955147007,16.0,
42.3214211915,69.5726115019,1.0,
42.321423291,69.569699259,4.0,
42.3214355905,69.5893228124,1.0,
42.3215081027,69.5586438113,1.0,
42.3215412336,69.5702096712,1.0,
42.3215972656,69.5476249693,8.0,
42.3216348853,69.6080747425,1.0,
42.3216352166,69.5631696692,2.0,
42.3216433451,69.6106891464,2.0,
42.3216867101,69.5802949809,2.0,
42.321691075,69.5538790228,4.0,
42.3216921619,69.6451155671,4.0,
42.3216966092,69.5844436461,8.0,
42.3217210972,69.5393260463,4.0,
42.3217600064,69.5387499942,1.0,
42.3217770697,69.6278508315,1.0,
42.3218734371,69.6416646495,8.0,
42.3218987125,69.5958063788,2.0,
42.3220375008,69.6036424997,2.0,
42.3220405901,69.5860678195,8.0,
42.3221475708,69.6521643041,2.0,
42.3221510881,69.6476108502,2.0,
42.322151696,69.5976081985,8.0,
42.3221649964,69.646424997,1.0,
42.3222173375,69.5832473612,4.0,
42.322259363,69.5758480793,4.0,
42.3222910088,69.629572126,2.0,
42.3223047677,69.6357125425,2.0,
42.3223114556,69.6057471021,8.0,
42.3223555311,69.6157279198,1.0,
42.3223593422,69.667281607,1.0,
42.3223947551,69.5816465395,16.0,
42.3224194889,69.6437237922,8.0,
42.32244376,69.5905986081,4.0,
42.3224749983,69.6489100018,1.0,
42.3224767087,69.5623661097,4.0,
42.32250323,69.6141519014,8.0,
42.3225442659,69.5925047219,1.0,
42.3225716047,69.5557075666,4.0,
42.3226334249,69.6273687077,2.0,
42.3226711373,69.6027523246,16.0,
42.3226873581,69.5733511538,1.0,
42.3226925556,69.540765559,1.0,
42.3227254008,69.6117334141,8.0,
42.3227678381,69.6200218261,2.0,
42.3228116971,69.5873422514,4.0,
42.3228181804,69.6297957686,8.0,
42.3228231147,69.5489586507,4.0,
42.3228232242,69.6399307643,2.0,
42.3228584254,69.5792253936,16.0,
42.3228687385,69.6347150363,8.0,
42.3228698774,69.6476524044,4.0,
42.3228989266,69.6327151655,8.0,
42.3229027037,69.5405620913,2.0,
42.3229155415,69.550682764,1.0,
42.3229535935,69.5891497822,4.0,
42.3229968303,69.6051387561,2.0,
42.322997511,69.600727238,4.0,
42.3230089751,69.6388052529,8.0,
42.323030825,69.6522397039,4.0,
42.3230344815,69.5884890943,2.0,
42.3230695702,69.6310360178,2.0,
42.3231042584,69.5944810787,4.0,
42.3231400364,69.571619374,2.0,
42.3231780879,69.6070070982,2.0,
42.3231794537,69.5603880803,2.0,
42.3232181465,69.6462590326,8.0,
42.3232363703,69.6015487124,1.0,
42.3232749932,69.5829911632,8.0,
42.3232819026,69.5990871326,8.0,
42.3232878054,69.5641936931,4.0,
42.3233049422,69.5856933009,2.0,
42.3233760812,69.6209559866,1.0,
42.323377534,69.5805363996,2.0,
42.3234149431,69.6193685293,4.0,
42.3234910841,69.6040583209,8.0,
42.3235005485,69.5729395222,4.0,
42.3235274396,69.6425237235,1.0,
42.3235599639,69.6118798171,1.0,
42.3236211384,69.592247894,8.0,
42.3236217842,69.6370685786,4.0,
42.3236593779,69.5570365704,1.0,
42.3236904265,69.6084730619,4.0,
42.3237058295,69.5849569389,8.0,
42.3237211577,69.5958067605,2.0,
42.3237587011,69.5930422712,2.0,
42.3237610125,69.5898769059,8.0,
42.3237726728,69.5475378137,4.0,
42.3238097751,69.5777087885,2.0,
42.3239162902,69.6184854733,2.0,
42.3239179109,69.5594297248,1.0,
42.3239278733,69.646547316,4.0,
42.3239682923,69.5527551374,1.0,
42.3240895362,69.6105256678,1.0,
42.3241166069,69.6472982027,1.0,
42.324144919,69.5991725551,2.0,
42.3241703192,69.5866129317,8.0,
42.3241989645,69.5948464199,1.0,
42.3241990191,69.5903750649,4.0,
42.3242197769,69.5806833585,4.0,
42.324257786,69.5798462918,1.0,
42.3242700086,69.5459800049,1.0,
42.3243162667,69.6307179552,1.0,
42.3243194197,69.6131747308,1.0,
42.3243397658,69.5939108881,16.0,
42.3244567129,69.5762884531,4.0,
42.3244882367,69.6032597507,1.0,
42.3245328332,69.6354551929,4.0,
42.3245553634,69.5701556443,8.0,
42.324579589,69.6441065823,8.0,
42.3245868172,69.6185648601,1.0,
42.324590144,69.6344394737,1.0,
42.3246120137,69.6019395808,2.0,
42.3247766938,69.6051029715,4.0,
42.3248033358,69.6071044538,2.0,
42.3248454381,69.6466571067,8.0,
42.3249344199,69.5830927043,8.0,
42.3249476433,69.64760035,2.0,
42.3249653198,69.596419262,1.0,
42.3249686727,69.6095935475,2.0,
42.3250514925,69.6091513942,1.0,
42.3250681389,69.5937983422,32.0,
42.3250766226,69.6534841071,2.0,
42.3250969939,69.6389485509,4.0,
42.3251247109,69.6369288284,16.0,
42.3251419651,69.6035775812,8.0,
42.3251608193,69.5850728903,2.0,
42.3251836225,69.5879619912,4.0,
42.3251866085,69.5608106477,4.0,
42.325193876,69.5581250555,2.0,
42.3252590863,69.5720717694,4.0,
42.3252649514,69.621525932,4.0,
42.3253116328,69.5430994392,1.0,
42.3254244712,69.5589090578,1.0,
42.325470436,69.5921428102,8.0,
42.325475228,69.5812676726,2.0,
42.3254962577,69.5904875968,8.0,
42.3255162777,69.6112063416,2.0,
42.3255639333,69.5787118233,4.0,
42.3255801575,69.5933484095,2.0,
42.3255879762,69.5891899819,2.0,
42.3255908273,69.5617262531,1.0,
42.3256083517,69.6314761369,2.0,
42.3256091353,69.5542623218,2.0,
42.3256319797,69.622640904,2.0,
42.3256414783,69.6340555938,2.0,
42.32564909,69.5773665064,8.0,
42.325708334,69.5636783224,1.0,
42.32577602,69.6027169103,4.0,
42.3258200036,69.6171499801,1.0,
42.3258468121,69.5645679749,2.0,
42.3258483516,69.5165311397,1.0,
42.3258885109,69.6160353875,2.0,
42.3259273878,69.54612132,1.0,
42.3259495303,69.6076058262,1.0,
42.3259500063,69.6215799993,1.0,
42.3259807529,69.607157036,4.0,
42.3259871859,69.5798014895,1.0,
42.3259938088,69.6346824473,16.0,
42.3260465515,69.5837703984,2.0,
42.3260738538,69.5674519456,2.0,
42.3261041275,69.6460526087,4.0,
42.3261297362,69.5712585967,2.0,
42.3261359531,69.565399799,4.0,
42.326205569,69.5755586303,8.0,
42.3262074866,69.603433956,1.0,
42.3262139694,69.6052204277,2.0,
42.3262211306,69.6423690823,1.0,
42.326238325,69.6201651848,4.0,
42.3262597701,69.5957746091,4.0,
42.3263225762,69.6343985458,1.0,
42.3263791555,69.5912258954,1.0,
42.3263979186,69.5446981501,8.0,
42.3264214639,69.6417178458,2.0,
42.3264261267,69.6554789959,1.0,
42.326467106,69.6546116335,2.0,
42.3264941746,69.6014988625,1.0,
42.3265183778,69.6303929872,8.0,
42.3265415256,69.5859114479,1.0,
42.3265568994,69.5472474169,4.0,
42.3265963944,69.6315589107,1.0,
42.3266276641,69.6331529704,8.0,
42.3266405399,69.6190914579,2.0,
42.3266660261,69.5984257845,1.0,
42.3267278581,69.5530116452,4.0,
42.3267484019,69.5551947308,1.0,
42.3267874785,69.5601226829,1.0,
42.3268903435,69.6254598028,2.0,
42.3269258279,69.6349924322,4.0,
42.3269597613,69.5621844652,4.0,
42.326968276,69.5913770559,2.0,
42.3269690292,69.541069199,1.0,
42.3269911746,69.5515436266,1.0,
42.3270108981,69.5586318128,1.0,
42.3270450027,69.6148549924,1.0,
42.3270588628,69.5486980878,2.0,
42.327078735,69.5982070826,4.0,
42.3270950469,69.5458340626,2.0,
42.3271325304,69.5759160211,1.0,
42.3272672757,69.6399125343,8.0,
42.3272869838,69.623641875,1.0,
42.3273326187,69.5780522,4.0,
42.3273527761,69.6451852328,4.0,
42.3274912122,69.6152081343,4.0,
42.3275461691,69.6131762953,4.0,
42.3275981567,69.6572305181,4.0,
42.3276932084,69.6464499958,1.0,
42.3277079947,69.5792251371,2.0,
42.3277740299,69.5682815342,4.0,
42.3277762881,69.6175078072,2.0,
42.3277819487,69.5703145796,1.0,
42.32788395,69.5617395837,8.0,
42.3278958842,69.6052904032,4.0,
42.3278976135,69.5960408216,4.0,
42.3280181419,69.5521816696,4.0,
42.3280721099,69.5613304039,2.0,
42.3280833609,69.5502390477,2.0,
42.3281510794,69.6117955762,1.0,
42.328158112,69.6447206242,8.0,
42.3282190726,69.5768726937,4.0,
42.3282300042,69.6346150015,1.0,
42.3282784821,69.6302952585,2.0,
42.3283256212,69.5493463022,1.0,
42.3283643368,69.5697652007,8.0,
42.3283866754,69.5541443549,1.0,
42.3283883047,69.5447306626,8.0,
42.3284353238,69.5915607196,2.0,
42.3284789929,69.5830346855,2.0,
42.3285115669,69.6086980326,4.0,
42.3285162756,69.6314957271,16.0,
42.328520266,69.5579958197,4.0,
42.3285286435,69.5520789619,1.0,
42.3285589978,69.5661706406,1.0,
42.3285716174,69.6182128153,4.0,
42.3285957132,69.5144174479,1.0,
42.3286426685,69.5564372583,1.0,
42.3287170987,69.5988700323,1.0,
42.3287182658,69.5972531317,4.0,
42.3287995092,69.6360621053,1.0,
42.3288653464,69.6105196349,4.0,
42.3288667916,69.6612009434,2.0,
42.3289036368,69.5288877138,2.0,
42.3289106999,69.6347890915,2.0,
42.3289220677,69.5596890181,2.0,
42.3289338549,69.5808992802,2.0,
42.3289422362,69.6242028586,1.0,
42.3289814188,69.6034240569,1.0,
42.3290355384,69.5878037519,1.0,
42.3290732323,69.6403566827,1.0,
42.3290849528,69.6209406945,16.0,
42.3291471129,69.5466844607,4.0,
42.3291686824,69.6150303119,2.0,
42.3292742632,69.5967115284,8.0,
42.3292824193,69.6419412624,8.0,
42.3293213484,69.6384187353,2.0,
42.3293452413,69.5728775673,1.0,
42.3293468459,69.5294497505,1.0,
42.3293697559,69.5670396697,2.0,
42.329384554,69.6187074269,2.0,
42.3293933917,69.603579594,2.0,
42.3294215262,69.646601205,1.0,
42.329434506,69.6361502021,2.0,
42.3294485549,69.6122011125,4.0,
42.3294577419,69.5773815919,1.0,
42.3295124186,69.5247782029,1.0,
42.3295199774,69.6386764429,1.0,
42.3295631769,69.5506615614,4.0,
42.3296652164,69.5931956356,4.0,
42.3296742422,69.5526351677,2.0,
42.3297600022,69.547720002,1.0,
42.329779649,69.6426846484,1.0,
42.3298844953,69.6281204655,1.0,
42.3299018747,69.6085052789,1.0,
42.3300197331,69.5973790934,16.0,
42.3300844409,69.5315921549,1.0,
42.3301620904,69.6371988312,4.0,
42.3301876461,69.6368382818,1.0,
42.3301963533,69.5504692697,1.0,
42.3302862314,69.605466535,8.0,
42.3302919684,69.6108616022,2.0,
42.330295102,69.5961581476,1.0,
42.3303044723,69.6018709484,1.0,
42.3303078794,69.6417343548,2.0,
42.3303222436,69.6171645386,1.0,
42.3303361782,69.5931149289,2.0,
42.3303476507,69.6342696438,2.0,
42.330487371,69.6392345512,8.0,
42.330497711,69.5656843137,2.0,
42.3305561006,69.5468496865,2.0,
42.3306591098,69.615992535,8.0,
42.3307323975,69.669753997,1.0,
42.3307350468,69.6093462767,4.0,
42.3307487954,69.6094854837,2.0,
42.3307636334,69.5482237331,4.0,
42.330849092,69.642713966,8.0,
42.3308708917,69.6406018214,4.0,
42.330963154,69.6197700038,4.0,
42.3310057634,69.6709195393,2.0,
42.3310230334,69.6126203936,4.0,
42.3310274288,69.5996809042,1.0,
42.3310329263,69.666642395,4.0,
42.3310694889,69.5505786992,4.0,
42.3310955175,69.6138379198,1.0,
42.3311620927,69.5840608339,1.0,
42.3311669023,69.6357378803,1.0,
42.3312034838,69.6148270475,4.0,
42.3313010941,69.5794002195,4.0,
42.3313326329,69.526529046,1.0,
42.3313570473,69.6113158311,1.0,
42.3313604665,69.5949951924,4.0,
42.3313929079,69.5876419644,4.0,
42.3315403945,69.5935353229,1.0,
42.3315587639,69.5980871893,16.0,
42.3315903639,69.5650932795,1.0,
42.3315920606,69.5915417487,1.0,
42.3316171983,69.5979811316,2.0,
42.3316301184,69.5513778111,1.0,
42.3316382369,69.6682485435,1.0,
42.3316400002,69.6180099909,1.0,
42.331676996,69.6329813196,1.0,
42.3316894502,69.5832611158,8.0,
42.3317157968,69.562205909,4.0,
42.3317307652,69.5802680359,2.0,
42.3317401195,69.6214842894,4.0,
42.3317646749,69.5635290485,2.0,
42.3317710614,69.674947036,2.0,
42.331854647,69.5496319086,1.0,
42.3319316695,69.6128613624,2.0,
42.3319653581,69.6040348464,2.0,
42.3319695442,69.6305566635,1.0,
42.3319967493,69.6233593292,4.0,
42.3320124191,69.5594078577,4.0,
42.3320295864,69.6328048822,4.0,
42.3320650181,69.5782733053,2.0,
42.3321241036,69.5957586149,2.0,
42.3321339524,69.5964627115,1.0,
42.3321410949,69.5819275365,2.0,
42.3321766508,69.6772247764,4.0,
42.3321821631,69.6772792943,1.0,
42.3322162753,69.5233501868,2.0,
42.3322605282,69.6105149703,2.0,
42.3322644526,69.6025086741,1.0,
42.332272718,69.5852936001,4.0,
42.3324253003,69.5696311893,4.0,
42.3324332655,69.537765929,1.0,
42.3324433021,69.6459151177,2.0,
42.3324778496,69.6398294972,1.0,
42.332489966,69.6812746016,1.0,
42.3325043835,69.5711394837,4.0,
42.3325046121,69.5940520752,16.0,
42.3325488544,69.6462084062,1.0,
42.3325681253,69.5873753987,1.0,
42.3325696466,69.6409918322,8.0,
42.3325816533,69.6097361922,4.0,
42.3326370854,69.5596665829,16.0,
42.3327346778,69.5613164333,2.0,
42.3327521541,69.6733036289,2.0,
42.3327760313,69.6424625286,2.0,
42.3327803655,69.5581172533,2.0,
42.3328073636,69.5828501066,1.0,
42.3328324395,69.6075150005,1.0,
42.3328538369,69.6214481553,1.0,
42.3328587434,69.6311491393,4.0,
42.3328789978,69.5934655643,2.0,
42.3328955376,69.6322987145,2.0,
42.3329739755,69.6385857013,8.0,
42.333012264,69.5761135735,1.0,
42.3330215664,69.604105999,1.0,
42.3330277018,69.5925748081,4.0,
42.3330668777,69.6383175771,2.0,
42.3330861053,69.6338060475,8.0,
42.3331134139,69.6288990901,2.0,
42.3331315579,69.6362665389,1.0,
42.3331371923,69.5577730862,1.0,
42.3332305033,69.6156210774,2.0,
42.333247335,69.6228050593,2.0,
42.3332475101,69.5909928356,2.0,
42.3333255693,69.5601928329,1.0,
42.3334221063,69.6117933336,2.0,
42.3335026174,69.5999653909,2.0,
42.3335436726,69.5580792569,16.0,
42.3336037175,69.5837015828,8.0,
42.3337125803,69.6410494125,1.0,
42.3337249262,69.6189385173,1.0,
42.3337257838,69.5855411507,2.0,
42.3337919979,69.6031726541,2.0,
42.3338918889,69.5965391357,16.0,
42.3339094354,69.6345911901,2.0,
42.3339202823,69.6064577434,4.0,
42.3340366563,69.6320704008,1.0,
42.3340450043,69.643800015,1.0,
42.3340510089,69.557328549,2.0,
42.334061995,69.6604136222,1.0,
42.3340823004,69.587180175,8.0,
42.3341087541,69.6139690312,4.0,
42.3341108879,69.5737084885,4.0,
42.3342205314,69.620258927,8.0,
42.334267945,69.6415277115,16.0,
42.3343274619,69.6159534426,1.0,
42.3343352386,69.639085426,4.0,
42.3343518859,69.629456137,8.0,
42.3343644125,69.6783882439,1.0,
42.3344101456,69.6190880794,2.0,
42.3344155449,69.57103494,4.0,
42.3344275213,69.6260656194,2.0,
42.3344655486,69.6242959341,8.0,
42.3344698902,69.6444568391,4.0,
42.3344751867,69.6457639393,8.0,
42.3344825928,69.617682756,4.0,
42.334483183,69.5991081878,8.0,
42.3344916633,69.6279512497,4.0,
42.3345220608,69.6222886262,8.0,
42.334545802,69.5170757069,1.0,
42.3345588972,69.5890305134,8.0,
42.3346147563,69.5562228557,1.0,
42.3346611881,69.6435215856,2.0,
42.3347481495,69.5694125051,2.0,
42.3347543202,69.5236935207,2.0,
42.3347885626,69.5793239585,1.0,
42.3348458715,69.6369396053,4.0,
42.3348974572,69.6478968246,4.0,
42.3349128422,69.6303382198,2.0,
42.3349733088,69.6334721909,4.0,
42.3349750033,69.6490049958,1.0,
42.3351977692,69.6110272003,2.0,
42.3352284492,69.5154790043,1.0,
42.3352476367,69.5132092425,1.0,
42.3352770516,69.5964681352,1.0,
42.3352850044,69.575939993,1.0,
42.3352851356,69.6140700362,2.0,
42.3353207553,69.5862478465,1.0,
42.3353471629,69.6193799506,1.0,
42.3353499695,69.6347629927,8.0,
42.3353752768,69.6389476435,1.0,
42.3353975479,69.5968020986,8.0,
42.3354406784,69.6444536363,1.0,
42.3355427052,69.5196815463,1.0,
42.3355428048,69.5780909896,2.0,
42.3355718907,69.6212767566,2.0,
42.3355759171,69.6263866941,4.0,
42.3355898828,69.6270956727,2.0,
42.3356046324,69.5319785376,8.0,
42.3356489558,69.5528088641,1.0,
42.335673283,69.5553531172,4.0,
42.335694703,69.5895159918,2.0,
42.3357058214,69.6412997835,4.0,
42.3357095639,69.6399378944,2.0,
42.3357376325,69.5979534066,1.0,
42.3357390641,69.5328232984,2.0,
42.3357995647,69.6336526054,2.0,
42.3358198545,69.6448870667,8.0,
42.3358435414,69.5852816087,2.0,
42.3359273611,69.6296493495,4.0,
42.3359333405,69.6178288913,2.0,
42.3359519089,69.6432997727,8.0,
42.3359574334,69.5982003033,4.0,
42.3360026563,69.5544330234,8.0,
42.3360182628,69.6472290798,2.0,
42.3360344825,69.5254029477,2.0,
42.3360612585,69.6479454066,1.0,
42.3360966326,69.524614445,1.0,
42.336116671,69.6465259213,8.0,
42.3362201087,69.6319815492,2.0,
42.3363055538,69.63739963,1.0,
42.3363400246,69.6169201692,4.0,
42.3363535749,69.6085289905,2.0,
42.3363905959,69.615815772,2.0,
42.336397189,69.6358822302,8.0,
42.3364266251,69.572359174,2.0,
42.3364645932,69.5693384759,4.0,
42.3364704374,69.5886104224,4.0,
42.3364802771,69.5541028613,1.0,
42.3365210142,69.6152612898,4.0,
42.3365538473,69.6003160741,4.0,
42.3365757769,69.6427900677,1.0,
42.3365767823,69.5230100371,2.0,
42.3366204973,69.5567625022,1.0,
42.3366349157,69.6366834647,2.0,
42.3366497739,69.5189579568,8.0,
42.3366645354,69.5843630739,1.0,
42.3366686286,69.590351162,1.0,
42.3366900487,69.6499725002,8.0,
42.3366968313,69.6348422331,4.0,
42.3367181837,69.585046648,4.0,
42.3367275114,69.6306964632,8.0,
42.3367299981,69.5809699945,1.0,
42.3367379082,69.6291683048,2.0,
42.3367776984,69.5796688624,4.0,
42.3368550017,69.6492949856,1.0,
42.3368581068,69.6581122139,1.0,
42.3369334765,69.648172562,8.0,
42.3369963813,69.639528727,4.0,
42.3370015074,69.7182498303,1.0,
42.3370072055,69.6012890674,2.0,
42.3370081402,69.6327559074,8.0,
42.3370198818,69.5534447979,4.0,
42.3370260467,69.6070794168,4.0,
42.3370335441,69.5680310783,1.0,
42.337047962,69.6405283521,8.0,
42.3370613988,69.7086243582,1.0,
42.3371073537,69.5749194337,2.0,
42.337139694,69.6432814983,2.0,
42.3371647055,69.6006132186,1.0,
42.3372354451,69.520763716,2.0,
42.3372511928,69.6617944167,1.0,
42.3372817635,69.5872703956,2.0,
42.3373354885,69.5879580362,1.0,
42.3373531121,69.5790654265,1.0,
42.3373579522,69.6635799657,1.0,
42.3373772846,69.6444005767,1.0,
42.3374651009,69.5305860812,1.0,
42.3375228337,69.5836019141,2.0,
42.3375541466,69.6515031005,4.0,
42.3375665432,69.6099897868,2.0,
42.3376190887,69.6478383913,1.0,
42.3376291952,69.6122559031,2.0,
42.3376600014,69.5864900029,1.0,
42.3376674491,69.5221799936,4.0,
42.3378612151,69.5243614306,1.0,
42.3378787973,69.5810761286,4.0,
42.3379396666,69.645606211,2.0,
42.3379500733,69.63535283,2.0,
42.3379604351,69.6425477733,8.0,
42.338023071,69.5764758093,2.0,
42.3380264575,69.6300643441,4.0,
42.3380465806,69.6049375943,4.0,
42.3380873274,69.6379053957,8.0,
42.3381635281,69.6363927809,8.0,
42.3382836417,69.6320609738,1.0,
42.3383031631,69.6396483954,8.0,
42.3383591132,69.6487693537,8.0,
42.3383688971,69.516075196,1.0,
42.3383979947,69.5900465577,4.0,
42.3384115322,69.5457680449,1.0,
42.3384156392,69.6012169081,4.0,
42.3384299997,69.6160225015,2.0,
42.3384841731,69.6032935483,2.0,
42.3384983637,69.6076499177,8.0,
42.3387509125,69.6274546515,2.0,
42.3387746924,69.5139541403,1.0,
42.3387764055,69.6144670966,1.0,
42.3387765914,69.5986252982,2.0,
42.3388135719,69.5847871601,1.0,
42.3388217194,69.5474796037,1.0,
42.3388252482,69.6045810088,1.0,
42.3388359525,69.5203399063,1.0,
42.3388452542,69.5301060431,2.0,
42.3388466671,69.5545606516,1.0,
42.3388500531,69.5786788891,1.0,
42.3388745864,69.659832739,1.0,
42.3388934973,69.6473295361,2.0,
42.3389080486,69.5492927354,1.0,
42.3389863289,69.5558899378,2.0,
42.3390007934,69.6414928412,8.0,
42.339039893,69.6446589578,8.0,
42.3391192829,69.5866473107,1.0,
42.3391485142,69.6449285137,1.0,
42.3391641237,69.6255660818,1.0,
42.3391682871,69.6499950621,1.0,
42.3392466844,69.5575018924,1.0,
42.339264676,69.5253035251,2.0,
42.3393317255,69.6308926469,16.0,
42.3393680529,69.5994930859,1.0,
42.3393693421,69.6323329247,8.0,
42.3393871339,69.6434184416,4.0,
42.3394239936,69.574079428,8.0,
42.3394579287,69.5454129107,2.0,
42.3394644342,69.6472315163,4.0,
42.3395717389,69.5885445555,2.0,
42.3395878783,69.6355977967,1.0,
42.3396059301,69.6264272313,8.0,
42.3396133509,69.6245427704,8.0,
42.3396187676,69.6084150099,2.0,
42.3396575542,69.6392646048,1.0,
42.3396762878,69.5956478123,1.0,
42.3396799965,69.6467299915,1.0,
42.3396926441,69.628018916,4.0,
42.3397105925,69.6128040755,2.0,
42.3397884964,69.601755019,1.0,
42.339790573,69.6385798573,16.0,
42.3398024947,69.6492372713,8.0,
42.3398701592,69.5557732277,1.0,
42.3399646621,69.6406619119,2.0,
42.3400106959,69.6397269651,8.0,
42.3400790256,69.6288664821,16.0,
42.3400995039,69.5217281614,2.0,
42.3401185314,69.5794762788,2.0,
42.3401353607,69.597424516,1.0,
42.3401563325,69.6466599724,8.0,
42.3401701774,69.6341239902,4.0,
42.3401841546,69.6187905553,1.0,
42.3402313458,69.5844987085,2.0,
42.3402527452,69.6059475894,1.0,
42.3402551494,69.5822384222,1.0,
42.3403199601,69.5930924402,1.0,
42.3403708044,69.6324493957,1.0,
42.3403947067,69.5915798098,2.0,
42.3405168483,69.5490396669,2.0,
42.3405247267,69.6223630293,1.0,
42.3405437836,69.6486166567,1.0,
42.3405517292,69.5717751033,2.0,
42.340565632,69.6131615194,1.0,
42.3405862635,69.6039463849,2.0,
42.3405895877,69.6418541417,16.0,
42.3406343221,69.6147535324,4.0,
42.3406685681,69.627387801,2.0,
42.3406719337,69.6243426654,1.0,
42.34069056,69.6299882564,1.0,
42.3407498412,69.5756666786,8.0,
42.3408605892,69.5908607874,4.0,
42.3408933524,69.6299599318,2.0,
42.3409155499,69.6391722196,4.0,
42.3409210019,69.6109203367,2.0,
42.3409340195,69.5512527197,1.0,
42.3409560763,69.5734250943,1.0,
42.3409823226,69.5780211692,1.0,
42.3411326535,69.6480950202,8.0,
42.3411485103,69.6253008271,2.0,
42.3412241474,69.6112741199,4.0,
42.3412402419,69.6258901897,16.0,
42.3413050086,69.5902239798,2.0,
42.3413275908,69.5878873834,4.0,
42.3413420383,69.5918308664,1.0,
42.34153919,69.5854194074,1.0,
42.3415406157,69.6144092517,1.0,
42.3415649352,69.6230520119,8.0,
42.3416935706,69.6127536535,4.0,
42.3418597999,69.64328046,2.0,
42.3419181472,69.6723200521,1.0,
42.3419575859,69.6219377751,2.0,
42.3420218975,69.5228062964,1.0,
42.3420354425,69.604590709,2.0,
42.342053615,69.5392925537,1.0,
42.3421826235,69.6105550093,1.0,
42.3421846868,69.5744266226,2.0,
42.3422765041,69.5298527716,1.0,
42.3423375783,69.6745097087,1.0,
42.3423399935,69.5764600062,1.0,
42.3424008923,69.5929905984,1.0,
42.3424282666,69.6349708479,1.0,
42.3424597506,69.6226612393,1.0,
42.3425035265,69.5535487493,2.0,
42.3426199994,69.6374500003,1.0,
42.3426455917,69.6341030304,4.0,
42.3428267039,69.6395054429,4.0,
42.3428539643,69.5270705857,4.0,
42.3430472151,69.550051101,2.0,
42.3430993195,69.6766787851,1.0,
42.3431142357,69.6404225492,8.0,
42.3431272402,69.5915013727,1.0,
42.3431393101,69.5927543423,4.0,
42.3432045707,69.6377501743,16.0,
42.3432700667,69.6418147536,1.0,
42.3432981272,69.6191852951,1.0,
42.3433687652,69.5731674685,4.0,
42.3433689131,69.5833604167,1.0,
42.3434573148,69.588969991,1.0,
42.343458223,69.5178771434,1.0,
42.3435041827,69.6401644895,2.0,
42.3435186611,69.5804724387,2.0,
42.3436473274,69.5781791233,1.0,
42.3436488686,69.6446745085,2.0,
42.3436766038,69.6039469829,2.0,
42.3436833837,69.5812197669,1.0,
42.3436937254,69.5725222084,1.0,
42.3437278051,69.6785308352,1.0,
42.3437349948,69.6060849995,1.0,
42.3437946818,69.5519332831,1.0,
42.343809812,69.6342491849,1.0,
42.3438131203,69.6368930549,2.0,
42.3438146473,69.6235851262,1.0,
42.3438165641,69.5925323498,2.0,
42.3439060863,69.5848707735,2.0,
42.343937826,69.5539983804,1.0,
42.3440677965,69.5145071435,1.0,
42.344071043,69.6047934257,8.0,
42.3441296086,69.6424692908,2.0,
42.344131299,69.6217447604,8.0,
42.3441420342,69.6205108005,4.0,
42.3441431131,69.6178095935,1.0,
42.344148624,69.6414797035,4.0,
42.3442039978,69.6428850241,8.0,
42.344204535,69.5250703415,2.0,
42.3442238343,69.6227868597,2.0,
42.3442592203,69.6344793797,2.0,
42.3442599984,69.5751149957,1.0,
42.3442750046,69.5822774949,2.0,
42.344283554,69.5205790723,1.0,
42.3443428729,69.6395863539,4.0,
42.3443737611,69.620135011,8.0,
42.344400719,69.6353011847,16.0,
42.3444362123,69.6238630867,16.0,
42.3444921956,69.5986919444,2.0,
42.3445150049,69.6406000009,1.0,
42.3445734411,69.6384817135,1.0,
42.3446737778,69.5905960189,2.0,
42.3448515626,69.560562241,1.0,
42.3449150702,69.6379158551,4.0,
42.3449158939,69.6131005985,2.0,
42.344939852,69.5884429785,4.0,
42.3449610659,69.6164335911,1.0,
42.3449663299,69.6447107732,16.0,
42.3451538299,69.6075382437,2.0,
42.3452600028,69.6456849992,1.0,
42.3453219908,69.5180818156,2.0,
42.3453572846,69.5766286631,2.0,
42.3453859787,69.6042850689,1.0,
42.3454509093,69.6840975872,1.0,
42.3455850042,69.5812449978,1.0,
42.3455989202,69.604712973,2.0,
42.3456814709,69.6354232247,2.0,
42.3457850065,69.5207150091,1.0,
42.3459545039,69.6234116932,4.0,
42.3460116946,69.5497430752,1.0,
42.3460303099,69.6067679341,1.0,
42.3460307473,69.5596969454,4.0,
42.3460550068,69.5835350086,1.0,
42.3460578974,69.6234494679,1.0,
42.3461500051,69.5566500028,1.0,
42.3461702839,69.5429213853,1.0,
42.3462779813,69.6374741514,1.0,
42.3463841449,69.533817671,1.0,
42.346453158,69.7360342934,1.0,
42.3465054955,69.6049775901,16.0,
42.3467616239,69.5281511048,1.0,
42.3468574797,69.5583696675,4.0,
42.3469094637,69.6168615192,8.0,
42.3469192751,69.5387878033,1.0,
42.346974486,69.6129688424,4.0,
42.3470013114,69.5443004532,1.0,
42.3471050661,69.6027778549,2.0,
42.3472106635,69.6015344231,1.0,
42.347264971,69.5587625474,1.0,
42.3474001441,69.5622375186,4.0,
42.3476250092,69.5550199916,1.0,
42.3477054513,69.7088046039,1.0,
42.3478551478,69.5992793037,4.0,
42.3478802076,69.5469635218,4.0,
42.3479173869,69.5653001996,1.0,
42.3479565946,69.6188903195,1.0,
42.3479634141,69.566010863,2.0,
42.3479816811,69.6171210922,2.0,
42.3482201868,69.5909813076,1.0,
42.3482734262,69.5734015015,1.0,
42.3484524153,69.5497279189,1.0,
42.3485364157,69.5575111264,2.0,
42.3490609544,69.5542740497,1.0,
42.3491579773,69.6846719987,1.0,
42.3491865375,69.5684030433,8.0,
42.3492313951,69.5957137367,1.0,
42.3492448205,69.5983242384,1.0,
42.3494539851,69.5455600292,1.0,
42.3494895784,69.5697215905,1.0,
42.349634815,69.5694922163,2.0,
42.3498935428,69.5663499237,2.0,
42.3499582861,69.5493403728,2.0,
42.3501504635,69.5275966845,1.0,
42.3502109349,69.5566984864,2.0,
42.350380317,69.551556849,1.0,
42.3504039193,69.5723888389,2.0,
42.3505366269,69.5552371238,4.0,
42.350556194,69.588562743,1.0,
42.3509507583,69.5375595055,1.0,
42.351095363,69.6199748526,2.0,
42.351210442,69.6802868603,1.0,
42.3512145577,69.5311995176,2.0,
42.3512937388,69.5709399106,2.0,
42.3514118761,69.5294284871,2.0,
42.351510365,69.5375369553,8.0,
42.3516446294,69.5888157328,2.0,
42.3517097908,69.4949969333,1.0,
42.3519702657,69.5814790506,2.0,
42.3520697758,69.5550411378,2.0,
42.3520733002,69.5486072867,2.0,
42.3521232197,69.558240798,2.0,
42.3521520792,69.5829195351,1.0,
42.3523000676,69.5567673104,1.0,
42.3524050147,69.5967757668,1.0,
42.3528182031,69.6164715458,8.0,
42.3530335175,69.6198473894,4.0,
42.3531019724,69.6180832528,2.0,
42.3531468534,69.5499042072,1.0,
42.3533463666,69.6044706012,1.0,
42.3533470884,69.5431409989,1.0,
42.353661754,69.5835770191,1.0,
42.3538078769,69.5651951388,1.0,
42.3538301161,69.5284288427,2.0,
42.3538450063,69.5368556395,1.0,
42.3538499561,69.5547350362,2.0,
42.3538564361,69.6152455881,1.0,
42.3538899994,69.6177950034,1.0,
42.3539437749,69.5618443824,1.0,
42.3543355055,69.5891929769,1.0,
42.3543755291,69.5441772052,1.0,
42.354388325,69.5570043037,1.0,
42.3543960564,69.5580616234,2.0,
42.354498477,69.6490741765,2.0,
42.3545240809,69.5456281639,1.0,
42.3546606519,69.6466716699,4.0,
42.354771567,69.559679005,1.0,
42.354802816,69.5482313637,4.0,
42.3548560419,69.5344236281,1.0,
42.3551519107,69.5536840226,1.0,
42.355362441,69.6298069338,1.0,
42.3553938061,69.5970104663,1.0,
42.3555374005,69.5417011409,1.0,
42.355654984,69.5369074725,1.0,
42.3559140011,69.5563278882,1.0,
42.3560790963,69.5519071992,1.0,
42.3561218902,69.6193475991,1.0,
42.356338273,69.5444564872,1.0,
42.3565649523,69.5704047748,1.0,
42.3566550007,69.535135002,1.0,
42.3567057885,69.5404013784,2.0,
42.3570943308,69.5467796791,2.0,
42.3571580439,69.6204743152,1.0,
42.3572414946,69.5288459958,1.0,
42.3574131067,69.5516760153,2.0,
42.3574750177,69.6186675062,2.0,
42.3576027857,69.626915014,1.0,
42.3576549995,69.5546649972,1.0,
42.3576603178,69.6552813745,1.0,
42.3576628236,69.6225077407,1.0,
42.3577637038,69.5461661928,1.0,
42.3579536812,69.6251058961,1.0,
42.3580456656,69.5512322582,1.0,
42.35847797,69.5892559616,1.0,
42.3584819291,69.5474611542,4.0,
42.3588482702,69.5443062063,1.0,
42.3589650715,69.5676821291,1.0,
42.3590813779,69.5530992175,1.0,
42.3590905148,69.6199717675,1.0,
42.3594767662,69.6317059364,1.0,
42.3595376756,69.5880879666,1.0,
42.359554223,69.5502861253,1.0,
42.3596268454,69.6273358625,1.0,
42.3596377902,69.6273872585,2.0,
42.3596652841,69.6198032628,8.0,
42.3597577549,69.5472763604,2.0,
42.3604478903,69.5326859263,1.0,
42.3610694397,69.6262707195,16.0,
42.3610718202,69.6282488596,1.0,
42.3610782855,69.5403902737,1.0,
42.3610861557,69.5487446401,2.0,
42.3612850459,69.62469669,16.0,
42.3613348086,69.6213053403,1.0,
42.36136295,69.6252401437,2.0,
42.3614078541,69.6227815095,2.0,
42.3618562633,69.5730635325,1.0,
42.3619111403,69.6223424076,8.0,
42.3619964025,69.6237581893,32.0,
42.3620830141,69.6273905848,2.0,
42.3621855628,69.6279768858,4.0,
42.3626552195,69.6215736244,4.0,
42.3626591521,69.6261880749,1.0,
42.3631141256,69.6236787968,1.0,
42.3632180305,69.5834104288,1.0,
42.3632955091,69.551375303,2.0,
42.3633019328,69.628427698,2.0,
42.3635663627,69.6285896226,16.0,
42.3636100852,69.5877616249,1.0,
42.363736072,69.630169879,2.0,
42.3639125954,69.623284646,8.0,
42.3640304169,69.6249326291,2.0,
42.3640463874,69.6268731637,1.0,
42.3642316417,69.6288966577,4.0,
42.3643060565,69.5721324769,2.0,
42.3643921499,69.5738273754,1.0,
42.3647327673,69.5830722603,1.0,
42.3647368852,69.62681973,8.0,
42.3649237192,69.6275398084,2.0,
42.3651882389,69.625294411,8.0,
42.3652582682,69.6236775866,4.0,
42.3654292224,69.6260577076,2.0,
42.366372509,69.5847147976,1.0,
42.3670378029,69.5053916911,1.0,
42.3670757855,69.6450197952,1.0,
42.3672248459,69.645737859,2.0,
42.3673772919,69.5120983348,1.0,
42.3675709805,69.5792607478,1.0,
42.3683753277,69.5104456149,4.0,
42.3685876342,69.5133226678,1.0,
42.3687781874,69.5160143489,2.0,
42.369162962,69.5725044716,4.0,
42.3691899044,69.5743204124,2.0,
42.3691939776,69.5735067261,1.0,
42.3692934242,69.4982805657,1.0,
42.3704636592,69.6542727814,1.0,
42.3706669608,69.6751285241,1.0,
42.3721348344,69.5054811364,1.0,
42.3723472211,69.6445028839,1.0,
42.3728563923,69.5686938597,1.0,
42.3730849424,69.6940047808,1.0,
42.3731862282,69.6537909131,1.0,
42.3749585944,69.646169325,1.0,
42.3751888773,69.6282316496,2.0,
42.3752503293,69.5096844493,1.0,
42.3761757222,69.6443355419,1.0,
42.3769312251,69.6429099667,1.0,
42.3771557777,69.6296299005,4.0,
42.3772145873,69.5796287459,1.0,
42.3773528473,69.6302331298,1.0,
42.3774382605,69.632711911,1.0,
42.3780268837,69.6458606721,2.0,
42.3783390785,69.6455966402,1.0,
42.3786214135,69.6329181388,2.0,
42.3792750153,69.5600909163,1.0,
42.3797052097,69.6315442509,1.0,
42.3805954788,69.6050720311,1.0,
42.3807407938,69.6299268858,1.0,
42.3812367997,69.6182217165,1.0,
42.3814591247,69.5208982153,1.0,
42.3817307538,69.6168053013,1.0,
42.3820732459,69.4919676625,1.0,
42.3827235612,69.6329350458,1.0,
42.3830301115,69.6521559079,1.0,
42.3848821897,69.594775125,1.0,
42.3860660697,69.5745471088,1.0,
42.3865716231,69.4951370958,1.0,
42.389000974,69.6426079123,1.0,
42.39304763,69.5632750917,1.0,
42.3986950559,69.5594616401,1.0,
42.400743824,69.5604033331,1.0,
42.4007721508,69.5582892735,1.0,
42.4126291086,69.6590982815,1.0,
42.4375145668,69.5446514916,2.0,
42.4393141865,69.5325266508,1.0,
42.4398060432,70.0187938661,1.0,
42.4405019052,69.5442578828,1.0,
42.4456674321,69.9637685756,1.0,
42.4551567769,69.5475711362,1.0,
42.4553701778,69.5481445985,2.0,
42.4555862278,69.5500437251,1.0,
42.4570008426,69.5610506283,1.0,
42.4744094529,69.4392351701,1.0,
42.5395324607,70.0540248856,1.0,
42.6744332307,69.9525654129,1.0,
43.3188025539,68.4174810145,1.0,
42.3475677897,69.6154609928,8.0,
42.3256789979,69.6438891823,8.0,
42.3072065541,69.5863511009,8.0,
42.3145486111,69.61283558,16.0,
42.321971168,69.574320132,8.0,
42.3318477034,69.5545667851,8.0,
42.3342618702,69.6088599366,8.0,
42.341360515,69.6395348859,4.0,
42.3140985149,69.5600958022,8.0,
42.3157868101,69.6301769355,8.0,
42.3229667396,69.5682273962,4.0,
42.3264591619,69.6368284173,8.0,
42.3390458648,69.5773596091,4.0,
42.3188006579,69.6460004159,4.0,
42.3242514519,69.5512408162,8.0,
42.312331986,69.6232215657,4.0,
42.3095633866,69.6099666593,4.0,
42.3129799431,69.6529136037,8.0,
42.2785830514,69.6053337799,4.0,
42.3272854461,69.6327308136,4.0,
42.3042619562,69.6086894537,4.0,
42.3166011983,69.5874470971,16.0,
42.3171700906,69.6252443237,4.0,
42.3293786448,69.6003441527,8.0,
42.2980167055,69.6076734147,4.0,
42.3277703414,69.5713981217,8.0,
42.3139851381,69.6440108348,16.0,
42.3027428012,69.5900123555,8.0,
42.3203374137,69.5857885662,32.0,
42.3086257413,69.6444524151,8.0,
42.3172670903,69.626875007,8.0,
42.3052030623,69.6142246334,2.0,
42.2739660714,69.6361628059,2.0,
42.3030111145,69.6242086164,4.0,
42.3427131948,69.6225660182,8.0,
42.3334568334,69.5248352696,2.0,
42.2859818333,69.5868676735,2.0,
42.3304426813,69.5568984346,4.0,
42.3175510076,69.5627426692,2.0,
42.3118429594,69.586350158,4.0,
42.3346614049,69.5877941066,4.0,
42.3445077014,69.6144867024,2.0,
42.3091955373,69.5758131984,8.0,
42.2950769334,69.6195960294,4.0,
42.3243511776,69.5965612697,8.0,
42.3281389771,69.6060558521,2.0,
42.2966599993,69.6218473452,8.0,
42.3055291179,69.6411326064,4.0,
42.2918374254,69.5421996087,2.0,
42.3064432459,69.5905175926,2.0,
42.3030837526,69.5841313286,8.0,
42.3136623217,69.6382660123,2.0,
42.3216546528,69.6077084395,8.0,
42.3302654409,69.6179897755,8.0,
42.3225386185,69.5437982788,2.0,
42.302002966,69.5977917688,2.0,
42.3186753013,69.6007779654,16.0,
42.3268420631,69.5736204021,8.0,
42.3268238555,69.5728122079,2.0,
42.3161932123,69.6036414791,16.0,
42.3002458421,69.5942326857,2.0,
42.2860576539,69.6020183656,4.0,
42.3247079967,69.6402802849,16.0,
42.3104304385,69.6188693933,8.0,
42.3553294828,69.563691196,2.0,
42.3283921135,69.62299676,8.0,
42.3074933823,69.5824132892,4.0,
42.3109024255,69.5719144154,2.0,
42.3449025707,69.5542375172,4.0,
42.3072401091,69.5637106473,2.0,
42.3316053822,69.6073130413,8.0,
42.2895277002,69.5589333299,4.0,
42.3094775758,69.561989438,2.0,
42.3150194624,69.6233841377,8.0,
42.3416150567,69.581250058,4.0,
42.3410562482,69.6432611544,16.0,
42.3287455991,69.5941999554,8.0,
42.2927138422,69.6285482937,4.0,
42.2781042438,69.6113297886,2.0,
42.3242998818,69.6422132108,8.0,
42.321970929,69.6163099498,16.0,
42.3064845143,69.568623482,16.0,
42.2774030499,69.6068583036,8.0,
42.3157918624,69.6027016002,2.0,
42.3384151363,69.5731384547,4.0,
42.2833609288,69.6078287063,4.0,
42.2955582564,69.5440039403,4.0,
42.301377495,69.587485478,8.0,
42.2976965312,69.6180372234,8.0,
42.2994744442,69.6085180084,8.0,
42.3186884938,69.6432218676,8.0,
42.3165627242,69.5935735232,16.0,
42.3582684007,69.6242400738,8.0,
42.3176441955,69.6668337931,8.0,
42.363842002,69.6266668833,8.0,
42.3041034956,69.5770373083,8.0,
42.3420274992,69.5555750044,2.0,
42.3369169435,69.5515951412,4.0,
42.3305412176,69.6649207387,2.0,
42.3213009636,69.6371103709,2.0,
