44.6740978066,78.9054939226,1.0,
44.6750486718,78.9105650703,1.0,
44.8084402332,78.8686638773,1.0,
44.8088328259,78.866847277,1.0,
44.8120329834,78.8607084057,1.0,
44.8143044775,78.8529294251,1.0,
44.8162768502,78.8478555634,1.0,
44.8308507629,78.8313099152,1.0,
44.8338969969,78.8304413408,1.0,
44.8346849239,78.8303868589,1.0,
44.8480981661,78.3446185864,1.0,
44.8482966302,78.8220950185,1.0,
44.8504238941,78.817916978,1.0,
44.8513852524,78.82135966,1.0,
44.8524900403,78.83298994,1.0,
44.8529231003,78.8227246789,1.0,
44.853398091,78.7789159987,1.0,
44.853911914,78.8217047876,1.0,
44.8542849428,78.8160609777,1.0,
44.854343041,78.7714206276,1.0,
44.8543820751,78.819089771,1.0,
44.8545204174,78.8179111906,1.0,
44.8552516337,78.7780937297,1.0,
44.8556085254,78.793215682,1.0,
44.8556640735,78.8172847922,1.0,
44.8556690138,78.7437399921,1.0,
44.8557689236,78.7742966497,1.0,
44.8557896516,78.8158382083,1.0,
44.855996306,78.7883207665,1.0,
44.8561247831,78.7450326167,1.0,
44.8571006182,78.8135951034,1.0,
44.8571377625,78.7994640305,1.0,
44.8571565402,78.7989356688,1.0,
44.8574001124,78.8115960971,1.0,
44.8574364822,78.8104505761,1.0,
44.8576916506,78.8142533883,1.0,
44.8578617866,78.7627821473,1.0,
44.8580327547,78.8088694734,1.0,
44.8582063479,78.7635876979,1.0,
44.8584200607,78.812498803,2.0,
44.8584957413,78.8092399686,1.0,
44.8587101281,78.8012648654,1.0,
44.8589670042,78.7685398362,1.0,
44.8593235535,78.7572662843,2.0,
44.8600780363,78.7633881815,1.0,
44.8600881389,78.7548209332,1.0,
44.8601003386,78.7506081419,1.0,
44.8602081768,78.7653216441,1.0,
44.8604105454,78.7291308814,1.0,
44.860500076,78.7637133566,1.0,
44.8605751024,78.7720167478,1.0,
44.8608257591,78.7684901672,1.0,
44.8609172416,78.7643035119,1.0,
44.8609666007,78.766077654,2.0,
44.8610012897,78.7629128777,1.0,
44.8610596226,78.7392659886,1.0,
44.8610639678,78.7666701923,1.0,
44.861141894,78.766914496,4.0,
44.861163997,78.7559157255,1.0,
44.8613534818,78.7685296519,1.0,
44.8614839308,78.7697290837,1.0,
44.8615225432,78.7573945222,1.0,
44.8615323557,78.7973689042,2.0,
44.8615513251,78.7660825462,2.0,
44.8616260427,78.7631840496,1.0,
44.8617309109,78.7669739252,1.0,
44.8618732013,78.7673589634,2.0,
44.8618838948,78.7949735245,1.0,
44.8620310746,78.8003402858,1.0,
44.8621280915,78.7680037273,2.0,
44.8622339736,78.7394279431,1.0,
44.8622340563,78.7791733081,1.0,
44.8624129349,78.7671030325,1.0,
44.8624282744,78.7493973915,1.0,
44.8624300912,78.7259554693,1.0,
44.8624431615,78.7663360674,1.0,
44.8625045712,78.7718780189,1.0,
44.8626534078,78.8020924369,1.0,
44.8626904702,78.7624290387,1.0,
44.8627127363,78.7740527596,2.0,
44.8628502006,78.7555704046,1.0,
44.8628791818,78.8004223096,1.0,
44.8630431289,78.7740838984,1.0,
44.8632394778,78.7709782687,1.0,
44.8636179147,78.748650792,1.0,
44.863628886,78.7981077574,1.0,
44.8636614436,78.7252977422,2.0,
44.8636661867,78.769165105,1.0,
44.8637605375,78.7295360615,1.0,
44.8637881683,78.7263888952,1.0,
44.8639364585,78.746312692,1.0,
44.8640415396,78.7703431303,1.0,
44.8642004312,78.7633956022,1.0,
44.8642031807,78.7234468103,1.0,
44.8642159497,78.7240312575,1.0,
44.86423209,78.7658440401,1.0,
44.8643014568,78.7732736029,1.0,
44.8643084782,78.7625089817,2.0,
44.8643129407,78.7596932883,1.0,
44.8643290902,78.7621137654,1.0,
44.8643315988,78.7444433096,1.0,
44.8645445994,78.768479685,1.0,
44.864618419,78.7762201824,2.0,
44.864648473,78.7322946955,1.0,
44.8646759759,78.7673755323,1.0,
44.8646818668,78.7756424154,1.0,
44.8646840041,78.7639465013,1.0,
44.8647361685,78.7395375121,1.0,
44.8647628361,78.7611561387,2.0,
44.8647815028,78.760001087,1.0,
44.8648339117,78.7240160509,2.0,
44.8648570762,78.777052121,1.0,
44.8649165869,78.7843788296,1.0,
44.8649510383,78.7764858974,1.0,
44.8650043961,78.7339122316,2.0,
44.8650598667,78.7587574291,1.0,
44.865095882,78.7690801714,1.0,
44.8651109724,78.7440697441,1.0,
44.8651960718,78.7191218472,1.0,
44.8652656855,78.719045066,2.0,
44.8654339882,78.7170862827,1.0,
44.8654751943,78.7163970664,1.0,
44.865539792,78.7243132652,4.0,
44.865552399,78.7238786903,1.0,
44.8655727236,78.7152617096,1.0,
44.865733463,78.7232385677,1.0,
44.8657491327,78.7202284996,1.0,
44.866034392,78.7553919458,1.0,
44.866054084,78.7210271777,2.0,
44.8662439608,78.7296546691,1.0,
44.8662481441,78.7765810285,1.0,
44.8662671911,78.761874912,1.0,
44.8663589498,78.7183700324,1.0,
44.866530891,78.7836169801,1.0,
44.8665595831,78.7241005436,2.0,
44.8665777335,78.7776627257,1.0,
44.8665840344,78.7252819618,1.0,
44.8668056099,78.7600173543,1.0,
44.867042411,78.7401454128,1.0,
44.8671321092,78.7805171347,1.0,
44.8673624024,78.7721256787,1.0,
44.8674700401,78.7246097772,1.0,
44.8676799248,78.7620907202,1.0,
44.8676869951,78.7387234454,1.0,
44.868287675,78.7366610162,1.0,
44.8684089866,78.7372386702,1.0,
44.8684328821,78.7779672338,1.0,
44.8684727604,78.7175518863,1.0,
44.8685206361,78.7218134983,1.0,
44.8689234871,78.7246670086,1.0,
44.8693645577,78.7871779806,1.0,
44.8694205876,78.7108135711,1.0,
44.869899905,78.7284916181,1.0,
44.8703914678,78.7674908201,1.0,
44.8705554155,78.7178297853,1.0,
44.8707693362,78.7912289756,1.0,
44.8710526592,78.7153949889,1.0,
44.8712290612,78.7695708308,1.0,
44.8712630921,78.7142027377,1.0,
44.8712990268,78.7301221955,1.0,
44.871454247,78.7700903759,1.0,
44.8717708717,78.7690304002,1.0,
44.872622879,78.7270811381,1.0,
44.8728494231,78.7355386655,1.0,
44.8729938688,78.7638334381,1.0,
44.8740706796,78.7186170415,1.0,
44.8746847422,78.7785425541,1.0,
44.8769182332,78.4565242363,1.0,
44.8773417787,78.7125005852,1.0,
44.8813248264,78.403641975,1.0,
44.8900634661,78.2978661317,1.0,
44.9145050388,78.4627433905,1.0,
44.918917379,78.4098276138,1.0,
44.9233044953,78.3569121846,1.0,
44.9320071541,78.2510326251,1.0,
44.936321639,78.1980811269,1.0,
44.9437295188,78.417276197,1.0,
44.9476585459,78.5219008445,1.0,
44.9507559186,78.4214402535,1.0,
44.9520997956,78.4689762299,1.0,
44.9565178914,78.4160268668,1.0,
44.9609107314,78.3630778301,1.0,
44.965279347,78.3101166791,1.0,
44.9682736105,78.4200473615,1.0,
44.9685921296,78.4193530676,2.0,
44.9689924114,78.4206514354,1.0,
44.9696247466,78.2571309616,1.0,
44.9697113846,78.4191054363,1.0,
44.9697459484,78.4207231389,1.0,
44.9720053747,78.422652736,1.0,
44.9723907637,78.4229006688,2.0,
44.9726543628,78.4233329198,1.0,
44.9728076686,78.4237976559,2.0,
44.9732052824,78.4206084031,1.0,
44.9732280904,78.4232228266,1.0,
44.9739797475,78.4243898482,1.0,
44.9740821463,78.4214830778,2.0,
44.9741246245,78.4250589303,1.0,
44.9744077476,78.4206548773,1.0,
44.9750059562,78.4243682172,2.0,
44.975077568,78.4218410781,1.0,
44.9797839939,78.404391886,2.0,
44.9807664522,78.5811239446,1.0,
44.9811817743,78.4050892031,2.0,
44.9816635125,78.4075300598,1.0,
44.9818292776,78.4061665276,1.0,
44.9852377028,78.5281780591,1.0,
44.9889852645,78.3982992819,2.0,
44.9891091747,78.4035478914,1.0,
44.9891630398,78.4029720236,1.0,
44.9896078771,78.3997199086,2.0,
44.9896847433,78.4752198396,1.0,
44.9904204187,78.3999230169,2.0,
44.9906604564,78.4007554768,2.0,
44.9906916852,78.3975486138,1.0,
44.990738162,78.4016195901,2.0,
44.9908359077,78.4047000214,1.0,
44.9908604457,78.3982254986,1.0,
44.9910283449,78.4024609795,1.0,
44.9912782342,78.3996561539,2.0,
44.9913270364,78.4032922083,1.0,
44.9913525814,78.3987363821,1.0,
44.9915580893,78.402026338,2.0,
44.9917685645,78.3969009646,2.0,
44.9920789767,78.3532468835,1.0,
44.9921820112,78.3546372388,2.0,
44.9922031093,78.3964055625,2.0,
44.9923241744,78.3560732539,2.0,
44.9923839347,78.4023992368,1.0,
44.992445993,78.3575859727,1.0,
44.9925029735,78.3534859237,2.0,
44.992565507,78.359143206,2.0,
44.9926108013,78.4080578343,1.0,
44.9926555812,78.4018457281,1.0,
44.9927113762,78.3609689245,2.0,
44.9927296201,78.3961148275,2.0,
44.9927817539,78.4084260426,2.0,
44.9927954427,78.3543735324,2.0,
44.9928539278,78.3982409382,1.0,
44.9928877662,78.3533847448,1.0,
44.9929441347,78.3525623229,1.0,
44.9929733902,78.3625843056,1.0,
44.9929855328,78.3596007584,1.0,
44.9930376263,78.3555925112,2.0,
44.9931594178,78.4086966765,1.0,
44.9931767342,78.3569727998,2.0,
44.9932063645,78.3703807287,1.0,
44.9932227807,78.3611022548,2.0,
44.9932390623,78.4072856919,2.0,
44.9932929557,78.3584989576,1.0,
44.9933143862,78.396593675,2.0,
44.9933492213,78.4067517568,4.0,
44.9934154598,78.360056168,2.0,
44.9934333736,78.3692071335,1.0,
44.9935785592,78.396404395,1.0,
44.9936192589,78.3627651412,1.0,
44.9936787705,78.354252408,2.0,
44.99369949,78.3955384323,1.0,
44.9937473537,78.3571275922,2.0,
44.9938691775,78.3635729132,1.0,
44.9939214947,78.4047286667,1.0,
44.9939421205,78.4057317954,1.0,
44.9940193166,78.4019856267,1.0,
44.9940194879,78.3615769095,2.0,
44.9940426313,78.3690909664,1.0,
44.9940771902,78.3971288285,1.0,
44.9940974335,78.36967094,1.0,
44.9941053666,78.4086371233,1.0,
44.9941086008,78.4222368344,1.0,
44.994148265,78.3609099043,1.0,
44.9941657388,78.3622092696,1.0,
44.9941699434,78.3622494126,2.0,
44.9941712413,78.3749963814,2.0,
44.9943124107,78.4034422991,1.0,
44.9943532966,78.3533053978,2.0,
44.9943579697,78.4030102162,2.0,
44.994396006,78.4021986081,4.0,
44.9945087929,78.4039638682,2.0,
44.9945499382,78.3523230543,2.0,
44.9945971463,78.3958020879,2.0,
44.9945994431,78.4020701559,2.0,
44.9946278729,78.4000355018,1.0,
44.9947599255,78.3967536685,1.0,
44.9947654538,78.3537563255,2.0,
44.9947700119,78.3566537349,1.0,
44.9947701731,78.3637384034,1.0,
44.9948229938,78.3623172529,1.0,
44.9948903813,78.4037092432,1.0,
44.9950145738,78.362830859,1.0,
44.9950916158,78.3587947324,1.0,
44.9951035306,78.4066582277,1.0,
44.9951361024,78.3593463467,1.0,
44.9951684264,78.4010341527,1.0,
44.9951786715,78.3598529363,2.0,
44.9952512062,78.3606249429,2.0,
44.9952930378,78.4024749291,1.0,
44.9952977389,78.3611534991,2.0,
44.9953176774,78.3638294388,1.0,
44.9953407082,78.3550400457,1.0,
44.9953635012,78.4015696897,1.0,
44.9954333208,78.3525599115,2.0,
44.9954907299,78.3620389355,1.0,
44.9955609236,78.3580601261,2.0,
44.9957321596,78.3647123692,1.0,
44.9957470903,78.3629149144,1.0,
44.995752529,78.3597936358,2.0,
44.9958006204,78.4007835823,2.0,
44.9958119929,78.3536121919,2.0,
44.9958319519,78.3607860831,1.0,
44.9958375432,78.4070328815,1.0,
44.9958403916,78.3554883846,1.0,
44.9959039624,78.3618980656,2.0,
44.9960116964,78.3637328344,2.0,
44.9960840758,78.4051192246,1.0,
44.9960885923,78.401134417,1.0,
44.9961387151,78.36438483,2.0,
44.9961645928,78.3579392429,1.0,
44.9961868768,78.3952834813,1.0,
44.9962749404,78.3532452419,2.0,
44.9962843523,78.3567067803,2.0,
44.996309202,78.3994261547,1.0,
44.9963232498,78.394058244,1.0,
44.9963242349,78.3542686462,2.0,
44.9963363595,78.4070094578,2.0,
44.996338349,78.4004094917,1.0,
44.9963984633,78.3608131319,2.0,
44.9964397052,78.4061723789,2.0,
44.9964749194,78.3957511656,2.0,
44.9964813748,78.3983637979,1.0,
44.9964914454,78.3619238591,1.0,
44.9966261099,78.3648973531,1.0,
44.9966289256,78.3633525207,2.0,
44.9966929294,78.3582030088,1.0,
44.9967133903,78.3556988082,2.0,
44.9967804444,78.3625880849,2.0,
44.9968204711,78.4051385353,1.0,
44.996865258,78.3603719879,2.0,
44.9968922791,78.397206642,2.0,
44.9969267649,78.3937416156,1.0,
44.9969551771,78.3566763908,2.0,
44.997003122,78.3644893074,1.0,
44.9970346291,78.3959576738,1.0,
44.9970515767,78.3678123808,2.0,
44.9972671689,78.3621618558,2.0,
44.9973352008,78.3945247268,1.0,
44.9974418788,78.3580783147,2.0,
44.9974420538,78.361222455,2.0,
44.9974713327,78.4000076857,2.0,
44.9974918994,78.3632603691,2.0,
44.997508353,78.3556435438,2.0,
44.9975101517,78.4029771936,2.0,
44.9975460587,78.3640948366,2.0,
44.9976209285,78.357132869,2.0,
44.9977308676,78.3958613213,1.0,
44.9977529322,78.4026651805,1.0,
44.9978305864,78.404087671,2.0,
44.9979141799,78.4033467308,2.0,
44.9980542511,78.3631698603,1.0,
44.9980835319,78.4038870691,1.0,
44.9981048541,78.3978536449,2.0,
44.9981234156,78.3640004383,2.0,
44.9981336815,78.393045179,1.0,
44.9984003075,78.3997158957,1.0,
44.998420491,78.3605980846,2.0,
44.9984672136,78.3549347169,2.0,
44.9984894445,78.3962902554,1.0,
44.9985071704,78.3692541347,1.0,
44.998521135,78.3927993743,2.0,
44.9986269054,78.3535267448,2.0,
44.9986990298,78.3634597721,2.0,
44.9987924895,78.3614576652,2.0,
44.9988127643,78.3939125547,1.0,
44.9988619849,78.3555696723,1.0,
44.9988638478,78.3956162991,1.0,
44.9992513366,78.3991749623,2.0,
44.9992557725,78.3633628461,1.0,
44.9992880626,78.3998575663,1.0,
44.9993419139,78.393396359,1.0,
44.9993827582,78.3603056262,1.0,
44.9993916653,78.3566091498,2.0,
44.9994026167,78.3579948722,2.0,
44.9994059674,78.3489320928,1.0,
44.9994276662,78.3622794865,1.0,
44.9994721253,78.3520451025,2.0,
44.9994867135,78.3940225754,1.0,
44.999510563,78.3641634698,1.0,
44.9996263114,78.392155445,1.0,
44.999697717,78.4029420627,1.0,
44.9997392275,78.3571000941,2.0,
44.9997613252,78.3586746875,2.0,
44.9997841007,78.3574098477,1.0,
44.9998196062,78.3481560281,2.0,
44.9998339244,78.3962367112,1.0,
44.9999192334,78.3545770755,1.0,
44.9999664093,78.3930308482,2.0,
45.0000060318,78.3497670553,1.0,
45.0000163383,78.3976499895,1.0,
45.000051253,78.4350837167,1.0,
45.0000687826,78.3628773177,2.0,
45.0000704265,78.3562456871,1.0,
45.0001216059,78.3636700959,1.0,
45.0001416091,78.361682361,1.0,
45.0001651183,78.3986436229,2.0,
45.0001728289,78.3606321071,2.0,
45.0001964462,78.4016980793,2.0,
45.0002255047,78.346863448,2.0,
45.0002442966,78.3966400093,2.0,
45.0002927785,78.3578994354,1.0,
45.0004099279,78.3539716139,1.0,
45.0004305021,78.3603710057,1.0,
45.000487917,78.4041193159,1.0,
45.0004882607,78.3486921772,2.0,
45.0005929963,78.3551160454,2.0,
45.0005937026,78.359188769,1.0,
45.0006259206,78.362791766,2.0,
45.0006568268,78.3501174877,1.0,
45.0006992938,78.4357237762,1.0,
45.000713223,78.3481598444,1.0,
45.0007565502,78.3633916272,2.0,
45.0007606686,78.359742434,1.0,
45.0007656653,78.3993430528,1.0,
45.000767982,78.3530794166,1.0,
45.000834822,78.4028970727,1.0,
45.0009088461,78.3494767391,2.0,
45.0009319145,78.4000065222,1.0,
45.0010531677,78.403543219,2.0,
45.001068208,78.3468013385,1.0,
45.0010683265,78.3589653,2.0,
45.0011084397,78.393588035,1.0,
45.0011113567,78.4045570826,1.0,
45.0011798835,78.3980409801,1.0,
45.001187571,78.3555587875,2.0,
45.0011883417,78.3538887717,2.0,
45.0012888069,78.3521735104,1.0,
45.0013710919,78.3638803509,1.0,
45.0013884989,78.3929344815,2.0,
45.0014209555,78.3629919132,1.0,
45.0014745146,78.4041778973,2.0,
45.0015701535,78.3550634007,2.0,
45.001624841,78.3598567458,2.0,
45.0017063338,78.3950422254,2.0,
45.0018073878,78.3488375241,1.0,
45.0018550668,78.3535037461,1.0,
45.0018956585,78.4033146882,2.0,
45.0019124197,78.4028609444,1.0,
45.0019502896,78.3998077092,1.0,
45.002007855,78.3456949663,2.0,
45.0020251363,78.3478295887,1.0,
45.0020362642,78.3478036195,2.0,
45.0020551939,78.3975057236,2.0,
45.0021033877,78.389389154,1.0,
45.0021475492,78.4315353328,1.0,
45.0022903892,78.3500351391,1.0,
45.002311347,78.3468111803,1.0,
45.0023756131,78.3530641777,2.0,
45.0024243984,78.3595565718,1.0,
45.0024484634,78.4360673303,1.0,
45.0024646291,78.3611088316,4.0,
45.0024940281,78.349544191,2.0,
45.0025517141,78.435218724,1.0,
45.0026491389,78.3994839977,1.0,
45.0026801587,78.4019575223,2.0,
45.0026979258,78.3490325837,2.0,
45.0027135659,78.3635523178,2.0,
45.0027147103,78.4030235292,1.0,
45.0028098223,78.3509792562,2.0,
45.0028135726,78.3976744635,1.0,
45.0028208066,78.3459068316,2.0,
45.0028454661,78.3986743828,1.0,
45.0028814848,78.3162592917,1.0,
45.0029205826,78.3936721941,2.0,
45.0029346847,78.3631422672,1.0,
45.0029486142,78.3913652092,2.0,
45.0029513978,78.3947612714,1.0,
45.0030414897,78.3483808564,1.0,
45.0031091304,78.3545152686,2.0,
45.003111687,78.3970019159,1.0,
45.0031763689,78.3540192508,1.0,
45.0032048486,78.4000225327,2.0,
45.0033209521,78.3558622923,1.0,
45.0033381,78.3537154466,2.0,
45.0033467404,78.4360188726,1.0,
45.0033571972,78.3531760052,2.0,
45.00340926,78.3600329438,1.0,
45.003418683,78.3551616983,2.0,
45.0034310633,78.390867139,1.0,
45.0034403507,78.3580484697,1.0,
45.0034828314,78.3521907929,2.0,
45.0035180063,78.4029492972,1.0,
45.003548245,78.3594882951,1.0,
45.0035600866,78.3501754978,2.0,
45.0035808006,78.4010143921,1.0,
45.0035815677,78.3527574927,8.0,
45.0036070087,78.3933748622,1.0,
45.0036089443,78.400469745,1.0,
45.0036406088,78.3924228472,1.0,
45.0038144079,78.3793033667,1.0,
45.0038465481,78.3858651978,2.0,
45.0038667956,78.3538653999,2.0,
45.0038916096,78.374194252,1.0,
45.0039242045,78.387678821,1.0,
45.0039751521,78.3764953186,2.0,
45.0039800249,78.4015296601,1.0,
45.0039814788,78.3784826329,4.0,
45.0039818522,78.3392632084,1.0,
45.0039962364,78.3896508983,1.0,
45.0040081312,78.370306466,2.0,
45.0040116009,78.3889147822,2.0,
45.0040749753,78.3763211774,1.0,
45.0040886772,78.3912129774,2.0,
45.0041380532,78.3518943747,1.0,
45.0041446956,78.3400449704,2.0,
45.0041815243,78.4347272257,1.0,
45.004215279,78.3734843511,1.0,
45.0042225609,78.3793826794,2.0,
45.0042228801,78.4320185651,1.0,
45.0042604544,78.35277287,1.0,
45.0043243543,78.3825764767,2.0,
45.004342565,78.3532626705,2.0,
45.0043988398,78.3765237326,4.0,
45.0044180827,78.3578355569,1.0,
45.0044245356,78.3882046886,2.0,
45.0044332104,78.370188238,1.0,
45.0044461366,78.3774133612,1.0,
45.0044686123,78.3851174855,2.0,
45.0045211497,78.3972581764,2.0,
45.0045869883,78.3876083309,1.0,
45.004628102,78.3783738622,2.0,
45.0046297621,78.3828487809,1.0,
45.0046480063,78.4000406186,1.0,
45.0046507628,78.3643711764,1.0,
45.0046804995,78.3950899066,2.0,
45.0046864571,78.3796378704,2.0,
45.0046876508,78.3564641064,1.0,
45.0046879405,78.3908166057,2.0,
45.0047079148,78.4345447768,1.0,
45.0047649171,78.3850917027,1.0,
45.0047687078,78.3804719759,1.0,
45.0047772244,78.3875578753,2.0,
45.0047944608,78.373336261,1.0,
45.0049203225,78.3673648556,1.0,
45.0049292349,78.4351281228,1.0,
45.0049486549,78.3596630967,1.0,
45.0049503882,78.3895853169,1.0,
45.0050400092,78.3931464787,1.0,
45.0050492129,78.3743452131,1.0,
45.0050538894,78.377122621,4.0,
45.0050721365,78.3495105525,2.0,
45.0051314636,78.3824924094,2.0,
45.0051681684,78.3698774091,1.0,
45.0051777002,78.4312492108,1.0,
45.0052428848,78.3673265761,2.0,
45.0052714324,78.401044349,1.0,
45.0052897323,78.3620523273,1.0,
45.0053325059,78.3763227126,1.0,
45.0053481595,78.3782600669,2.0,
45.005366419,78.3937089568,1.0,
45.0053702893,78.3911117318,4.0,
45.0054093467,78.3584495396,4.0,
45.0054124262,78.3713273639,2.0,
45.0054211375,78.3833606071,1.0,
45.005501388,78.3573470883,1.0,
45.0055434859,78.3893956941,1.0,
45.0055440917,78.3997152786,1.0,
45.0055532867,78.3412106885,2.0,
45.005565167,78.3640847304,1.0,
45.0055955792,78.3858037885,1.0,
45.0056065922,78.3905085848,1.0,
45.0056075174,78.3992240495,2.0,
45.0056202876,78.3399544097,2.0,
45.0056601253,78.3977522884,1.0,
45.0056630706,78.3882518354,1.0,
45.0056634016,78.3939709353,2.0,
45.0056883802,78.4352814966,1.0,
45.0057302257,78.3932208083,1.0,
45.0057657471,78.4027939465,1.0,
45.0057798319,78.3947559588,1.0,
45.0058332483,78.3592942654,2.0,
45.0058500884,78.3680935889,2.0,
45.0058638017,78.3583028148,2.0,
45.0058926447,78.3887679852,1.0,
45.0059008176,78.4309971377,1.0,
45.0059253864,78.3788179888,2.0,
45.0059397078,78.3623154407,1.0,
45.005955481,78.3962881557,1.0,
45.0059636307,78.3739728427,1.0,
45.0060204439,78.3409713889,1.0,
45.0060339952,78.3639668686,2.0,
45.0060725621,78.3633811713,1.0,
45.0060954166,78.3998359167,1.0,
45.0061317163,78.3644124573,1.0,
45.0061338741,78.360825969,1.0,
45.0061739971,78.3587990066,1.0,
45.0061921926,78.3581031172,1.0,
45.0062510597,78.3921518941,1.0,
45.0062679602,78.3651279593,1.0,
45.0062682254,78.3607449299,2.0,
45.0062744659,78.3930120374,1.0,
45.0062778431,78.3886070825,2.0,
45.0063104716,78.4023626409,2.0,
45.0063341557,78.341239202,2.0,
45.0063849953,78.3601385632,1.0,
45.0063866436,78.3754847885,2.0,
45.0063992226,78.3848507679,4.0,
45.0064169253,78.4308302499,1.0,
45.006445128,78.3979399653,1.0,
45.0064512681,78.3822377918,2.0,
45.006482439,78.3570765924,4.0,
45.0065100125,78.403324674,2.0,
45.0065252599,78.3392280458,1.0,
45.0065358986,78.367097551,1.0,
45.0065547621,78.3708426292,1.0,
45.0065615893,78.37439867,1.0,
45.0065871278,78.3420800556,2.0,
45.0066651723,78.3235531368,1.0,
45.0066677309,78.4314019359,1.0,
45.0067168235,78.3718424991,1.0,
45.0067645977,78.3891276939,2.0,
45.0067790413,78.3567206608,2.0,
45.0067827461,78.4363762908,1.0,
45.006786389,78.3906491671,1.0,
45.0067882888,78.352493743,2.0,
45.0067883618,78.4018955848,2.0,
45.0068203637,78.4010254154,1.0,
45.0068767809,78.3885219882,1.0,
45.0069274127,78.4357532642,1.0,
45.0069311308,78.3929624733,1.0,
45.0069363589,78.3955009377,1.0,
45.0069602404,78.3581961823,1.0,
45.0069707794,78.3697832785,1.0,
45.0069784872,78.3939089023,1.0,
45.0070468539,78.3069912674,1.0,
45.007068808,78.398824847,1.0,
45.0071646109,78.3392297046,2.0,
45.0071744274,78.3408436847,2.0,
45.007209873,78.3530586315,1.0,
45.0072318614,78.4016456102,1.0,
45.0072325538,78.2632398457,1.0,
45.0072386267,78.3902102107,1.0,
45.0072494011,78.3614270962,1.0,
45.0072537688,78.3595312866,1.0,
45.0072576695,78.3417239566,2.0,
45.0072686625,78.3702936217,1.0,
45.0073096236,78.3631580446,2.0,
45.0073220966,78.4032146691,2.0,
45.0073699532,78.4002548214,1.0,
45.0073973666,78.3623591707,1.0,
45.0074754586,78.3919995007,1.0,
45.0074899407,78.3959564834,1.0,
45.0075030855,78.3168755159,1.0,
45.0075157044,78.3713727594,2.0,
45.007526601,78.3672650461,1.0,
45.00753018,78.3816139888,1.0,
45.0075372156,78.3738264016,1.0,
45.007557845,78.3785865176,2.0,
45.007566137,78.4345710033,2.0,
45.0075754257,78.3428506226,2.0,
45.0075910647,78.3989686503,2.0,
45.0075970442,78.3767428531,1.0,
45.0076008891,78.3534294934,1.0,
45.0076287624,78.3798123081,1.0,
45.0076425471,78.3678368046,1.0,
45.0076666741,78.3504042403,1.0,
45.0076791992,78.4038966024,2.0,
45.0076839885,78.3687266676,1.0,
45.0077027069,78.3607655067,1.0,
45.0077221445,78.3995900078,1.0,
45.007738752,78.3967881415,1.0,
45.0077444216,78.4027315594,1.0,
45.0077829133,78.3846535155,1.0,
45.0077950786,78.3589967206,1.0,
45.007797861,78.3510739049,1.0,
45.0078288744,78.3883257246,1.0,
45.0078442972,78.3397830787,2.0,
45.0078596751,78.352008419,1.0,
45.0078783101,78.3909509774,1.0,
45.0078852515,78.3981445874,4.0,
45.0078891733,78.3778371391,1.0,
45.0079277788,78.3866121694,2.0,
45.0079844245,78.3651482901,1.0,
45.0079993638,78.3484165856,1.0,
45.0080019124,78.3906661083,2.0,
45.0080059324,78.3573417134,1.0,
45.0080321971,78.3860806543,1.0,
45.0080425771,78.3986897195,4.0,
45.0080427931,78.3759981915,1.0,
45.0080691575,78.4007162591,2.0,
45.0081048682,78.397133392,2.0,
45.008113454,78.3963287382,1.0,
45.0081693548,78.3544323763,2.0,
45.0081978618,78.3854240439,2.0,
45.0082029103,78.3657613421,1.0,
45.0082326276,78.3646758746,2.0,
45.0082386591,78.3888120641,1.0,
45.0082406031,78.3425311607,1.0,
45.0083017999,78.360116229,1.0,
45.0083073543,78.3635090207,1.0,
45.0083829357,78.3502306547,1.0,
45.0084107991,78.3594367771,2.0,
45.008433826,78.3868205897,2.0,
45.0084344798,78.3765560107,1.0,
45.008435445,78.3628590761,2.0,
45.0085068437,78.3912406537,2.0,
45.0085613574,78.3918342442,1.0,
45.0085614043,78.3934992669,2.0,
45.0086044777,78.3575735451,1.0,
45.008617296,78.3408280595,2.0,
45.0086791371,78.403984753,2.0,
45.0086891082,78.3717766518,1.0,
45.0087428056,78.4046494675,2.0,
45.0087473492,78.3413457339,2.0,
45.0087485431,78.4325959876,2.0,
45.0087617953,78.3418921671,2.0,
45.0087652108,78.391805219,2.0,
45.0087671704,78.3398985323,2.0,
45.0087889937,78.3429743881,2.0,
45.008824783,78.3852146446,1.0,
45.008827217,78.3976657227,1.0,
45.0088340822,78.3555441159,2.0,
45.0088371297,78.3822603595,2.0,
45.0088387284,78.3957725101,2.0,
45.0088449263,78.3903097965,1.0,
45.0088564846,78.3991676814,1.0,
45.0088951671,78.3799055919,1.0,
45.008929605,78.3925402567,1.0,
45.0089453007,78.388656544,1.0,
45.0089717425,78.3628176873,1.0,
45.009034187,78.3836596866,1.0,
45.009046684,78.4004431558,1.0,
45.0091747322,78.3580514802,1.0,
45.009335102,78.3927854435,2.0,
45.0093593483,78.3403172848,2.0,
45.0093664685,78.3415878552,1.0,
45.009374066,78.3426239572,1.0,
45.0093973274,78.3956784894,1.0,
45.0094207494,78.3758698131,2.0,
45.0094284377,78.3598825814,1.0,
45.0094512934,78.3740683437,2.0,
45.0094555596,78.3782763612,1.0,
45.009491498,78.3924832213,1.0,
45.0095450924,78.3943322461,1.0,
45.0095784637,78.3765671698,1.0,
45.0096063247,78.3440133669,1.0,
45.0096087373,78.3819499346,1.0,
45.0096719661,78.3839034319,1.0,
45.0096895681,78.3911650554,2.0,
45.0097164848,78.3983154887,1.0,
45.009718852,78.3905078951,1.0,
45.0097293716,78.4340537112,2.0,
45.009741598,78.4335290602,1.0,
45.009755019,78.4308780313,1.0,
45.0097951964,78.358231351,4.0,
45.0097966385,78.3862007403,1.0,
45.0098107345,78.3561781311,2.0,
45.0098134072,78.3498794611,2.0,
45.0098872865,78.3781982379,4.0,
45.0099197837,78.3791575226,1.0,
45.0099473889,78.3689739425,1.0,
45.0099642562,78.3961708093,4.0,
45.0099784292,78.3655316348,1.0,
45.0100954763,78.3445202187,2.0,
45.010096087,78.3434037415,2.0,
45.0101520122,78.3578820873,1.0,
45.0101696585,78.3988762816,2.0,
45.0102022069,78.4325393111,1.0,
45.01020518,78.4345879462,1.0,
45.0102223576,78.3721956838,1.0,
45.0102463286,78.3928513649,2.0,
45.01025487,78.3921008375,1.0,
45.0102562096,78.3537180964,1.0,
45.0103269758,78.3817713542,2.0,
45.0103714798,78.3897982314,1.0,
45.0104283163,78.388387795,2.0,
45.0104409957,78.395767455,1.0,
45.0104613871,78.4335340796,1.0,
45.0104811078,78.3972952002,2.0,
45.0104813046,78.431495822,1.0,
45.010484033,78.3439129126,1.0,
45.0105067158,78.3486709268,4.0,
45.0105202743,78.3558666611,1.0,
45.0105269633,78.3916133207,1.0,
45.0106142216,78.3861327592,1.0,
45.0106306344,78.3783474032,1.0,
45.0106318259,78.3465548373,1.0,
45.0106506897,78.3499788678,2.0,
45.0106589691,78.34314376,2.0,
45.0107003101,78.3736458253,1.0,
45.0107545449,78.3953323451,2.0,
45.0108532661,78.3900622864,2.0,
45.0108617814,78.3864393615,2.0,
45.010943989,78.3156488923,1.0,
45.0109773944,78.3816869754,1.0,
45.010992219,78.3946851863,1.0,
45.0110457611,78.3778653888,1.0,
45.0110614549,78.3591864231,1.0,
45.011080737,78.3539459121,1.0,
45.0111440184,78.3966330128,1.0,
45.0112019107,78.3770609267,1.0,
45.011209229,78.3746963819,1.0,
45.0112199488,78.3821801869,1.0,
45.0112407664,78.3546216377,1.0,
45.0112625837,78.3775189007,2.0,
45.0112744499,78.3763518043,1.0,
45.0112767465,78.382824363,1.0,
45.0112925718,78.3725396092,1.0,
45.0113175901,78.3995488813,1.0,
45.0113305796,78.3909336031,1.0,
45.011356603,78.3782543929,2.0,
45.0113591797,78.3937539522,1.0,
45.0114087708,78.3468175278,2.0,
45.0114137406,78.3562142894,1.0,
45.0114270695,78.3431805795,1.0,
45.0114894781,78.3791922162,1.0,
45.0115728899,78.3816073122,1.0,
45.0115984821,78.3859414186,2.0,
45.0116012182,78.3989431489,1.0,
45.0116839058,78.435808119,1.0,
45.0117189913,78.3618410872,1.0,
45.0117542674,78.3752284189,1.0,
45.0118046872,78.3945120691,1.0,
45.0118290076,78.3592068687,2.0,
45.0118464666,78.348359924,2.0,
45.0118622193,78.3994374963,1.0,
45.0118663572,78.3554304699,1.0,
45.0118925662,78.3456416216,1.0,
45.01190581,78.3842059447,2.0,
45.0119096929,78.3742186159,1.0,
45.0119275617,78.3932864204,2.0,
45.0119415081,78.3635013832,2.0,
45.0119595571,78.4345691503,1.0,
45.0119746024,78.4318983968,1.0,
45.0120400752,78.3787597494,1.0,
45.0120416667,78.3850814367,2.0,
45.0120506672,78.3872551109,1.0,
45.0120723343,78.4313892151,2.0,
45.0120747346,78.3920648148,1.0,
45.0121128619,78.3926706575,2.0,
45.012193373,78.3650836775,1.0,
45.0122097515,78.3461026137,1.0,
45.0122135336,78.3781847263,4.0,
45.012226356,78.3553562184,2.0,
45.0122652759,78.3583366257,1.0,
45.0122845287,78.3604152465,1.0,
45.0123142646,78.3559021339,1.0,
45.012324785,78.3439874988,2.0,
45.0123493634,78.3962438311,2.0,
45.012386632,78.3989257701,1.0,
45.0124073816,78.3481117191,2.0,
45.0124105003,78.3468188633,1.0,
45.0124160943,78.3716308625,2.0,
45.0124277105,78.3973262145,1.0,
45.0125093313,78.368517013,1.0,
45.0125149968,78.3731703014,1.0,
45.0125173247,78.3680810166,2.0,
45.0125344604,78.3969601002,2.0,
45.0125483948,78.3939084288,1.0,
45.0125610685,78.3419057684,1.0,
45.0126046648,78.3571809288,1.0,
45.0126389505,78.369972992,1.0,
45.0126408748,78.3757200396,1.0,
45.0126486544,78.3926356651,2.0,
45.0126549845,78.3846510612,1.0,
45.012671345,78.3775630016,2.0,
45.0127341002,78.3747924631,1.0,
45.0127537058,78.397654012,2.0,
45.0127569304,78.3709255695,2.0,
45.0127627769,78.3786558065,1.0,
45.0127655209,78.3768820784,2.0,
45.0127693984,78.3907695378,1.0,
45.0128947351,78.3722809277,1.0,
45.012899266,78.3721262947,2.0,
45.0129322248,78.4354283585,1.0,
45.0129349224,78.4321097074,1.0,
45.01298921,78.3660596201,1.0,
45.0130239859,78.3471114547,2.0,
45.0130466648,78.3802745912,1.0,
45.013053661,78.3430167361,1.0,
45.0130694549,78.3816210188,1.0,
45.01309599,78.3702333092,1.0,
45.0131235546,78.3896682007,2.0,
45.0131494898,78.3420627806,2.0,
45.0131993105,78.3872789971,2.0,
45.0132087983,78.3746785962,2.0,
45.0132144277,78.3730950486,1.0,
45.0132361594,78.3960659376,2.0,
45.0132560313,78.3569373008,1.0,
45.0133248953,78.3996508673,2.0,
45.0133637776,78.3764838617,1.0,
45.0133771536,78.3834304306,2.0,
45.0133993897,78.3690222566,2.0,
45.0134025434,78.3458894147,1.0,
45.0134031199,78.3605531101,1.0,
45.013408202,78.3972808972,1.0,
45.0134345911,78.4008486673,2.0,
45.0134484462,78.3593883362,1.0,
45.013455619,78.3622485978,1.0,
45.0134646029,78.3756335785,2.0,
45.013508821,78.3782453008,2.0,
45.0135094228,78.370174561,2.0,
45.0135532523,78.3472194589,2.0,
45.0135865261,78.382294425,1.0,
45.0136060433,78.3790686024,2.0,
45.013609333,78.356028816,2.0,
45.0136183513,78.3851680283,1.0,
45.0136197641,78.3545935915,1.0,
45.0136236008,78.3627740842,1.0,
45.0136314288,78.3851059514,2.0,
45.013671766,78.3796174564,2.0,
45.0136875715,78.3423646486,1.0,
45.0136967132,78.3659336801,1.0,
45.0137033301,78.3911979845,1.0,
45.0137070748,78.3800217991,1.0,
45.0137581568,78.3689200726,1.0,
45.0137609934,78.393340046,1.0,
45.013794574,78.3863269033,2.0,
45.0138267724,78.3884576995,1.0,
45.0138364699,78.640426741,1.0,
45.0138377974,78.3582499138,1.0,
45.0138552541,78.3436809742,2.0,
45.0138643427,78.3453188136,2.0,
45.0138698938,78.3466887139,2.0,
45.0138781689,78.3893107699,2.0,
45.0138905205,78.3731049172,2.0,
45.0138934976,78.3779955929,1.0,
45.0138937041,78.3761906377,2.0,
45.013894261,78.3478425787,1.0,
45.0139045025,78.3924622792,1.0,
45.0139071396,78.3934293701,2.0,
45.0139216732,78.3414819575,2.0,
45.0139419408,78.3695730897,1.0,
45.0139432819,78.3689524322,2.0,
45.0139748973,78.3600140059,2.0,
45.0139851735,78.3413397883,1.0,
45.0139853193,78.3961197096,1.0,
45.0139908157,78.3447699712,2.0,
45.013997626,78.3981665028,2.0,
45.0140072073,78.375385718,1.0,
45.0140209498,78.3684070488,1.0,
45.0140964146,78.3636387336,1.0,
45.0141727149,78.3995601296,2.0,
45.0141853765,78.3428210673,2.0,
45.0141991211,78.3648467115,2.0,
45.014224889,78.3894690466,1.0,
45.0142303265,78.3591868509,1.0,
45.0142353726,78.3493991691,1.0,
45.0142571002,78.3929678706,1.0,
45.0142614624,78.4002280614,1.0,
45.0142772338,78.3942625659,1.0,
45.0142989475,78.3810226864,2.0,
45.014418703,78.3836663999,1.0,
45.0144578578,78.3457657195,1.0,
45.0144744386,78.3781074353,4.0,
45.0144805435,78.3571668078,1.0,
45.0145016693,78.3770408398,1.0,
45.0145060994,78.3483420592,2.0,
45.0145066179,78.3719496951,1.0,
45.0145356973,78.3801642918,1.0,
45.0145413237,78.3419913702,2.0,
45.0145705529,78.3438588144,2.0,
45.014580402,78.3927944916,2.0,
45.0145833733,78.3919513577,4.0,
45.0145837171,78.3638394601,1.0,
45.0145919035,78.3468684385,2.0,
45.0145948676,78.4021459863,1.0,
45.0146298403,78.39987823,2.0,
45.0146299342,78.400515289,2.0,
45.0146876882,78.3625955991,1.0,
45.0147587809,78.3949550568,2.0,
45.0147600501,78.3945680962,1.0,
45.014781743,78.3952342499,1.0,
45.0148067348,78.3734600828,2.0,
45.0148127034,78.3956178874,2.0,
45.0148412021,78.3695180481,2.0,
45.0148589721,78.3959093438,1.0,
45.0148599134,78.4281120533,1.0,
45.0148673601,78.365307621,1.0,
45.0148976064,78.4287594702,1.0,
45.0149013811,78.3962037715,2.0,
45.0149025218,78.4265426729,1.0,
45.0149226781,78.3745537988,2.0,
45.0149363469,78.3550306287,2.0,
45.0149454463,78.3619697362,1.0,
45.0149518139,78.3429329746,2.0,
45.0149547675,78.3583807946,2.0,
45.0149547899,78.3478376613,1.0,
45.0149565257,78.362514257,2.0,
45.0150331569,78.3507741506,2.0,
45.0150712847,78.3518623868,2.0,
45.0151073175,78.3460676612,1.0,
45.0151518734,78.3647692556,1.0,
45.0151628924,78.3939069784,2.0,
45.015226158,78.3761461929,1.0,
45.0153076945,78.3931267194,1.0,
45.0153084483,78.3603355104,2.0,
45.0153248183,78.3924548553,2.0,
45.0153279771,78.3531457352,1.0,
45.0153389566,78.396571637,2.0,
45.0153817532,78.346821638,1.0,
45.0154189513,78.3635832251,2.0,
45.0154401156,78.3559868664,1.0,
45.0154962606,78.4024746266,2.0,
45.0155321688,78.3785917078,2.0,
45.0155837488,78.365724064,1.0,
45.0156462054,78.373190719,1.0,
45.015706011,78.3628557031,2.0,
45.0157090908,78.3823404715,1.0,
45.0157168951,78.3694846495,2.0,
45.0157426336,78.3439570723,1.0,
45.0157558303,78.4000184704,1.0,
45.0157717597,78.3686586939,1.0,
45.0157791111,78.3615000497,1.0,
45.0157804568,78.3814665853,2.0,
45.0158069812,78.3608898818,2.0,
45.0158355343,78.3752657832,2.0,
45.0158410856,78.4031831228,2.0,
45.015856806,78.358078079,2.0,
45.0158651513,78.395764376,1.0,
45.0158837449,78.3759983613,2.0,
45.0158857594,78.3725265703,1.0,
45.0158970102,78.3587667549,1.0,
45.0159201738,78.3442814983,2.0,
45.0159240185,78.3652177668,1.0,
45.0159395784,78.3808165061,2.0,
45.0159529769,78.3597268833,2.0,
45.0159675602,78.3634980535,1.0,
45.0159767963,78.3784003502,1.0,
45.0159864083,78.3602429302,1.0,
45.0160017085,78.402441759,1.0,
45.016060785,78.3799224786,1.0,
45.0160665632,78.3933773994,2.0,
45.0160719971,78.3515048305,2.0,
45.016118198,78.3640620402,1.0,
45.0161404256,78.3685139228,2.0,
45.0161482043,78.4001282721,2.0,
45.0161500372,78.3648191283,2.0,
45.0161503662,78.3881645169,1.0,
45.0161609502,78.3496563378,2.0,
45.0161735517,78.3887664863,1.0,
45.0162058549,78.3774060149,2.0,
45.0162086161,78.3678998684,2.0,
45.0162237043,78.3945162673,4.0,
45.0162365917,78.3915490819,1.0,
45.016251921,78.4026814746,4.0,
45.0162597689,78.3807802678,1.0,
45.0163058638,78.3551040344,2.0,
45.0163156683,78.3507310738,2.0,
45.0163303734,78.3530956204,1.0,
45.0163647036,78.3539954004,1.0,
45.0163679286,78.3953739308,2.0,
45.0163911646,78.3732378776,2.0,
45.0164047025,78.3961719953,2.0,
45.0164056223,78.3661394726,1.0,
45.0164400981,78.3697900536,1.0,
45.016494405,78.3909659674,1.0,
45.0165138321,78.3797576225,2.0,
45.0165362441,78.3461809604,1.0,
45.0165418115,78.4031167189,2.0,
45.0165509723,78.3708799798,2.0,
45.0165749228,78.3601845507,2.0,
45.0165763865,78.372024291,1.0,
45.0165780453,78.3624519725,2.0,
45.0165808396,78.3751590019,2.0,
45.016597486,78.3780317154,2.0,
45.016666359,78.3637175209,1.0,
45.0166876426,78.3937677575,1.0,
45.0167014289,78.3742784101,2.0,
45.0167076893,78.3519785121,1.0,
45.0167162188,78.3923062352,2.0,
45.016719782,78.3890136923,1.0,
45.0167473351,78.4037662702,2.0,
45.0167605114,78.3643949168,2.0,
45.0167724697,78.3759184295,2.0,
45.0167788774,78.3548790688,1.0,
45.0167829211,78.3947981663,1.0,
45.0168794017,78.3765638856,2.0,
45.0168795688,78.4241964499,1.0,
45.0169371845,78.3578918435,1.0,
45.0169498777,78.4280219845,2.0,
45.0169641378,78.427363627,2.0,
45.0169825181,78.3554281599,1.0,
45.0169994008,78.4266962638,4.0,
45.0170659717,78.3792139455,2.0,
45.0171332303,78.3564030515,2.0,
45.0171651642,78.3548647148,2.0,
45.0171668405,78.3675413004,2.0,
45.0171862102,78.3779630648,1.0,
45.0171979277,78.3573896553,2.0,
45.0172130544,78.3786116399,2.0,
45.0172774983,78.4001912705,2.0,
45.0172979607,78.3656503434,4.0,
45.0173031517,78.3881743132,1.0,
45.017309422,78.3722231661,2.0,
45.0173124751,78.3942110295,1.0,
45.0173209754,78.3977221637,1.0,
45.0173271768,78.3694225463,1.0,
45.0173318535,78.3920058958,2.0,
45.0173369218,78.379840777,1.0,
45.0173461823,78.3884374559,2.0,
45.0173483938,78.3589392902,1.0,
45.0173488109,78.3527401277,4.0,
45.0173673098,78.3979049178,2.0,
45.017368333,78.3732715374,2.0,
45.0173896998,78.3535004581,2.0,
45.0174165506,78.370970008,2.0,
45.0174297791,78.3632031163,1.0,
45.0174323326,78.3743351335,2.0,
45.017510408,78.3930437248,1.0,
45.0175104696,78.4281950429,1.0,
45.0175268257,78.3615245733,1.0,
45.0175327948,78.4238779738,2.0,
45.0175698408,78.3898429604,1.0,
45.0175777851,78.4273753895,2.0,
45.0176109174,78.3542979995,1.0,
45.0176316588,78.4253802432,1.0,
45.0176354846,78.3648172131,2.0,
45.017641827,78.3767948474,2.0,
45.0176433645,78.3750341283,1.0,
45.0176481556,78.39606653,1.0,
45.0176513179,78.3577455588,2.0,
45.0176723096,78.3628652686,2.0,
45.0177128674,78.393632484,1.0,
45.0177142164,78.3684992756,2.0,
45.0177200342,78.400543343,1.0,
45.0177341167,78.3981467903,1.0,
45.0177364188,78.3758371085,4.0,
45.017738282,78.3907777277,1.0,
45.0178058731,78.3537538881,1.0,
45.0178132665,78.3723934062,1.0,
45.017849546,78.3599467436,1.0,
45.01785849,78.3603793816,2.0,
45.0178591909,78.3576807742,1.0,
45.0178612309,78.4033357035,2.0,
45.0178723851,78.3738147902,2.0,
45.0178983922,78.363881406,2.0,
45.0179186984,78.397679613,2.0,
45.0179199126,78.3607642494,1.0,
45.0179376715,78.4038638646,2.0,
45.0179889774,78.4021910139,4.0,
45.0179944357,78.3662707173,2.0,
45.0180187256,78.3624377828,1.0,
45.018071534,78.3788999549,1.0,
45.0181146588,78.3796921683,2.0,
45.0181169599,78.3987687808,2.0,
45.0181202706,78.4243476069,1.0,
45.0181203716,78.3645960682,2.0,
45.0181487981,78.4253507126,2.0,
45.01815221,78.3927436273,1.0,
45.0181582662,78.3929613562,2.0,
45.0181718567,78.4029663692,4.0,
45.0181792979,78.3668745609,1.0,
45.0181817291,78.3557111571,1.0,
45.0182820063,78.3779923876,1.0,
45.018293626,78.3658965622,1.0,
45.0183007237,78.3751510776,2.0,
45.018312353,78.4007216163,2.0,
45.018312753,78.3683869829,1.0,
45.0183388411,78.5874471319,1.0,
45.0183401436,78.4024734811,2.0,
45.0183521272,78.3944246775,1.0,
45.0183603016,78.3544003425,1.0,
45.0183787563,78.358669431,1.0,
45.0183905585,78.3905955539,1.0,
45.0184188893,78.3951662847,1.0,
45.0185142611,78.3575349716,2.0,
45.0185234384,78.3613775927,1.0,
45.0185356906,78.3756827723,2.0,
45.0185614431,78.3598425825,1.0,
45.0185753967,78.3817366017,1.0,
45.0185793546,78.3706018859,1.0,
45.0186075713,78.3627121496,2.0,
45.0186206174,78.393063787,1.0,
45.0186537913,78.4237770863,1.0,
45.018658236,78.3932357197,2.0,
45.0186758519,78.3555253128,2.0,
45.0186984926,78.3944677052,2.0,
45.0187212627,78.4256884765,2.0,
45.0187458124,78.4269364483,2.0,
45.0187687978,78.4280374401,1.0,
45.0187694009,78.3925286323,1.0,
45.0187840684,78.3746728625,1.0,
45.018872058,78.3409452132,2.0,
45.0188727849,78.3939269076,2.0,
45.0189092424,78.3555275339,1.0,
45.0189495158,78.3574213039,1.0,
45.0189924639,78.3755059374,1.0,
45.0189984416,78.3580285642,1.0,
45.0190555733,78.3418805331,2.0,
45.0190630052,78.3698914358,2.0,
45.0190919155,78.3542268029,1.0,
45.0191253206,78.3756294127,2.0,
45.019159231,78.3738203651,1.0,
45.0192245669,78.3516715782,1.0,
45.0193345097,78.3750651227,2.0,
45.0193494686,78.3716411728,1.0,
45.0193659773,78.3530949947,4.0,
45.019385514,78.3708621998,2.0,
45.0193860029,78.3612789461,2.0,
45.0193907582,78.393855649,1.0,
45.0194110679,78.390533519,1.0,
45.0194170202,78.3917190889,2.0,
45.0194430025,78.3691954631,1.0,
45.019468438,78.3923983743,2.0,
45.0195091315,78.3741719924,2.0,
45.0195123802,78.3710109654,1.0,
45.0195154657,78.3746115387,1.0,
45.0195218002,78.3808546871,1.0,
45.0195247497,78.3828794853,1.0,
45.0195301599,78.3759900402,1.0,
45.0195549152,78.3816312924,1.0,
45.0195700163,78.3932953775,1.0,
45.0195758054,78.3782046596,1.0,
45.0195893723,78.3447834784,2.0,
45.0196552963,78.3532186231,1.0,
45.0197275246,78.3773913441,1.0,
45.0197465842,78.356289224,1.0,
45.0197685226,78.3616711649,1.0,
45.0197705061,78.3652382926,1.0,
45.0197933649,78.3913495197,2.0,
45.0198037054,78.3859210691,1.0,
45.0198463186,78.3629770612,1.0,
45.020020919,78.3714321628,1.0,
45.0200249871,78.3571726464,1.0,
45.0200473128,78.3612077505,2.0,
45.0201047191,78.3779414471,1.0,
45.0201195896,78.3789019409,1.0,
45.020168987,78.3809674123,2.0,
45.0201708663,78.3513488197,1.0,
45.0202104393,78.3816722862,2.0,
45.0202504304,78.3826800081,2.0,
45.0202596486,78.3705264818,1.0,
45.0202739551,78.3724108939,1.0,
45.0202815784,78.3905911395,4.0,
45.0202834459,78.3595865738,2.0,
45.0203078172,78.3529414112,1.0,
45.0203172427,78.3560657873,1.0,
45.0203468308,78.3799548396,1.0,
45.0203508986,78.3542655202,2.0,
45.0203736954,78.3487112138,2.0,
45.0203752113,78.3569452439,2.0,
45.0203821303,78.3914353808,4.0,
45.0204155563,78.3623706528,2.0,
45.0204266305,78.3579586683,1.0,
45.0204272127,78.3536136543,1.0,
45.0204393166,78.3700062441,2.0,
45.0204458561,78.3553017265,2.0,
45.0204732662,78.3601103227,2.0,
45.0205293076,78.391047268,2.0,
45.0205383641,78.3586970778,1.0,
45.0205393331,78.3755306394,2.0,
45.0205638556,78.3791657433,2.0,
45.020604163,78.3764068831,4.0,
45.0206188197,78.3866672924,1.0,
45.0206310664,78.3715789023,1.0,
45.0206483753,78.3605432037,1.0,
45.0206494491,78.363026003,1.0,
45.0206560272,78.4136205725,1.0,
45.0206892594,78.3936853792,2.0,
45.0207958963,78.3705023778,2.0,
45.0208025522,78.3522384365,2.0,
45.0208127473,78.3930410948,4.0,
45.0208598625,78.352840986,1.0,
45.0209159695,78.3730428229,1.0,
45.0209519889,78.3611884671,1.0,
45.0209675305,78.3799185069,1.0,
45.0209935488,78.3528242732,2.0,
45.0210233256,78.3574297828,2.0,
45.0211191125,78.3719963046,1.0,
45.0211256293,78.3826830453,1.0,
45.0211716415,78.3790787279,2.0,
45.0211882695,78.3551828163,1.0,
45.021202014,78.370502504,1.0,
45.0212386065,78.3770817269,1.0,
45.0212429643,78.3565937415,2.0,
45.0212478376,78.4192513702,1.0,
45.0212992086,78.3720013662,2.0,
45.0213035769,78.3905222583,1.0,
45.0213067523,78.3697144097,1.0,
45.0213091643,78.3765317058,2.0,
45.0213357506,78.3710174916,1.0,
45.0213760743,78.392841735,4.0,
45.0213981566,78.3919598377,4.0,
45.0214204797,78.391131063,4.0,
45.0214811458,78.3923722126,1.0,
45.021489518,78.3544015709,1.0,
45.0215089781,78.359193512,2.0,
45.0215125029,78.3906049886,2.0,
45.0215296469,78.3516487084,1.0,
45.0215793168,78.3606956022,1.0,
45.0216244889,78.3750317911,2.0,
45.0216426095,78.3532140133,1.0,
45.0216760291,78.3595055972,1.0,
45.0216813425,78.3740193125,1.0,
45.0216816999,78.4205687627,1.0,
45.0216970138,78.3729445608,1.0,
45.0217286562,78.376273887,1.0,
45.0217440339,78.361179315,2.0,
45.0217628289,78.4221649274,1.0,
45.0217770338,78.3823091453,1.0,
45.0217791229,78.4163814429,2.0,
45.0218185816,78.3797984157,2.0,
45.0218360076,78.3808743405,4.0,
45.0218788671,78.4139076612,1.0,
45.0219124816,78.3837862218,1.0,
45.0219382057,78.3805267195,2.0,
45.0219518144,78.3795213399,4.0,
45.0219796242,78.3560516566,1.0,
45.0219920755,78.3848175792,1.0,
45.0220025577,78.3910447558,1.0,
45.0220079512,78.3704885012,2.0,
45.0220085883,78.3918907187,1.0,
45.0220445881,78.352652059,1.0,
45.0220751953,78.3859013147,2.0,
45.0220760394,78.3929448023,2.0,
45.0220821507,78.3926714241,4.0,
45.0221242611,78.3748197249,4.0,
45.0221520196,78.3821874897,2.0,
45.0221715529,78.3889353018,2.0,
45.0221938631,78.3629331653,1.0,
45.0222213109,78.3924520643,1.0,
45.0222254341,78.3883899792,1.0,
45.022234215,78.3713668747,1.0,
45.0222523229,78.3874418379,1.0,
45.0223000303,78.3856725691,1.0,
45.0223045161,78.3731341352,1.0,
45.0223047507,78.4221275142,1.0,
45.0223099834,78.3534414229,1.0,
45.022338272,78.3853720399,4.0,
45.0223463075,78.3761534748,2.0,
45.0223684541,78.3866009876,2.0,
45.0223740444,78.3549499417,1.0,
45.0224432265,78.3827512029,1.0,
45.0224476514,78.3753468721,1.0,
45.0224617959,78.4148611417,1.0,
45.0224831769,78.3593151767,1.0,
45.0225259894,78.1634789598,1.0,
45.0225699699,78.4295364167,1.0,
45.0225710305,78.3585904214,1.0,
45.0225964392,78.3833719898,1.0,
45.0226514726,78.3794454147,1.0,
45.0226527543,78.3918613914,1.0,
45.0226564214,78.3575354487,1.0,
45.0227103285,78.4180066733,1.0,
45.0227671017,78.3704036634,2.0,
45.0227796601,78.3828393609,2.0,
45.0227841333,78.3529255827,2.0,
45.0227921418,78.3615621737,1.0,
45.0227921684,78.4115097266,1.0,
45.0227945632,78.3564311188,1.0,
45.0228159207,78.5344676073,1.0,
45.0228536826,78.3786679335,1.0,
45.0228658013,78.3844221884,2.0,
45.022888255,78.3753267095,2.0,
45.0229515612,78.3550779146,1.0,
45.0229588425,78.3902113899,1.0,
45.0229749254,78.3734101883,1.0,
45.022985461,78.3833983815,2.0,
45.0229922512,78.3747245489,1.0,
45.0230774578,78.3609850967,2.0,
45.0231178269,78.3598278586,1.0,
45.0231615969,78.360331855,2.0,
45.0231955675,78.4188361337,1.0,
45.0232122681,78.353250331,1.0,
45.0232311624,78.3771950199,4.0,
45.0232448642,78.3907785581,2.0,
45.023246479,78.3711543069,2.0,
45.0232476338,78.389201962,2.0,
45.0232710627,78.4228485412,1.0,
45.0232807783,78.3794931605,1.0,
45.023288662,78.3873207763,1.0,
45.0233029279,78.3593200546,1.0,
45.0233749082,78.375745313,1.0,
45.0233787284,78.3827346954,1.0,
45.0234042968,78.3539397079,1.0,
45.0234127865,78.3800014664,1.0,
45.0234652078,78.4114142892,1.0,
45.0234805359,78.3718666741,1.0,
45.0235166951,78.4265557576,2.0,
45.0235221698,78.3548451018,1.0,
45.0235388601,78.3730050016,1.0,
45.0235566942,78.3578193602,1.0,
45.023559211,78.3837736099,2.0,
45.0235663385,78.3746475599,2.0,
45.0235728595,78.3923943683,1.0,
45.0235793815,78.3752331434,1.0,
45.023628513,78.3737851111,1.0,
45.0236911497,78.3913382647,2.0,
45.0236959828,78.3795583938,2.0,
45.0237035584,78.3864877372,1.0,
45.0237111704,78.3723675185,1.0,
45.0237553356,78.3844884629,1.0,
45.0237682289,78.3895705636,2.0,
45.023796438,78.3649993156,1.0,
45.0237998166,78.3854289547,4.0,
45.0238134192,78.3917143153,1.0,
45.0238536482,78.3531576485,1.0,
45.0238617389,78.3569532866,2.0,
45.0239535095,78.3751672359,2.0,
45.0239718508,78.3592673551,1.0,
45.0239757947,78.3880656342,1.0,
45.0239813378,78.38342152,1.0,
45.0239856139,78.4260515305,1.0,
45.0239996347,78.385678527,1.0,
45.024005808,78.387685811,2.0,
45.0240614975,78.4191581422,1.0,
45.0240956308,78.3723259789,2.0,
45.0241222495,78.3786257814,1.0,
45.0241423486,78.3885646895,1.0,
45.0241574417,78.3810925891,1.0,
45.0241658619,78.3573545461,1.0,
45.0241710303,78.3580048698,2.0,
45.0242260913,78.3698424726,1.0,
45.0242460886,78.3738845465,2.0,
45.0242880854,78.4286116883,1.0,
45.0243076337,78.4165575302,1.0,
45.0243366283,78.3722858428,1.0,
45.0243387858,78.3795409826,2.0,
45.0243414936,78.3903636046,2.0,
45.0243561314,78.3708791539,1.0,
45.024358694,78.3844278873,2.0,
45.0243726369,78.3907492787,1.0,
45.0244034255,78.3529364644,2.0,
45.024409653,78.3767180796,2.0,
45.0244251609,78.3746559973,1.0,
45.0244294136,78.376558885,1.0,
45.0244427286,78.357986092,1.0,
45.0244783856,78.3617049342,1.0,
45.0245323027,78.3751169925,2.0,
45.0245389884,78.3849722368,4.0,
45.0245865299,78.3921523035,1.0,
45.0245999524,78.3857200274,4.0,
45.024610335,78.3891607382,1.0,
45.0246508418,78.3857199615,2.0,
45.0246809558,78.419876025,1.0,
45.0247368936,78.3566064493,2.0,
45.0247686407,78.4227611035,1.0,
45.0247716218,78.3522126933,8.0,
45.0248067191,78.3903034181,1.0,
45.0248922447,78.379026444,2.0,
45.0249062891,78.3735602167,1.0,
45.0249083892,78.3519627944,1.0,
45.0249290499,78.3800117314,1.0,
45.0249475134,78.4185294701,1.0,
45.024961758,78.3828779967,2.0,
45.0250592593,78.3817657233,1.0,
45.0250605962,78.3845425735,2.0,
45.0250815555,78.3605645717,1.0,
45.0250869542,78.4146294983,1.0,
45.0251028798,78.3555156866,1.0,
45.0251137259,78.376336787,1.0,
45.0252045906,78.3697809004,2.0,
45.0252100838,78.3854288096,1.0,
45.025223604,78.4172359791,1.0,
45.0252270391,78.356542084,1.0,
45.0252349885,78.3794938094,4.0,
45.0252571832,78.3592039769,2.0,
45.0252703271,78.3839985377,1.0,
45.0252742619,78.3709453938,2.0,
45.0253079126,78.3870477441,1.0,
45.0253509954,78.3530310818,1.0,
45.0253554388,78.3538474504,1.0,
45.0253559591,78.3888019123,1.0,
45.025395358,78.3615203054,1.0,
45.0254968738,78.3805844878,1.0,
45.0255177992,78.3770839471,1.0,
45.0255905125,78.3833948279,1.0,
45.0256225223,78.3882286884,1.0,
45.0256397046,78.3735298683,2.0,
45.025701908,78.3778345684,1.0,
45.0257152431,78.3719091928,2.0,
45.0257407369,78.3608667841,2.0,
45.0257508046,78.3745144855,1.0,
45.0257643147,78.3774004462,4.0,
45.0257975291,78.3794325205,2.0,
45.0258694535,78.3564795206,1.0,
45.0258958609,78.3622000191,2.0,
45.0259347404,78.3696409419,2.0,
45.0259517149,78.358855655,1.0,
45.0260121281,78.3759508436,1.0,
45.0260181859,78.3869855384,2.0,
45.0261387689,78.3767479541,1.0,
45.0261780778,78.3834176269,1.0,
45.0262471717,78.3734277704,2.0,
45.0262478697,78.3545975774,2.0,
45.0262484681,78.3521113668,1.0,
45.0262591005,78.3784431632,1.0,
45.026311358,78.3705796715,1.0,
45.0263286246,78.3536383843,2.0,
45.0263509888,78.3740520214,1.0,
45.0263694724,78.4142847467,1.0,
45.0264308871,78.3773938499,4.0,
45.0264406358,78.3770185133,2.0,
45.0264523806,78.4158853085,1.0,
45.0265214183,78.3713753623,1.0,
45.0266958687,78.3775137942,1.0,
45.0267711928,78.3750729989,1.0,
45.0267958577,78.362387286,1.0,
45.0268221104,78.3834208633,2.0,
45.0268507195,78.3770081825,4.0,
45.0268632395,78.3863249169,2.0,
45.0268745079,78.3805528667,1.0,
45.0268992991,78.3735192245,2.0,
45.026933143,78.3846256644,1.0,
45.0270055231,78.3728724605,1.0,
45.0270189073,78.3788792137,2.0,
45.0270931422,78.4101810834,1.0,
45.027128289,78.3879997334,2.0,
45.0271383498,78.376957009,1.0,
45.027155745,78.4107219025,1.0,
45.0272687596,78.4814757192,1.0,
45.0272834011,78.3748656735,2.0,
45.0273278588,78.3777517711,1.0,
45.0273354518,78.3628168418,2.0,
45.0273932386,78.3683876171,2.0,
45.0274589417,78.3823258526,1.0,
45.0275247935,78.378574338,1.0,
45.0276507485,78.3868156776,1.0,
45.0276805872,78.3717569701,1.0,
45.0276959821,78.3737911225,1.0,
45.0277175779,78.3584082802,1.0,
45.0277951908,78.3626849169,1.0,
45.0278811016,78.38581107,1.0,
45.0278891179,78.3762828776,1.0,
45.0279668487,78.3795838444,2.0,
45.0279963554,78.4231723698,2.0,
45.0279991567,78.3689408726,2.0,
45.028049201,78.3878875647,1.0,
45.0280974212,78.3711764656,1.0,
45.028102422,78.3716673391,2.0,
45.0281256263,78.4275186883,1.0,
45.0281384895,78.3743096842,1.0,
45.0282121796,78.3811471629,1.0,
45.0282469567,78.359512651,2.0,
45.0283017134,78.3754427006,1.0,
45.0283502771,78.3778470876,1.0,
45.028551842,78.3793678187,1.0,
45.0286851511,78.3845404781,1.0,
45.0286986876,78.361860417,1.0,
45.0287443203,78.382827664,1.0,
45.0287734418,78.4233348217,2.0,
45.0287888596,78.411279341,2.0,
45.0288082369,78.4275180209,1.0,
45.0288096697,78.3815653104,1.0,
45.028840259,78.3763190928,1.0,
45.0288486394,78.3719853769,1.0,
45.0288560101,78.3740789216,2.0,
45.0289416408,78.3608947114,2.0,
45.0289964241,78.3879548351,1.0,
45.02899806,78.3732022316,2.0,
45.0289996822,78.3619427862,2.0,
45.0290254929,78.3745052084,4.0,
45.0290674051,78.3758125526,2.0,
45.0290926259,78.4190745292,2.0,
45.0291092759,78.3624750697,1.0,
45.029164664,78.3852908754,1.0,
45.0292002737,78.4215444361,1.0,
45.0292221476,78.3778637933,1.0,
45.0292328711,78.3608373397,1.0,
45.0292522399,78.3836832036,1.0,
45.0292532366,78.3601682116,2.0,
45.0292758368,78.3884661525,1.0,
45.0293089277,78.3681962586,2.0,
45.0293426622,78.370984154,4.0,
45.029412179,78.3719796239,2.0,
45.0294312891,78.3791424079,1.0,
45.0294345471,78.4190587208,1.0,
45.0295401329,78.3731037529,1.0,
45.0295587693,78.4123297173,1.0,
45.0295924243,78.3751556817,1.0,
45.0296024135,78.3618208579,2.0,
45.0296043046,78.3822686186,1.0,
45.0296123211,78.3805791998,1.0,
45.0296491415,78.4180392431,1.0,
45.0296538506,78.3690650341,1.0,
45.0296749408,78.3723632396,1.0,
45.0297152917,78.3737771235,2.0,
45.0297178928,78.3871388309,4.0,
45.0297187729,78.3713718102,1.0,
45.029757465,78.3759506781,2.0,
45.029771443,78.3812297484,1.0,
45.0298375734,78.3894585718,1.0,
45.029865545,78.3798344321,1.0,
45.0299097652,78.4260359511,1.0,
45.0299339763,78.3748135448,2.0,
45.0299439335,78.3844701585,1.0,
45.0299850869,78.385412438,1.0,
45.0300110319,78.3785096022,2.0,
45.0300595276,78.3838005346,1.0,
45.0300777684,78.3729950828,1.0,
45.0301191734,78.4202879827,1.0,
45.0301207037,78.3700037701,1.0,
45.0301852445,78.3775400567,1.0,
45.0302864828,78.4115683721,1.0,
45.0303056057,78.38605495,2.0,
45.0303452622,78.3879895546,1.0,
45.0303676767,78.4173381987,1.0,
45.0303745889,78.4141093241,1.0,
45.0304099614,78.3825774959,1.0,
45.0304891526,78.3694729707,2.0,
45.0304921533,78.3873388401,2.0,
45.0304952903,78.3736470994,1.0,
45.0305577579,78.3674107301,1.0,
45.0306010296,78.4188473771,1.0,
45.0306115684,78.3679675541,1.0,
45.0306169295,78.3728462208,4.0,
45.0306833441,78.3851489898,1.0,
45.0307848257,78.4165802904,1.0,
45.0308055752,78.4202700437,1.0,
45.0308719861,78.3887282992,1.0,
45.0309007399,78.3869087485,2.0,
45.0309450443,78.3636871961,1.0,
45.0309490428,78.3776659127,1.0,
45.030974438,78.3745760919,1.0,
45.0309820653,78.3884419503,2.0,
45.0310432526,78.3799996038,1.0,
45.0310722689,78.3682535458,1.0,
45.0310940069,78.3710244949,1.0,
45.0310993163,78.3856220632,1.0,
45.0311504261,78.3727350263,1.0,
45.0312481339,78.3862214219,1.0,
45.0313057599,78.4241126412,1.0,
45.0314054627,78.4176241056,1.0,
45.0314066552,78.4196377945,1.0,
45.0314184267,78.3872798106,1.0,
45.0314305432,78.3663062543,1.0,
45.0314502214,78.3774709431,2.0,
45.0315290911,78.3750515568,1.0,
45.0315706424,78.3866968355,2.0,
45.0315902229,78.4170462525,1.0,
45.0316855205,78.4271004421,1.0,
45.0316909799,78.3758211164,2.0,
45.0316983861,78.4284590084,1.0,
45.0317066116,78.3677785729,1.0,
45.0317941103,78.3769584785,1.0,
45.0318289513,78.3733332384,2.0,
45.0319031713,78.362105669,1.0,
45.0319083491,78.3871619047,2.0,
45.0320038407,78.3692846581,2.0,
45.0321206244,78.36305627,2.0,
45.0322085456,78.420200494,1.0,
45.0322313172,78.3744752903,2.0,
45.0322613377,78.3772828233,1.0,
45.0323005196,78.3637186887,2.0,
45.0323210596,78.3842861731,1.0,
45.032396646,78.3725264922,1.0,
45.0324673216,78.4195656656,1.0,
45.0325086432,78.3646933606,1.0,
45.0325218112,78.4247593976,1.0,
45.0325316016,78.3731541638,2.0,
45.0325716824,78.3664430985,2.0,
45.032634598,78.3621113882,2.0,
45.0326381885,78.3830368316,1.0,
45.0326693284,78.3779409851,1.0,
45.0326824962,78.3759423246,1.0,
45.0326831055,78.3787365206,1.0,
45.0328073689,78.3657428795,2.0,
45.0328448738,78.3764473012,1.0,
45.0328597533,78.3612300975,1.0,
45.0329197427,78.3840848548,1.0,
45.0330187133,78.3828070077,2.0,
45.0331096541,78.4108545548,1.0,
45.0331345905,78.4145014711,1.0,
45.033178715,78.4195907006,1.0,
45.0332127834,78.3833607395,4.0,
45.0333324347,78.3820413624,1.0,
45.0333679159,78.3611506536,2.0,
45.0333943321,78.3731426922,1.0,
45.0334289979,78.3715862567,2.0,
45.0334414256,78.3767161301,4.0,
45.033503686,78.3616157541,1.0,
45.0335576792,78.4243340369,1.0,
45.0335849772,78.3678350346,2.0,
45.0336043755,78.3823806755,2.0,
45.0336303332,78.3807461387,1.0,
45.0336706601,78.4135164344,1.0,
45.0336738258,78.4182913141,1.0,
45.033709594,78.3766127614,1.0,
45.0337489598,78.3830387685,1.0,
45.0337582466,78.4163748949,1.0,
45.0338462045,78.3776862708,1.0,
45.034022159,78.3718972993,2.0,
45.0340586749,78.3784154612,1.0,
45.034313672,78.3842833434,1.0,
45.0344787771,78.3792755523,1.0,
45.0344890524,78.380593696,1.0,
45.0345283206,78.3812772196,1.0,
45.0345525712,78.4153104227,2.0,
45.0345550685,78.3705406335,1.0,
45.0345931603,78.3719595288,1.0,
45.0346844908,78.4200866529,1.0,
45.0347894962,78.4232323247,1.0,
45.0349777938,78.3796466723,1.0,
45.0350696401,78.3820997801,1.0,
45.0351156704,78.3755479387,4.0,
45.0352449374,78.3750848481,1.0,
45.0352899713,78.3819724262,2.0,
45.0352941725,78.3811310839,1.0,
45.0354252056,78.3738432346,1.0,
45.0355199544,78.4200977768,2.0,
45.0355337757,78.3753269256,2.0,
45.0356802674,78.3708444821,1.0,
45.0357020753,78.380250348,1.0,
45.0357740422,78.3815486947,1.0,
45.0358937488,78.3684417071,2.0,
45.0360484616,78.3770793925,1.0,
45.0361026926,78.3754425819,1.0,
45.0363041137,78.3711929102,2.0,
45.0363105967,78.3812562563,1.0,
45.0364177198,78.3754551951,2.0,
45.0366066,78.3677270016,1.0,
45.0366428264,78.3788333084,2.0,
45.0368901443,78.369927115,2.0,
45.0369071009,78.3562437988,2.0,
45.0370529412,78.3724101934,1.0,
45.0371570316,78.3807211573,1.0,
45.0372069626,78.3545681564,2.0,
45.0373729173,78.3681478124,1.0,
45.037440274,78.3690305666,1.0,
45.0375511985,78.3706159534,1.0,
45.0375774288,78.3790593797,1.0,
45.0376155494,78.3690115478,2.0,
45.0376945193,78.3556563892,1.0,
45.037777556,78.3564851602,1.0,
45.0378412337,78.3725938126,1.0,
45.0378972657,78.3680484963,1.0,
45.0381118778,78.3752500339,1.0,
45.0381582121,78.3789102201,1.0,
45.0381993806,78.3771459556,1.0,
45.0383234519,78.3689233513,1.0,
45.0384100643,78.3758202341,1.0,
45.0384274928,78.367936736,1.0,
45.0385687633,78.3775500299,1.0,
45.0385750676,78.3712979207,2.0,
45.0386107929,78.3567622154,2.0,
45.0387063492,78.3765064926,1.0,
45.0387094122,78.372582561,1.0,
45.0388385336,78.3784157197,2.0,
45.0388871698,78.3747922233,2.0,
45.0390283654,78.3573861602,1.0,
45.0390585848,78.3539040987,1.0,
45.0391002423,78.3719006485,1.0,
45.039136984,78.3566167705,1.0,
45.0393442087,78.4310212913,1.0,
45.0393641632,78.3667501536,1.0,
45.039454953,78.3685298735,1.0,
45.0394856627,78.3710651891,2.0,
45.0396021014,78.3735177748,1.0,
45.039718007,78.3761399154,1.0,
45.0398400057,78.3670556957,1.0,
45.0399768176,78.369517853,2.0,
45.0399965301,78.3723800585,1.0,
45.0400036833,78.3767675853,2.0,
45.0400267874,78.3772885532,1.0,
45.0400279983,78.431566382,1.0,
45.0401194956,78.4329529249,1.0,
45.0402071969,78.3720426638,2.0,
45.0402467629,78.3675797896,1.0,
45.0402680537,78.354192367,1.0,
45.0402719411,78.3690346564,2.0,
45.0403682622,78.3756054615,1.0,
45.0404269885,78.4304516232,1.0,
45.0404577463,78.3765619553,1.0,
45.0404827131,78.3224139832,1.0,
45.0405455438,78.3705149148,1.0,
45.0407490423,78.3671672702,1.0,
45.0407551661,78.369787944,1.0,
45.0408042423,78.3647132664,2.0,
45.0409454612,78.3659301366,1.0,
45.0410369289,78.3768309758,1.0,
45.0410713976,78.4388759625,1.0,
45.0411199639,78.3747047888,1.0,
45.0411439011,78.365441852,1.0,
45.0411760966,78.3685270102,1.0,
45.0412006991,78.3734777524,1.0,
45.0413552522,78.3691972016,1.0,
45.0415209384,78.3760045459,2.0,
45.0415210792,78.3661762455,2.0,
45.0416098872,78.4367809778,1.0,
45.0416184491,78.4303062965,1.0,
45.0417600638,78.3679980067,1.0,
45.0418234993,78.3739439075,1.0,
45.0418910949,78.3742760725,2.0,
45.0419415177,78.364487905,1.0,
45.0419671468,78.3724087913,1.0,
45.0419767497,78.367802645,2.0,
45.0419885754,78.3695286487,1.0,
45.0419968147,78.365368138,1.0,
45.0421224284,78.3575340757,2.0,
45.0422000345,78.3702220256,1.0,
45.0424504439,78.4386189784,1.0,
45.0425137887,78.376080068,1.0,
45.0425996311,78.3678429535,2.0,
45.0427149502,78.3666502669,1.0,
45.0428383276,78.3756424854,4.0,
45.0429534414,78.3736532407,1.0,
45.0430623409,78.3707609038,1.0,
45.0430989025,78.357369966,1.0,
45.0431252153,78.4379339794,1.0,
45.0431435504,78.3674838486,1.0,
45.043248388,78.3654893544,2.0,
45.0433612354,78.3685035708,1.0,
45.043410722,78.4284065748,2.0,
45.0434885709,78.3733114769,4.0,
45.0435241541,78.4299717806,1.0,
45.0435619555,78.3761569282,1.0,
45.0436999584,78.3740520802,1.0,
45.0438725908,78.3654975197,1.0,
45.0438891612,78.3660456286,2.0,
45.0439444789,78.4291032462,1.0,
45.0439489525,78.3712086824,1.0,
45.0439832334,78.3718597982,1.0,
45.0440284363,78.3686604398,2.0,
45.0442220445,78.3722472461,2.0,
45.04447379,78.3727748158,1.0,
45.0444827558,78.3748989334,4.0,
45.0447096427,78.3700862691,1.0,
45.0448076699,78.3656017145,2.0,
45.0449393864,78.3717939584,1.0,
45.0449487735,78.3707174836,1.0,
45.0449788037,78.3712652507,1.0,
45.0449970609,78.364722693,1.0,
45.0450589153,78.4397914344,1.0,
45.0450683245,78.4383834043,1.0,
45.0450699653,78.4358824036,2.0,
45.0451298673,78.3702001237,2.0,
45.0452037732,78.4354752739,1.0,
45.0452253615,78.3673690001,2.0,
45.045275079,78.3659189647,2.0,
45.0456036275,78.4430820289,1.0,
45.0456331085,78.3690639307,2.0,
45.0456863996,78.3648277169,2.0,
45.0457186098,78.4358752904,1.0,
45.0459171234,78.4373813346,1.0,
45.0459323485,78.3655752593,4.0,
45.0460006546,78.3680916867,1.0,
45.0462423506,78.3571602384,2.0,
45.0463344169,78.3646503879,2.0,
45.0464780246,78.3655761631,1.0,
45.0467426605,78.3666493911,2.0,
45.046855069,78.3672879109,2.0,
45.0480228966,78.3664093816,1.0,
45.0482659798,78.3510573609,1.0,
45.0514109165,78.6467975418,1.0,
45.0559191576,78.5937842437,1.0,
45.060402075,78.5407710084,1.0,
45.066639298,78.2661179095,1.0,
45.0692961253,78.4346948921,1.0,
45.0780919128,78.3285822407,1.0,
45.0934896482,78.6001323162,1.0,
45.1211866231,78.4509007116,1.0,
45.1686366473,78.6128674548,1.0,
45.2959213952,78.9045756779,1.0,
45.3097878336,78.7449634637,1.0,
45.0381277659,78.3575634676,4.0,
45.0240515807,78.3770752545,4.0,
45.0157727059,78.4038858686,4.0,
45.0204118101,78.3931553076,4.0,
44.9748674469,78.4253173038,4.0,
45.0200378096,78.3710940935,4.0,
45.0144118814,78.3936218295,4.0,
45.021848922,78.3770367972,4.0,
45.027331486,78.3764173224,4.0,
45.0092177928,78.3633720942,4.0,
45.0185028741,78.3950234006,8.0,
45.0219906916,78.3815546847,4.0,
45.0184558526,78.3919507358,4.0,
45.0433198887,78.3753762348,4.0,
45.0235893004,78.377479677,4.0,
45.0250062992,78.3578974198,4.0,
45.0333273566,78.3688328236,4.0,
45.0257976566,78.3551820109,2.0,
45.0112464753,78.3711318835,2.0,
45.0129542147,78.3982266395,4.0,
44.9959350279,78.4064071354,4.0,
45.0177933319,78.3619508311,2.0,
45.0150461532,78.3810328694,2.0,
44.8629075961,78.763250885,2.0,
45.0137080103,78.3813342295,2.0,
45.0447374377,78.3662091887,2.0,
44.9955547834,78.3542980099,4.0,
45.042015009,78.3670420171,2.0,
44.993506177,78.3532403134,4.0,
45.0090705569,78.3615072919,2.0,
45.0425870278,78.4312143669,2.0,
45.0249010849,78.4281458414,2.0,
45.0099977834,78.3775464594,2.0,
45.023927424,78.3524101284,2.0,
45.0349660898,78.3702608326,2.0,
45.0057303608,78.3599886162,2.0,
45.0304756123,78.3776637112,4.0,
45.0096174163,78.3993090274,2.0,
45.0255554347,78.3520398441,4.0,
45.015648918,78.3572668447,2.0,
45.0119893393,78.3778221385,2.0,
45.0038969322,78.3673774747,2.0,
45.0165919832,78.3560871497,2.0,
44.9987329667,78.395036263,2.0,
45.0474012609,78.365973514,2.0,
45.0221676028,78.3915442429,8.0,
45.0180051277,78.3584853798,4.0,
44.8565749633,78.8033607533,2.0,
45.0130577137,78.3642577197,2.0,
45.0256479791,78.4186534347,2.0,
45.0266192314,78.3598391477,2.0,
45.0052121083,78.3577845604,2.0,
45.0222098918,78.3900234631,4.0,
45.0222221295,78.3849801728,4.0,
44.980753341,78.4041929379,2.0,
45.0258903586,78.4260432681,2.0,
45.0128492184,78.3738422798,4.0,
45.0215434848,78.3757096547,2.0,
45.0239724612,78.4106322191,2.0,
45.0180572881,78.4264211271,2.0,
44.9986523621,78.3517571228,2.0,
45.0207322896,78.3920075209,2.0,
45.0335870241,78.3723152472,2.0,
45.0207870263,78.3583978355,4.0,
45.0344877723,78.4183132035,2.0,
45.0348974726,78.3735299663,2.0,
44.8657294024,78.7666440084,2.0,
45.0285415258,78.3868752337,2.0,
45.0218375975,78.3555405245,4.0,
44.8636745271,78.7739133113,2.0,
45.0194114102,78.3795011122,2.0,
45.022861727,78.3721644361,2.0,
45.0288776849,78.3703610616,2.0,
44.973045272,78.4241521413,2.0,
44.9992342471,78.3527682207,2.0,
44.8624332047,78.7696823569,2.0,
45.013647414,78.3774126808,4.0,
45.0421521329,78.4410549615,2.0,
44.8674958231,78.7815160965,2.0,
45.0244439307,78.3760034628,2.0,
45.0236417412,78.3700607933,2.0,
45.0294935885,78.4102027972,2.0,
45.0093856558,78.3569210956,4.0,
45.0048849315,78.3726470166,2.0,
45.0332922659,78.3618762676,4.0,
45.0324116496,78.3681139716,2.0,
44.9950620404,78.4077514023,4.0,
45.0249636018,78.3742899234,2.0,
45.020578965,78.3923035521,8.0,
45.01687027,78.3618895279,2.0,
45.0042308368,78.3754267988,2.0,
45.0108365532,78.3757462885,2.0,
45.0241516567,78.361616471,4.0,
45.0039903803,78.3823640065,2.0,
45.0198001231,78.3768302318,4.0,
45.0258582387,78.369079021,2.0,
45.0082705613,78.3667405487,2.0,
45.0399506053,78.3651623058,2.0,
45.0113805761,78.3704407507,2.0,
44.9950481469,78.3951158543,2.0,
