42.8397045894,71.3892916125,1.0,
42.8419607078,71.391084828,2.0,
42.8420649783,71.3950229378,1.0,
42.8429892132,71.3904752312,1.0,
42.8435276306,71.3861682528,1.0,
42.8435735627,71.3948048999,1.0,
42.845278564,71.3946454212,1.0,
42.8468421864,71.3954236217,2.0,
42.8470442238,71.3958818874,1.0,
42.8479982581,71.3862343823,2.0,
42.8480022352,71.394722206,1.0,
42.8487382629,71.3615770448,1.0,
42.8492284932,71.3634907098,1.0,
42.8493280272,71.3606310163,1.0,
42.8495113818,71.3868328175,2.0,
42.8495678034,71.3625126799,1.0,
42.849812488,71.3883806056,1.0,
42.8501478927,71.367052974,1.0,
42.8501812192,71.3926638858,1.0,
42.8502134138,71.3969212376,1.0,
42.8502558713,71.3691599324,2.0,
42.8504117435,71.3864107137,1.0,
42.8504572061,71.3660884861,1.0,
42.8510677538,71.3706991932,1.0,
42.8512919223,71.3885050825,1.0,
42.851515548,71.387748452,1.0,
42.8515796094,71.3629150518,1.0,
42.8515942788,71.3911203912,1.0,
42.8516936367,71.3882747605,2.0,
42.851693785,71.3953217322,1.0,
42.8518999665,71.3597070319,2.0,
42.852057268,71.3665996708,1.0,
42.8521869175,71.397853079,2.0,
42.8526069879,71.3974863155,1.0,
42.8526633904,71.3857264283,2.0,
42.8527290245,71.3985468538,2.0,
42.852937377,71.3880772808,1.0,
42.8530346247,71.3821093932,1.0,
42.8530580477,71.3657464326,1.0,
42.8531452362,71.3871130447,2.0,
42.8532533557,71.3895240977,4.0,
42.8533335749,71.3810266344,2.0,
42.8534609343,71.3995334183,1.0,
42.8535515427,71.3632351759,2.0,
42.8538105824,71.3814056,1.0,
42.8538815852,71.3949386462,1.0,
42.8538908659,71.3645497564,2.0,
42.8539253888,71.3802929638,1.0,
42.8540776637,71.3652304934,1.0,
42.8540846539,71.3960698755,1.0,
42.8542002584,71.4004178412,1.0,
42.8542053474,71.4049278995,1.0,
42.8544251942,71.3900141867,1.0,
42.8546111376,71.3986819282,1.0,
42.8547137979,71.3977778024,2.0,
42.8547822261,71.3871386953,1.0,
42.8548858594,71.3830347148,1.0,
42.8549379026,71.3986683107,2.0,
42.8549807483,71.3862074423,1.0,
42.8550708938,71.4007758708,2.0,
42.8550731435,71.3920167607,1.0,
42.8556063969,71.3907976405,1.0,
42.8557739058,71.3828586548,2.0,
42.8557909249,71.3996724133,1.0,
42.8558325693,71.4008703408,1.0,
42.8558451999,71.4039026102,1.0,
42.855892558,71.378127938,1.0,
42.8559332698,71.381941406,1.0,
42.85597183,71.3936842656,1.0,
42.8560404671,71.3928329984,1.0,
42.8561107585,71.3955292555,2.0,
42.8563944489,71.403042977,1.0,
42.8564862783,71.3781142079,2.0,
42.8565369645,71.3949396245,1.0,
42.8565490919,71.4000408733,4.0,
42.8566160395,71.4020854113,1.0,
42.8566920189,71.3771558222,2.0,
42.8568817214,71.3956937077,1.0,
42.8569287203,71.3807968607,2.0,
42.8569435058,71.3818896835,1.0,
42.8569795631,71.3984611742,1.0,
42.8571497471,71.3916934804,1.0,
42.857150023,71.3796007193,1.0,
42.8575254056,71.3855719555,1.0,
42.8575332323,71.3837506828,1.0,
42.8576894701,71.39942063,1.0,
42.8577127035,71.3752001134,1.0,
42.8577699593,71.3998188397,2.0,
42.8582692764,71.391102743,1.0,
42.858600689,71.3963467924,1.0,
42.858631654,71.3989286077,1.0,
42.858678474,71.3873186545,2.0,
42.858731662,71.3795352021,1.0,
42.8588482221,71.3859152875,2.0,
42.8591051806,71.3927251665,2.0,
42.8591667251,71.3911871185,1.0,
42.8593937889,71.3798850334,1.0,
42.85941957,71.3751752411,1.0,
42.8595013417,71.3921741362,1.0,
42.8595965012,71.3975761261,2.0,
42.8597011521,71.3718734494,1.0,
42.8598474564,71.3982729398,1.0,
42.8600255494,71.3943465031,1.0,
42.8602453337,71.3723829833,1.0,
42.8602617021,71.3817360192,1.0,
42.860376977,71.3504667254,1.0,
42.8604846145,71.3808406213,1.0,
42.8605102476,71.3823971248,1.0,
42.8605594515,71.392401426,1.0,
42.8606196378,71.384846658,1.0,
42.8606352877,71.4026322359,1.0,
42.8606406654,71.3889360937,1.0,
42.8609467791,71.3511481449,2.0,
42.8609609868,71.3559762513,1.0,
42.8610346543,71.3832374002,1.0,
42.8610916156,71.3812768701,1.0,
42.8611529229,71.3747999184,1.0,
42.8611553437,71.3721163665,2.0,
42.8612043352,71.3934484693,1.0,
42.8613096195,71.3960790534,2.0,
42.8614898082,71.402549813,2.0,
42.8614899219,71.3788060505,1.0,
42.8616829612,71.3822785512,1.0,
42.8618661737,71.3697686893,2.0,
42.8618675757,71.3958253772,1.0,
42.8619103472,71.3693989384,1.0,
42.8619380258,71.377074172,1.0,
42.8619810569,71.3759025176,1.0,
42.861982395,71.385186857,1.0,
42.8620267343,71.3934833084,1.0,
42.8620365222,71.3564663754,1.0,
42.8620592157,71.3722254658,1.0,
42.862118894,71.3956604583,2.0,
42.8621547174,71.3729553807,1.0,
42.8621655657,71.3895619765,2.0,
42.8621689778,71.366838627,2.0,
42.8622006832,71.3912821792,1.0,
42.8622408153,71.3844531399,1.0,
42.8622913766,71.379578186,1.0,
42.8623996233,71.3711960776,1.0,
42.862404647,71.3490107796,1.0,
42.8625746506,71.35403065,1.0,
42.8626535296,71.37843735,1.0,
42.8627980023,71.3553447265,1.0,
42.8628127874,71.3512716253,1.0,
42.8628828184,71.3997377601,2.0,
42.8629866297,71.3705859114,1.0,
42.8629934795,71.3901782517,2.0,
42.8629947929,71.375260863,1.0,
42.8631211033,71.408508017,1.0,
42.863164577,71.3823101824,1.0,
42.8631848449,71.3848862459,1.0,
42.8632341716,71.3990597431,1.0,
42.8632459209,71.3837936368,2.0,
42.8632668964,71.3571732492,2.0,
42.8632925538,71.4047488169,1.0,
42.8632972367,71.4036390239,1.0,
42.8633038428,71.3779045177,1.0,
42.863351042,71.3603777167,1.0,
42.86338353,71.3547868844,1.0,
42.863453858,71.3941858908,1.0,
42.863481817,71.359227727,1.0,
42.8635343081,71.3752248047,2.0,
42.8636132609,71.3799883498,1.0,
42.8638895689,71.3771934095,1.0,
42.8639203559,71.392088479,1.0,
42.8639674022,71.3832372865,2.0,
42.8639931336,71.3983988438,1.0,
42.8640741368,71.3554831947,1.0,
42.8640762972,71.3870851282,1.0,
42.8641362665,71.3468284277,1.0,
42.8641521267,71.3619788684,1.0,
42.864292924,71.3565799845,1.0,
42.8643023948,71.3609928184,1.0,
42.8643106233,71.3864321085,1.0,
42.8643432872,71.405917015,1.0,
42.864441628,71.3594087698,2.0,
42.864448983,71.3478604035,1.0,
42.8644589591,71.3877162782,4.0,
42.8644817647,71.350680834,1.0,
42.8645937219,71.3630058436,1.0,
42.8646611348,71.4021414801,1.0,
42.8647402596,71.3637392163,1.0,
42.8647664886,71.4091578004,1.0,
42.864788258,71.375373389,1.0,
42.8648605942,71.3600724522,2.0,
42.8649916176,71.3605827773,1.0,
42.8649930764,71.4058462008,2.0,
42.8650382578,71.3791580335,1.0,
42.8650594691,71.3501504677,1.0,
42.8650688705,71.3772337233,1.0,
42.8651130907,71.3650803322,1.0,
42.8651485194,71.3801367726,1.0,
42.8651840386,71.3894601372,1.0,
42.8652190351,71.4033658363,1.0,
42.8653173112,71.3861488498,1.0,
42.865452637,71.3926341165,1.0,
42.8655750968,71.3888669594,1.0,
42.8655903874,71.3825991087,2.0,
42.8655946751,71.3761042172,2.0,
42.8656218338,71.4077738156,1.0,
42.8656579177,71.3585549723,1.0,
42.8656976123,71.3833095081,2.0,
42.8657647531,71.3790024403,1.0,
42.8658267787,71.3772852875,1.0,
42.8658386877,71.4049840606,2.0,
42.8658828471,71.3568846271,1.0,
42.8659570927,71.4020062609,1.0,
42.8659833396,71.3497548278,1.0,
42.866124656,71.3865894177,1.0,
42.8661281159,71.3979121139,1.0,
42.8661891913,71.4086633759,1.0,
42.8662941892,71.346017455,2.0,
42.8663678921,71.3810987594,1.0,
42.8663871716,71.3942221023,4.0,
42.8663892359,71.3590299621,1.0,
42.8664107139,71.3784237518,2.0,
42.8665462146,71.367936069,1.0,
42.8665498557,71.4079098375,1.0,
42.8666591991,71.361107896,2.0,
42.8666834257,71.3691890632,1.0,
42.8666903573,71.337830108,2.0,
42.8670344075,71.3790830476,1.0,
42.8671007857,71.4021975892,1.0,
42.8671569192,71.3858286285,1.0,
42.8672424101,71.4041797254,1.0,
42.8673988049,71.395118294,2.0,
42.8674976726,71.3621187152,1.0,
42.8675319604,71.3538802411,1.0,
42.8675496005,71.3366184099,1.0,
42.8677334777,71.3524047431,1.0,
42.8677441073,71.3964653244,1.0,
42.8678769044,71.3701767734,1.0,
42.8680103066,71.3545391795,1.0,
42.8680932993,71.3513641111,1.0,
42.8681887965,71.3476048879,1.0,
42.8682057508,71.3999984487,1.0,
42.8682660014,71.3643051672,1.0,
42.8683410675,71.3833989323,2.0,
42.8683590843,71.3604453971,2.0,
42.8683947787,71.3338039766,1.0,
42.8684415013,71.4006912687,1.0,
42.8684684995,71.3521530355,2.0,
42.868487574,71.3499353583,2.0,
42.8684876383,71.3453269978,1.0,
42.8685554965,71.3442712038,1.0,
42.8686348273,71.3649915873,2.0,
42.8686776047,71.3593021543,1.0,
42.8687771372,71.3527715787,2.0,
42.86896679,71.3625348164,1.0,
42.8690937055,71.3475553829,1.0,
42.869153573,71.3567007646,1.0,
42.8692118143,71.3634142843,1.0,
42.8692271585,71.3966156154,1.0,
42.8692435274,71.4003277261,2.0,
42.8692484879,71.394504613,1.0,
42.8692978126,71.372850432,2.0,
42.8692984777,71.3699172631,1.0,
42.869341353,71.3500151044,1.0,
42.8693662187,71.3655454292,2.0,
42.8695441822,71.3736952057,1.0,
42.8696230704,71.3719352393,1.0,
42.8697136246,71.3527186793,1.0,
42.8697534696,71.3648932766,1.0,
42.8697542666,71.3600002149,1.0,
42.869799314,71.3575707684,1.0,
42.8699327839,71.3787047398,2.0,
42.870071432,71.3515203053,1.0,
42.8700950231,71.3738331629,4.0,
42.870102061,71.3679381727,2.0,
42.8702234067,71.3621016636,1.0,
42.8702239142,71.4187241155,1.0,
42.8702456521,71.3346708384,1.0,
42.870299403,71.3586737269,1.0,
42.8703448558,71.3535506518,1.0,
42.8703546955,71.375362637,1.0,
42.8703925658,71.352187163,1.0,
42.8705026143,71.3642441031,1.0,
42.8705255758,71.362173046,2.0,
42.8705800118,71.3746863776,1.0,
42.8705979978,71.3768872239,1.0,
42.8706025297,71.4013487544,2.0,
42.8706552499,71.3544357045,2.0,
42.8706782664,71.3685241463,2.0,
42.8710134378,71.3461634866,2.0,
42.8710163394,71.4031470192,1.0,
42.8710629356,71.3738699954,1.0,
42.8710828172,71.3688448903,1.0,
42.8710879364,71.3664715441,1.0,
42.8711005911,71.3760494526,1.0,
42.8711084853,71.3952631398,2.0,
42.8711168396,71.3887560645,1.0,
42.8713535701,71.3679684139,1.0,
42.8714793847,71.3848914834,1.0,
42.8714795244,71.3770124987,2.0,
42.8715437192,71.4153333278,1.0,
42.8715452535,71.3396901378,1.0,
42.8715826398,71.3780932392,2.0,
42.8715885402,71.3948433198,1.0,
42.8716177285,71.3732899715,1.0,
42.8716441846,71.3455078927,2.0,
42.8716937176,71.3754719718,1.0,
42.8717232186,71.3998240988,1.0,
42.8717645336,71.3620029554,1.0,
42.8718128791,71.3914722026,1.0,
42.8718166527,71.3475571668,1.0,
42.8718673464,71.3499216682,2.0,
42.8719081571,71.3612896786,1.0,
42.8720020337,71.3488067303,1.0,
42.8720152841,71.4146784468,1.0,
42.8720343862,71.362707188,2.0,
42.8720974142,71.3787056646,1.0,
42.8721719667,71.3742814245,1.0,
42.8721811592,71.3978221415,2.0,
42.8721991991,71.3779715747,1.0,
42.8722894239,71.3941102185,1.0,
42.8723116055,71.4159726252,1.0,
42.8723134089,71.3866605475,1.0,
42.8723611386,71.3541485146,1.0,
42.8723644214,71.3693047542,1.0,
42.8723690479,71.3572212957,2.0,
42.872466096,71.3620419661,1.0,
42.8724806825,71.3420058973,2.0,
42.8724906523,71.3663020394,1.0,
42.8725212129,71.365458023,1.0,
42.8726094197,71.3641591708,1.0,
42.8726974023,71.3997573281,2.0,
42.8726984407,71.3921931735,1.0,
42.8727050589,71.3454590606,1.0,
42.8728656648,71.4172622959,1.0,
42.8728688801,71.4126672568,2.0,
42.8728835932,71.4029753736,1.0,
42.8729078712,71.3966619868,1.0,
42.8729141797,71.3708335948,1.0,
42.8729456403,71.3723084279,1.0,
42.8730237378,71.3567807059,1.0,
42.8730291368,71.3899645764,1.0,
42.8730857654,71.3379534662,1.0,
42.8731229397,71.3462823476,1.0,
42.873208632,71.3552878144,1.0,
42.873341824,71.3732601324,1.0,
42.8733433496,71.3387163111,1.0,
42.873349632,71.3599714514,1.0,
42.8733745827,71.3717317454,1.0,
42.8734459257,71.3448817142,2.0,
42.8735153172,71.33175017,1.0,
42.8735196758,71.3923228435,1.0,
42.8735781033,71.3457136353,1.0,
42.8736781928,71.3905612653,1.0,
42.8736827728,71.3935000711,1.0,
42.8737547944,71.4005601154,2.0,
42.8739182536,71.3577422637,2.0,
42.8739513987,71.3429465178,1.0,
42.8739586443,71.3555979379,1.0,
42.8740176668,71.3684429958,1.0,
42.8740215024,71.3371370264,2.0,
42.874025899,71.3584530962,1.0,
42.8740558492,71.3739774505,1.0,
42.8740850562,71.3999163976,1.0,
42.8740964093,71.3615236611,2.0,
42.8741195284,71.4201161886,1.0,
42.8741520591,71.3635477777,1.0,
42.8742373387,71.4185738804,1.0,
42.8742432862,71.3543887669,2.0,
42.8742657361,71.3465336907,2.0,
42.8743139516,71.3629140162,2.0,
42.8743228426,71.3570061554,1.0,
42.8743437798,71.4186300785,2.0,
42.8743863582,71.3401480504,1.0,
42.8744112184,71.3810570245,2.0,
42.8744270606,71.3929485837,2.0,
42.8744784863,71.3838455989,1.0,
42.8744902324,71.3441731475,2.0,
42.8745403223,71.3758263513,1.0,
42.8745480536,71.3720326163,1.0,
42.8746319648,71.4034619955,1.0,
42.8746839923,71.3582335845,1.0,
42.8746868868,71.3780508365,1.0,
42.8747105795,71.3683992943,1.0,
42.8747402884,71.3988355817,1.0,
42.8747787395,71.3763858315,2.0,
42.8747937146,71.3305548162,1.0,
42.8747940463,71.3622751983,1.0,
42.8747942468,71.3512601066,1.0,
42.8748425096,71.3369087768,1.0,
42.8748664082,71.3434016397,1.0,
42.874909243,71.3637231779,1.0,
42.8749513444,71.3374780662,2.0,
42.8749663996,71.3983553474,2.0,
42.8750127355,71.3932130986,1.0,
42.8750291133,71.3973496611,2.0,
42.8750541029,71.4183561394,1.0,
42.8751254093,71.3383646617,2.0,
42.8751257415,71.3590092042,1.0,
42.875139096,71.3457626878,2.0,
42.8751408273,71.3572810571,1.0,
42.8751458577,71.4069272358,4.0,
42.8751477716,71.3911063214,1.0,
42.87518893,71.3856459477,1.0,
42.875293283,71.4134936592,1.0,
42.8753885938,71.3359035969,1.0,
42.8754216444,71.3759146754,2.0,
42.8754247103,71.366887687,1.0,
42.8754278719,71.4096193768,1.0,
42.8754318291,71.3827359244,1.0,
42.8754323101,71.3836683219,1.0,
42.8754447414,71.3655695187,1.0,
42.8754455165,71.3476006997,1.0,
42.8754737003,71.3649039596,2.0,
42.8754882054,71.3687441268,1.0,
42.8755520063,71.4013565346,2.0,
42.8755931377,71.4104834484,1.0,
42.8756568097,71.3921087667,1.0,
42.8756705313,71.3854365712,2.0,
42.8757538241,71.3947698213,1.0,
42.8757725698,71.3368969852,2.0,
42.8757834666,71.3699821547,1.0,
42.8758312517,71.349045589,1.0,
42.8758324511,71.4085112198,1.0,
42.8759236055,71.3772063061,4.0,
42.8759732819,71.3418171261,2.0,
42.8760487006,71.405889118,2.0,
42.8760491066,71.4072151067,1.0,
42.8760705035,71.3832259088,2.0,
42.8760724577,71.4152175515,1.0,
42.876081274,71.3731499285,1.0,
42.8760970513,71.3787810955,1.0,
42.8761306844,71.3354944787,1.0,
42.8761415142,71.3930635698,1.0,
42.8761652687,71.3500402326,1.0,
42.8762029506,71.390392099,1.0,
42.8762679394,71.3405510324,2.0,
42.8762716933,71.3850114876,1.0,
42.876286414,71.3886756227,1.0,
42.8762879944,71.410218442,1.0,
42.8763026493,71.3983578872,2.0,
42.8763475517,71.3711644694,1.0,
42.8763630247,71.3382871472,2.0,
42.876393947,71.4159039272,1.0,
42.8764161074,71.3373022477,2.0,
42.8764963096,71.3991165903,1.0,
42.8765038452,71.3429984743,4.0,
42.8765501562,71.3469229679,1.0,
42.876555457,71.3364220723,1.0,
42.8765943089,71.3759182143,2.0,
42.8766473163,71.3796581341,1.0,
42.876710999,71.3390281714,2.0,
42.8767147467,71.3875291842,4.0,
42.8768049193,71.398044112,1.0,
42.8768197934,71.3634119727,2.0,
42.8768396655,71.3727830501,1.0,
42.876839803,71.4041059674,1.0,
42.876892457,71.3609822411,1.0,
42.8769257928,71.3901150305,1.0,
42.8769393331,71.3786662531,1.0,
42.8769641045,71.3988937896,2.0,
42.8769697888,71.3652080434,2.0,
42.8769709393,71.3875211569,1.0,
42.8769742084,71.342548136,1.0,
42.8770132762,71.384507644,1.0,
42.8770204767,71.3344495562,2.0,
42.8770303753,71.3860121131,2.0,
42.8770381881,71.3830698593,2.0,
42.8770579424,71.3629047879,1.0,
42.8770725713,71.4058043648,1.0,
42.8771328771,71.3448069106,2.0,
42.8771628383,71.3949954516,1.0,
42.8771731989,71.3396094838,1.0,
42.8771927587,71.4107019815,1.0,
42.8772534622,71.3455721596,2.0,
42.8772712825,71.3381508807,1.0,
42.8772837443,71.3526275429,2.0,
42.8773231914,71.3435153456,4.0,
42.8774262874,71.3282111298,1.0,
42.8774484116,71.3363997612,1.0,
42.8774537444,71.3420451945,2.0,
42.8775382584,71.3496735793,1.0,
42.8775616279,71.3798541525,2.0,
42.8775719366,71.3613789027,2.0,
42.8776165723,71.3400393741,2.0,
42.8776352084,71.3408033596,2.0,
42.8776741629,71.4001722437,2.0,
42.8777467721,71.3442495326,1.0,
42.8777747684,71.4050096839,1.0,
42.8777999829,71.3799830916,1.0,
42.8778436096,71.339082268,2.0,
42.8778674512,71.3541826983,1.0,
42.8779217445,71.3467386016,2.0,
42.8779748619,71.3446971414,2.0,
42.8779842533,71.3353792568,2.0,
42.8780202083,71.3635644743,2.0,
42.878024005,71.4087658224,1.0,
42.8780433535,71.3453539081,1.0,
42.8780652549,71.3375714844,2.0,
42.8781841684,71.3851418928,1.0,
42.8782431233,71.3422672524,4.0,
42.8783002952,71.352028824,1.0,
42.8783019182,71.3659486057,1.0,
42.8783075705,71.3818449004,2.0,
42.8783257759,71.3365883418,4.0,
42.8783787828,71.3877993126,1.0,
42.8783934346,71.3807634177,1.0,
42.8784072009,71.3678028754,1.0,
42.8784205133,71.3406816896,1.0,
42.878485671,71.369042346,1.0,
42.878504584,71.4024409783,1.0,
42.8785066964,71.4109047882,1.0,
42.8785381969,71.3566177842,1.0,
42.8785837614,71.3381268157,1.0,
42.8785891453,71.3335895217,2.0,
42.8785894372,71.3797197253,1.0,
42.8786417414,71.4016998984,1.0,
42.8786539485,71.3388577322,1.0,
42.8787367261,71.3857526992,1.0,
42.8787502946,71.3554154943,1.0,
42.8787616198,71.3614700984,1.0,
42.8787916295,71.3485736806,1.0,
42.8788017222,71.3351667184,1.0,
42.8788112766,71.3760526506,1.0,
42.8788988915,71.3381274255,2.0,
42.8789070507,71.3417528662,1.0,
42.8789821161,71.3903903434,1.0,
42.879020239,71.4041452547,1.0,
42.8790358325,71.3825626103,1.0,
42.8791277599,71.3398193522,2.0,
42.8792072726,71.3456494186,2.0,
42.8792109841,71.4047354117,4.0,
42.8792113541,71.3989543801,2.0,
42.8792454285,71.4063776273,1.0,
42.8792930691,71.3427547216,4.0,
42.879309707,71.3335310074,2.0,
42.879342938,71.3438597803,4.0,
42.8793622399,71.3589218664,1.0,
42.8794144553,71.3966648594,2.0,
42.8794541877,71.3746523776,1.0,
42.8794693571,71.3670751095,1.0,
42.8795311904,71.3882716122,1.0,
42.8796185924,71.354623174,1.0,
42.879630568,71.3556444311,1.0,
42.8797328785,71.3402304019,2.0,
42.8797352445,71.3328641881,2.0,
42.8797557925,71.3832895676,1.0,
42.8797661907,71.3525382771,2.0,
42.8798222698,71.3372124348,1.0,
42.8798311795,71.3820604551,1.0,
42.8798837362,71.3384513978,2.0,
42.8799843402,71.3323278125,1.0,
42.8799964989,71.3532368194,1.0,
42.8800051098,71.3970392436,1.0,
42.880023513,71.3483598596,1.0,
42.8800316762,71.3416651772,1.0,
42.8800846256,71.3505087734,1.0,
42.8800909723,71.3577781458,2.0,
42.8801097581,71.3459618331,2.0,
42.8801172788,71.3856802069,4.0,
42.880186456,71.3342675782,1.0,
42.8802052874,71.3666350107,1.0,
42.8802611418,71.3318162423,2.0,
42.8802862288,71.3441166156,1.0,
42.8803310892,71.3942696587,1.0,
42.8803797156,71.3410612562,1.0,
42.8804119949,71.3702586804,1.0,
42.8804179496,71.3471088469,2.0,
42.8804322618,71.3389586089,2.0,
42.8804638162,71.3829723854,1.0,
42.8804647034,71.3378811067,2.0,
42.8805023692,71.3980853855,1.0,
42.8805527964,71.3396010709,1.0,
42.8805811089,71.40037106,1.0,
42.8806761886,71.3903333345,1.0,
42.8806876677,71.3425206453,4.0,
42.8807363772,71.3416186277,2.0,
42.8807526469,71.3331544267,1.0,
42.8808594747,71.4028186428,1.0,
42.8808807586,71.3955384907,1.0,
42.8808935211,71.3758257383,1.0,
42.8810726157,71.3318453463,1.0,
42.8810732763,71.3988799995,2.0,
42.8811171945,71.404424451,1.0,
42.881131452,71.3714484434,2.0,
42.8811833321,71.3441065953,1.0,
42.8811871165,71.3368597874,2.0,
42.8812067049,71.3460566192,2.0,
42.8812367908,71.3421108942,1.0,
42.8812617142,71.3388795105,2.0,
42.881299973,71.3915083955,1.0,
42.8813138275,71.3376830623,2.0,
42.8814171988,71.3658802351,1.0,
42.8814184915,71.3719709736,1.0,
42.8814787238,71.3679767148,1.0,
42.8815489261,71.3490897005,2.0,
42.8815651681,71.3933577087,1.0,
42.8815995694,71.3571382617,1.0,
42.881652076,71.4022113621,1.0,
42.8816983356,71.3435539352,4.0,
42.8817169934,71.3500039037,1.0,
42.8817334791,71.3942547153,1.0,
42.8817357521,71.3335814359,1.0,
42.881737996,71.3415718494,4.0,
42.8817419655,71.3551993082,1.0,
42.8817690093,71.3450209412,2.0,
42.8817924841,71.3400629911,2.0,
42.8818254306,71.3530204807,2.0,
42.8818294878,71.3473224084,1.0,
42.8818532986,71.3547629214,2.0,
42.8818707665,71.376405106,1.0,
42.8819431287,71.3850760721,1.0,
42.8819997267,71.3695359882,1.0,
42.8820308851,71.3870087421,2.0,
42.8820330632,71.3308882605,1.0,
42.8820571189,71.3364868691,2.0,
42.8821198592,71.4043375046,1.0,
42.8821348727,71.3373225642,2.0,
42.8822107284,71.4096082796,1.0,
42.8822438096,71.3380148163,1.0,
42.8822695184,71.3842513096,1.0,
42.8822809817,71.3710998232,1.0,
42.882288823,71.4066196177,1.0,
42.8823246767,71.3748884004,1.0,
42.8823989495,71.3460378102,4.0,
42.8824150638,71.3964184358,1.0,
42.8824248473,71.3661557129,1.0,
42.8824473064,71.3361172234,1.0,
42.8824946195,71.3346847478,2.0,
42.8825473096,71.3393562208,2.0,
42.8825538463,71.3300637734,1.0,
42.8825555318,71.3955703538,2.0,
42.882580446,71.3450958818,4.0,
42.8825962727,71.3488807236,1.0,
42.8826709936,71.4090431756,1.0,
42.882718224,71.3337385388,2.0,
42.8827788703,71.3434325075,2.0,
42.8827847306,71.3442379651,2.0,
42.8828107399,71.3357774615,2.0,
42.8828274705,71.3939411568,2.0,
42.8828353655,71.3292034914,1.0,
42.882843236,71.3532710377,1.0,
42.8828493919,71.3866630687,1.0,
42.8829063845,71.3480739377,1.0,
42.8829080709,71.3310862154,1.0,
42.8829484272,71.3374870588,2.0,
42.8829512888,71.3323733186,2.0,
42.8829523568,71.3471811531,4.0,
42.8829928287,71.3885219387,2.0,
42.8831040163,71.3499868371,1.0,
42.8831293221,71.3520546287,1.0,
42.883176197,71.405002503,2.0,
42.8832099998,71.3875905566,2.0,
42.8832274761,71.3730094617,1.0,
42.8832304141,71.3424950371,1.0,
42.8832359297,71.3348515216,1.0,
42.8832396843,71.3390431963,2.0,
42.8832554598,71.4057773325,2.0,
42.8832678112,71.3302532935,1.0,
42.8832754637,71.3898247516,1.0,
42.8832759724,71.3748966338,2.0,
42.8832795357,71.3401103321,2.0,
42.8832991377,71.3334965741,1.0,
42.883336773,71.3383787498,1.0,
42.883360787,71.3480584555,2.0,
42.8834079623,71.3862858848,2.0,
42.8834112371,71.3227956288,1.0,
42.88343374,71.3676918974,1.0,
42.8834586137,71.3453619159,1.0,
42.8834957405,71.3537936194,1.0,
42.8835605149,71.3450048114,2.0,
42.8836183396,71.3627002622,1.0,
42.8836215984,71.3446471804,1.0,
42.8836457401,71.3323858131,2.0,
42.8836690113,71.351611631,1.0,
42.8836829728,71.3367393394,1.0,
42.8837098435,71.3795771222,1.0,
42.8837305057,71.3471202935,1.0,
42.8837349642,71.3359515404,2.0,
42.8837730689,71.3335862862,2.0,
42.8838569948,71.3524358312,2.0,
42.8839013985,71.3476028036,2.0,
42.8839113181,71.3685644949,1.0,
42.8839120602,71.3346714177,1.0,
42.8839142498,71.3378811331,2.0,
42.8839209188,71.3396492896,4.0,
42.8839721844,71.3313870557,1.0,
42.883984457,71.365028524,1.0,
42.8840746655,71.3388413366,1.0,
42.8840840734,71.3769982058,2.0,
42.8840914496,71.4056032768,1.0,
42.8841442201,71.3837178676,1.0,
42.8841877322,71.367201478,1.0,
42.8841965779,71.3280064692,2.0,
42.8842532216,71.4081910372,1.0,
42.8842730348,71.3510688579,2.0,
42.8843625465,71.3636392837,1.0,
42.8843641232,71.3458816267,1.0,
42.8843861735,71.3358736204,1.0,
42.8844235492,71.3962083403,1.0,
42.884439705,71.3520913524,1.0,
42.8844977575,71.3499636638,1.0,
42.8845102132,71.3307126622,2.0,
42.8845457172,71.3338646882,1.0,
42.8845671352,71.3394546158,1.0,
42.8845821887,71.3881566304,1.0,
42.8845893428,71.3469551688,2.0,
42.8846237822,71.3381127447,1.0,
42.8846488498,71.3489734258,2.0,
42.884656015,71.410221562,1.0,
42.8846679489,71.364795632,1.0,
42.8846745897,71.3661557049,1.0,
42.8846837081,71.376165093,1.0,
42.8846924647,71.3830257573,1.0,
42.8847129567,71.3314572105,1.0,
42.8847535618,71.357508582,2.0,
42.8847659659,71.3743811382,2.0,
42.8847693882,71.353048708,1.0,
42.8848202319,71.3716408739,2.0,
42.8848916232,71.332595852,1.0,
42.8849147253,71.368259631,1.0,
42.8849240418,71.3494065382,1.0,
42.8849837083,71.3995921752,1.0,
42.8850088277,71.400687087,2.0,
42.8850247347,71.3854038885,4.0,
42.8850409889,71.32048267,2.0,
42.8850419973,71.3393397573,2.0,
42.885137815,71.3271143591,2.0,
42.8851763629,71.3461570877,2.0,
42.8851921262,71.3343866218,1.0,
42.8852254156,71.3548167941,4.0,
42.8853817543,71.3534050045,1.0,
42.8853844642,71.3283696027,2.0,
42.8854129131,71.3964995995,1.0,
42.8854146937,71.3504686761,4.0,
42.885416141,71.3747780298,2.0,
42.8854455969,71.3860326329,1.0,
42.8854772796,71.3690407731,1.0,
42.885486688,71.3666933862,1.0,
42.8855413655,71.409892147,1.0,
42.8855470477,71.3528605552,4.0,
42.8855511868,71.3334571503,2.0,
42.8855710424,71.3850001589,1.0,
42.8855840314,71.3762849325,1.0,
42.8856494516,71.399465841,2.0,
42.8856773159,71.3677621944,1.0,
42.8856778557,71.3453198664,1.0,
42.8856836019,71.354169982,2.0,
42.8856976224,71.3697670852,1.0,
42.88574091,71.349679336,2.0,
42.8857799859,71.3920630718,1.0,
42.8858307659,71.3817496213,1.0,
42.8858375756,71.3717283782,1.0,
42.8858841922,71.3332210974,1.0,
42.8858949882,71.3845433606,2.0,
42.8860083356,71.332202654,2.0,
42.8860230021,71.4027453176,1.0,
42.8860315211,71.3456252521,2.0,
42.8860324947,71.3857029989,2.0,
42.8860477256,71.3745362566,1.0,
42.8860657793,71.3518358375,2.0,
42.8860939864,71.3728358136,1.0,
42.8861378137,71.3312649193,2.0,
42.8861541488,71.3292056075,1.0,
42.886267874,71.3754450538,1.0,
42.886344499,71.3640404674,2.0,
42.8863502023,71.3612249254,1.0,
42.886372568,71.353583205,2.0,
42.8863832798,71.3908236045,2.0,
42.8864053572,71.3347158852,4.0,
42.8864247063,71.3832571719,1.0,
42.886429321,71.3810085821,1.0,
42.8864928801,71.328240672,2.0,
42.8864956371,71.3480892782,2.0,
42.88651629,71.325923202,1.0,
42.8865385673,71.3647599509,2.0,
42.8865918989,71.4029852843,2.0,
42.8866063693,71.3471853937,1.0,
42.886635019,71.3705505272,1.0,
42.8866380605,71.3548577489,4.0,
42.8866926119,71.3824995694,1.0,
42.8866947957,71.3440194308,2.0,
42.8866974787,71.3848595814,1.0,
42.8867409289,71.400437417,1.0,
42.8867483139,71.3919148991,1.0,
42.8868445384,71.3839363722,2.0,
42.8869242804,71.3526858419,2.0,
42.8869253627,71.3585869753,2.0,
42.8869589827,71.3257211484,2.0,
42.8869688692,71.373633972,1.0,
42.8870825491,71.361251109,2.0,
42.8870853643,71.326822937,1.0,
42.887085875,71.3485987914,1.0,
42.8871096548,71.3413934099,1.0,
42.8871314098,71.3951416536,1.0,
42.8871582021,71.3336776827,2.0,
42.8871702621,71.327374431,2.0,
42.8871979148,71.3554059365,2.0,
42.8872249859,71.3446183765,2.0,
42.8872310916,71.3286871251,2.0,
42.8872872796,71.3298944661,1.0,
42.8872989674,71.3546666625,1.0,
42.8873042783,71.3833573843,2.0,
42.8873061496,71.3498866412,1.0,
42.8873164718,71.3478647288,2.0,
42.8873186,71.3261597877,1.0,
42.8873363594,71.3562009837,1.0,
42.8873773423,71.3523738057,1.0,
42.8873994314,71.3971097661,1.0,
42.8874482961,71.402306768,1.0,
42.8874817417,71.351756333,2.0,
42.8875895139,71.3670521421,1.0,
42.8875972855,71.3697219792,1.0,
42.8876194802,71.3852154033,1.0,
42.8877147063,71.3844958794,2.0,
42.8877761225,71.3534282218,4.0,
42.8879191569,71.3954060295,1.0,
42.8879373193,71.3468211721,1.0,
42.8879611915,71.3588360258,4.0,
42.8879875687,71.3560827963,2.0,
42.8879953597,71.3878240763,1.0,
42.887995868,71.3554856639,1.0,
42.8881285689,71.3298673077,1.0,
42.8882061349,71.3356280295,2.0,
42.8882753807,71.3403341465,2.0,
42.8883250058,71.3520671707,1.0,
42.8884405264,71.3425038246,1.0,
42.8884871324,71.370605245,2.0,
42.8884930577,71.3828865065,1.0,
42.8885002107,71.3373259915,1.0,
42.8885353252,71.3456943219,2.0,
42.8885548917,71.3539116165,2.0,
42.8885591152,71.3838792845,1.0,
42.8886042548,71.333085522,1.0,
42.8886245482,71.3574134256,2.0,
42.8886718069,71.3362330532,1.0,
42.8887190376,71.3488776506,1.0,
42.888768166,71.3995571905,1.0,
42.8888455001,71.3415431625,1.0,
42.8888496013,71.4011552668,2.0,
42.8888525318,71.330463123,2.0,
42.8888678564,71.3565454109,1.0,
42.8888693872,71.3979949412,1.0,
42.8889226228,71.4035971382,1.0,
42.8889263106,71.3340155565,1.0,
42.8889830363,71.3515189881,2.0,
42.8889833288,71.3946668523,1.0,
42.8889870442,71.3462231418,1.0,
42.8889977395,71.3323007054,2.0,
42.8890188738,71.387493876,1.0,
42.8890243731,71.3750730036,1.0,
42.8890579782,71.396457631,2.0,
42.8892094823,71.3533639552,1.0,
42.8892098058,71.3821776319,2.0,
42.8892468455,71.3904195264,1.0,
42.8893796237,71.3720103902,1.0,
42.889381973,71.350414665,2.0,
42.889387012,71.3936682203,1.0,
42.889453576,71.3315916568,1.0,
42.8894773951,71.3405387626,2.0,
42.8895330976,71.3351371379,1.0,
42.8895594214,71.3482889437,2.0,
42.8895952558,71.3829743237,1.0,
42.8896615153,71.352157029,2.0,
42.8897678188,71.3400947527,1.0,
42.8897874754,71.3962885225,2.0,
42.8898536617,71.3810929444,1.0,
42.8899991723,71.3492236873,1.0,
42.8900526241,71.3739694316,1.0,
42.8901359318,71.3723580786,1.0,
42.890142817,71.3546925278,2.0,
42.8901644118,71.3542281622,1.0,
42.8901807175,71.4136693618,1.0,
42.8901865385,71.3389840227,1.0,
42.8902120079,71.3331574175,2.0,
42.8902314646,71.3913746151,1.0,
42.8902493436,71.4004633047,2.0,
42.8903017831,71.3747283465,1.0,
42.8903254956,71.3417721425,2.0,
42.8903537514,71.3629514577,1.0,
42.8903958251,71.3515078992,4.0,
42.8904492425,71.3300997542,2.0,
42.890479411,71.3680411272,2.0,
42.8905611261,71.4246922214,1.0,
42.8905692908,71.3898099197,2.0,
42.8906021409,71.348066336,2.0,
42.8906132784,71.3666294364,1.0,
42.890661761,71.4377652009,1.0,
42.8906757875,71.3494184281,1.0,
42.8907833254,71.4097608796,1.0,
42.8907871494,71.3381969237,2.0,
42.8908117388,71.3775111295,1.0,
42.8908244639,71.3397209983,2.0,
42.8908530922,71.3821335913,4.0,
42.8908752947,71.3811392058,2.0,
42.890908576,71.373749244,2.0,
42.8909524569,71.3692141789,1.0,
42.8909544548,71.37029338,2.0,
42.8909626797,71.3500970648,2.0,
42.8909909907,71.4137890569,2.0,
42.8909929894,71.3709880857,1.0,
42.8910601606,71.3867993013,1.0,
42.8911145414,71.4391235563,2.0,
42.8911433825,71.4397083499,1.0,
42.8911710169,71.3957166719,1.0,
42.8911992215,71.3752632632,2.0,
42.8912027915,71.4215884202,1.0,
42.8912038025,71.3522823614,1.0,
42.8912195678,71.3320011384,1.0,
42.8913024993,71.4148786807,1.0,
42.8913077992,71.3376468279,2.0,
42.8913272024,71.3610148514,1.0,
42.8913425634,71.3840762377,2.0,
42.8913574263,71.3778534077,4.0,
42.891378223,71.4249303858,2.0,
42.8913836627,71.3558724716,1.0,
42.8914017723,71.3552104753,2.0,
42.8914109862,71.3823391261,1.0,
42.8914308218,71.3286717475,2.0,
42.8914378086,71.3546926883,1.0,
42.8915238,71.4144681265,2.0,
42.891549158,71.3472266029,1.0,
42.8916149636,71.403320736,1.0,
42.891620858,71.351076245,2.0,
42.8916405808,71.3801259611,2.0,
42.8916785415,71.3938445046,1.0,
42.8917251122,71.3813208706,2.0,
42.8917365805,71.3965874907,1.0,
42.8917446933,71.3647615406,1.0,
42.8917997246,71.3616039032,1.0,
42.8918154999,71.3282946323,1.0,
42.8918396367,71.3504815248,1.0,
42.8918396838,71.3853089332,1.0,
42.891872348,71.3761475733,1.0,
42.8918863569,71.3313857358,2.0,
42.8918945815,71.3925757458,2.0,
42.8918995937,71.4011035187,1.0,
42.8919194568,71.3266564242,1.0,
42.8919291674,71.4395333556,1.0,
42.8919548496,71.3773385147,1.0,
42.8920197224,71.3333471119,2.0,
42.8920228671,71.3697637669,2.0,
42.8920357332,71.3992399426,1.0,
42.8921532651,71.3740847969,1.0,
42.8921678648,71.367525719,4.0,
42.8921918539,71.3500493062,2.0,
42.8922087908,71.3604982004,1.0,
42.892263942,71.3863097962,1.0,
42.8922875371,71.3307781926,2.0,
42.8922995749,71.3628020756,2.0,
42.8923162508,71.3711677334,2.0,
42.8923826541,71.3400138879,1.0,
42.8923836774,71.3799606761,2.0,
42.8924004129,71.3375649206,1.0,
42.892422952,71.3844477632,1.0,
42.8924313588,71.3618815639,1.0,
42.8924317689,71.3722230697,1.0,
42.892514517,71.4418233322,1.0,
42.8925479472,71.3316731618,1.0,
42.8925515376,71.3551652162,2.0,
42.8925543731,71.3296884563,1.0,
42.8926032537,71.3954052925,1.0,
42.8926598998,71.3270071019,1.0,
42.8926654909,71.3980136707,2.0,
42.8926911373,71.3748129167,1.0,
42.8927384729,71.3804216071,1.0,
42.8927562552,71.3753542437,2.0,
42.8927627183,71.3695790886,1.0,
42.8927743354,71.3994190667,1.0,
42.8927782014,71.3705133531,1.0,
42.8927891155,71.3756366689,1.0,
42.8927921222,71.3826346345,2.0,
42.8928008321,71.4191776129,1.0,
42.8928126755,71.3966221412,1.0,
42.8928349374,71.3794953716,1.0,
42.8928661729,71.420257207,2.0,
42.8928669545,71.3718219199,2.0,
42.8929289929,71.3604243408,1.0,
42.8929583698,71.3333737001,4.0,
42.8929604861,71.3325152102,1.0,
42.8930265967,71.4344944998,2.0,
42.8930268497,71.3527256575,2.0,
42.8931087865,71.3646680972,1.0,
42.8931142679,71.4481168421,1.0,
42.8931390187,71.3520073589,2.0,
42.8931391942,71.3279736213,1.0,
42.8931634396,71.397763835,1.0,
42.893191789,71.4007482676,1.0,
42.8931954837,71.4498706073,1.0,
42.8932591147,71.354027794,2.0,
42.8932607364,71.3689830882,2.0,
42.8933768871,71.3471642436,2.0,
42.8933811457,71.3916569944,1.0,
42.8933856464,71.4469118936,2.0,
42.8934877312,71.4053136618,1.0,
42.8935155728,71.4345272462,1.0,
42.893543469,71.3375682824,2.0,
42.8935573383,71.3965945357,1.0,
42.8935575217,71.3461683897,2.0,
42.8935615147,71.3681578452,1.0,
42.8936009769,71.3613406814,1.0,
42.8936212298,71.4356829048,1.0,
42.893628446,71.4092259433,2.0,
42.8936501797,71.3326427212,1.0,
42.8936602222,71.4240374324,1.0,
42.893667176,71.4374477498,2.0,
42.8936757114,71.3295089302,2.0,
42.8936830268,71.3786792305,1.0,
42.8937033857,71.3901984803,1.0,
42.8937083995,71.3798987045,2.0,
42.8937165807,71.3906372369,2.0,
42.8937311888,71.3773657628,2.0,
42.8937422777,71.4376943653,1.0,
42.8938278045,71.3336113462,2.0,
42.8938628882,71.3530405169,1.0,
42.8938848184,71.3733378144,4.0,
42.8939817043,71.3521635839,1.0,
42.8940240931,71.3973312598,1.0,
42.8940725529,71.433380974,1.0,
42.8941217638,71.34803834,2.0,
42.8941446181,71.4033826034,2.0,
42.8941514194,71.3875599965,2.0,
42.8941698888,71.3932879434,2.0,
42.8942050295,71.398763141,1.0,
42.8942225212,71.3983518339,2.0,
42.8942530909,71.3283927724,1.0,
42.8942989851,71.3376536349,1.0,
42.8943022469,71.4383730558,1.0,
42.8943134663,71.3457801728,2.0,
42.8943354691,71.3704821457,1.0,
42.894377174,71.3714739553,2.0,
42.8943799129,71.3622172409,1.0,
42.8943806362,71.3332164831,1.0,
42.8944188296,71.3944406486,1.0,
42.8944215818,71.4047915604,1.0,
42.8944310663,71.3727953618,1.0,
42.8944350001,71.4091426423,2.0,
42.8944390161,71.3783546538,1.0,
42.8944531169,71.3649832525,1.0,
42.8944545117,71.401957335,2.0,
42.8945087094,71.4085424965,1.0,
42.8945705464,71.4174312835,1.0,
42.8945876443,71.4053974107,2.0,
42.8945891023,71.3664002875,1.0,
42.8946049658,71.4006429233,2.0,
42.8946104867,71.3800913223,1.0,
42.8946420387,71.3687978855,1.0,
42.8946750048,71.3854705414,1.0,
42.8946761764,71.3298023469,2.0,
42.8946886586,71.3926158157,2.0,
42.8946916269,71.3920849931,1.0,
42.8946963949,71.3468925524,1.0,
42.8946964623,71.393638747,1.0,
42.8947024542,71.3762499211,1.0,
42.8947366029,71.3478341876,1.0,
42.894774877,71.3997702883,2.0,
42.8948070556,71.381142955,1.0,
42.8948283474,71.4462182469,1.0,
42.8948378625,71.406193754,1.0,
42.894847949,71.3721543847,2.0,
42.8948520803,71.3370308526,1.0,
42.8948537265,71.3980302685,1.0,
42.8948802489,71.345492704,1.0,
42.8948911308,71.3955308081,1.0,
42.8949413941,71.3739111326,2.0,
42.8949819393,71.4029741938,1.0,
42.894986967,71.3680653037,2.0,
42.8950818756,71.3666920195,2.0,
42.8950864137,71.3868639723,2.0,
42.8950954262,71.3371254027,2.0,
42.8951183964,71.3488999063,1.0,
42.8951399088,71.3673637609,1.0,
42.8951429517,71.3697375729,1.0,
42.895155749,71.3970815533,1.0,
42.895169634,71.3636136865,2.0,
42.8951750101,71.3591107813,1.0,
42.8951819154,71.3895098989,1.0,
42.8951864807,71.3707473262,2.0,
42.8952011955,71.3786259402,1.0,
42.8952608572,71.3610086469,1.0,
42.8952617659,71.3648691191,2.0,
42.8952792845,71.3774870004,1.0,
42.8952937954,71.3479495452,2.0,
42.8952973655,71.3731157961,2.0,
42.8953214377,71.3796732129,4.0,
42.8953300408,71.3845677864,1.0,
42.8953331059,71.3851136361,4.0,
42.8953543298,71.3744903048,1.0,
42.8953835817,71.4402037836,1.0,
42.895499164,71.3808101307,1.0,
42.8955795266,71.3910281697,1.0,
42.8956724438,71.4413466019,1.0,
42.8957155911,71.3314608952,2.0,
42.895716425,71.398562541,2.0,
42.8957357313,71.3267132772,1.0,
42.8957465373,71.3298722141,1.0,
42.8957772017,71.3467682173,2.0,
42.8958174989,71.3686373325,1.0,
42.8958566188,71.3367151556,4.0,
42.895862943,71.3455795693,1.0,
42.8958746534,71.3305033341,2.0,
42.8959573207,71.3786050872,2.0,
42.8960446074,71.401509641,1.0,
42.8960651368,71.3476830655,2.0,
42.8961421217,71.3616101604,1.0,
42.8961481,71.3731190466,1.0,
42.8961671554,71.3326814226,2.0,
42.8961749505,71.4036077065,2.0,
42.8962260893,71.4481339608,1.0,
42.8962325603,71.3776325215,2.0,
42.8962535262,71.44017239,1.0,
42.8962943183,71.3920026782,1.0,
42.8963075433,71.3816434134,2.0,
42.8963108878,71.379717881,1.0,
42.8963450809,71.4298492532,1.0,
42.8963459127,71.3927601111,1.0,
42.8963535386,71.387069078,1.0,
42.8964414284,71.3709075385,1.0,
42.896460501,71.3718750566,4.0,
42.8964935667,71.348848216,2.0,
42.8965000553,71.3738204033,2.0,
42.8965013524,71.3973101921,1.0,
42.8965352041,71.3908055772,1.0,
42.8965579001,71.3306560997,2.0,
42.8965926559,71.3666097622,2.0,
42.8965946705,71.3293647574,4.0,
42.8965982982,71.3283666968,2.0,
42.8966190801,71.3849556319,1.0,
42.8967083318,71.3510652924,2.0,
42.896757463,71.3833384236,1.0,
42.8968138134,71.3648214157,1.0,
42.8968380835,71.4425016608,1.0,
42.8968560188,71.4291631536,1.0,
42.8968609142,71.3744849035,1.0,
42.8968794551,71.3702367911,1.0,
42.8969143097,71.4225766729,1.0,
42.8969163728,71.3501232607,1.0,
42.8969184004,71.4445226701,1.0,
42.8969277744,71.3360833805,4.0,
42.8969455816,71.439175789,1.0,
42.8969611523,71.3981758144,2.0,
42.8969817416,71.4367800296,1.0,
42.8969961004,71.4374793384,1.0,
42.8970276421,71.3609316397,2.0,
42.8970739409,71.4025721543,1.0,
42.8970777154,71.362586832,1.0,
42.897191144,71.40334444,1.0,
42.8971913204,71.4331358632,2.0,
42.8971987018,71.4305944236,1.0,
42.8972479786,71.3614745083,1.0,
42.8972513044,71.3670650854,2.0,
42.8973288454,71.364510903,2.0,
42.8973429353,71.3284632532,1.0,
42.8973833335,71.3776809086,2.0,
42.8973930869,71.4417202218,1.0,
42.8974306416,71.3969452909,1.0,
42.8975049688,71.3938250484,1.0,
42.8975260821,71.3516150598,1.0,
42.8975297834,71.4006127084,2.0,
42.8975338804,71.3711533969,1.0,
42.8975382712,71.3919786107,1.0,
42.8975593527,71.3880610033,2.0,
42.8975943933,71.3719721744,1.0,
42.8976057788,71.4408006566,2.0,
42.8976326568,71.3634697679,2.0,
42.89763648,71.3728390802,1.0,
42.8976720813,71.3496924252,1.0,
42.8976792578,71.373814379,1.0,
42.8977468379,71.3745164591,1.0,
42.897776874,71.4023587956,2.0,
42.8978180599,71.4314603245,1.0,
42.8979933271,71.3467405722,2.0,
42.8980117883,71.4372223225,1.0,
42.8980280356,71.4349084791,2.0,
42.8980296034,71.3979518958,2.0,
42.8980587989,71.376957768,4.0,
42.8980643551,71.3667949201,1.0,
42.8980750265,71.3516656461,2.0,
42.8980955851,71.3298648307,2.0,
42.8981239119,71.3915489232,1.0,
42.8981690403,71.3990927547,1.0,
42.8982916644,71.3456167123,1.0,
42.8982986751,71.4417222235,1.0,
42.8983035417,71.3873951441,2.0,
42.8983286258,71.3476597493,2.0,
42.89833186,71.3804703823,2.0,
42.8983606462,71.4439352121,1.0,
42.8983768562,71.4309702061,1.0,
42.8983819379,71.36468731,2.0,
42.8983964482,71.3796612847,1.0,
42.8984174345,71.3285908474,1.0,
42.8984225833,71.4427658214,1.0,
42.8984744893,71.4462520043,1.0,
42.8986455758,71.3295884058,1.0,
42.8986614787,71.3614720672,2.0,
42.8986631484,71.3868789429,1.0,
42.8986786692,71.3959290395,1.0,
42.8987245599,71.3789693034,2.0,
42.89873661,71.377785122,1.0,
42.8987446871,71.4448179259,1.0,
42.8987984337,71.3517219351,1.0,
42.8988090347,71.3403648032,1.0,
42.898822331,71.4061211114,2.0,
42.8988276013,71.3891616053,4.0,
42.8988458284,71.3508451105,2.0,
42.8988636789,71.4434234902,1.0,
42.8988886009,71.3951600912,1.0,
42.8988975781,71.4004465784,2.0,
42.8989505725,71.3888532668,2.0,
42.8989687558,71.3487682896,1.0,
42.8989831269,71.3647446376,1.0,
42.8989866678,71.3674610139,1.0,
42.898990669,71.4021594996,1.0,
42.8990298433,71.4029932177,1.0,
42.8990365016,71.3475236342,1.0,
42.8990733924,71.3413399745,1.0,
42.8990758707,71.4039291978,2.0,
42.8991317357,71.3457025978,2.0,
42.8991502214,71.3495852099,2.0,
42.8991697483,71.4472404409,1.0,
42.8991850377,71.4442339404,2.0,
42.8992303512,71.3875783033,2.0,
42.8992321197,71.4405465861,1.0,
42.8992443601,71.3884471448,1.0,
42.8992875598,71.3656993671,1.0,
42.8992986148,71.3467036904,2.0,
42.8993152221,71.3419546931,2.0,
42.8993420867,71.4320831379,2.0,
42.8993656858,71.4289591308,1.0,
42.8993766675,71.4046536082,1.0,
42.8993822878,71.3638466239,1.0,
42.8994041816,71.4373663714,1.0,
42.8994457769,71.3868449606,2.0,
42.8994857638,71.3778315303,2.0,
42.8995374454,71.4393260541,1.0,
42.8995648042,71.4365093962,2.0,
42.8995690684,71.4262468365,1.0,
42.8996378266,71.385080737,1.0,
42.8996946359,71.3790497994,2.0,
42.8997370449,71.3673355629,1.0,
42.8997560287,71.3800245062,2.0,
42.8997782311,71.4447347,1.0,
42.8997948235,71.3902515285,1.0,
42.8998566811,71.3894455505,1.0,
42.8999618225,71.3962400591,1.0,
42.8999846485,71.4458149776,1.0,
42.899994141,71.4329763401,2.0,
42.9000728698,71.3632629464,2.0,
42.9000784318,71.3486330636,2.0,
42.9000854913,71.4343260369,2.0,
42.9000902975,71.3834534706,1.0,
42.900122736,71.3593398668,2.0,
42.9001536853,71.3872700701,1.0,
42.9001890459,71.3585903094,1.0,
42.9001897212,71.3512211052,1.0,
42.9002070438,71.4427374938,1.0,
42.9002091882,71.4037169113,1.0,
42.9002173577,71.3824638785,2.0,
42.9002975805,71.4443958371,2.0,
42.9003011666,71.3815296452,1.0,
42.9003027214,71.3563979968,1.0,
42.900329471,71.3623225404,4.0,
42.9003365311,71.397070163,1.0,
42.9003389854,71.3465575916,2.0,
42.9003666835,71.373631911,2.0,
42.9004076313,71.3642234432,1.0,
42.9004147795,71.4324787108,1.0,
42.9004420598,71.4271937706,1.0,
42.9004522188,71.4365482329,1.0,
42.900495747,71.4478016641,1.0,
42.9005232788,71.372285621,1.0,
42.900562787,71.4387874925,4.0,
42.9005838669,71.3787958851,2.0,
42.9006122498,71.3795777094,1.0,
42.9006197241,71.4383378469,1.0,
42.9006461119,71.3943263256,1.0,
42.9006676916,71.3777061431,1.0,
42.900803764,71.3760566878,2.0,
42.9008296159,71.4405930239,2.0,
42.9008971096,71.3744225558,2.0,
42.9009151792,71.3752482537,1.0,
42.9010011258,71.3912094998,2.0,
42.9010073831,71.3895245554,2.0,
42.901143122,71.4036909909,1.0,
42.9012701476,71.3547378263,1.0,
42.9012830185,71.3541526313,2.0,
42.901302878,71.3566844721,1.0,
42.9013345251,71.3527910713,1.0,
42.9013484629,71.3696032589,2.0,
42.9013570077,71.3619317899,2.0,
42.9013614649,71.4389387437,1.0,
42.9013796728,71.3704791744,1.0,
42.9014236165,71.3716296583,1.0,
42.901429161,71.3640297774,1.0,
42.9014292024,71.3663643737,1.0,
42.9014456949,71.3797834872,1.0,
42.901455363,71.3943821541,1.0,
42.9015254481,71.373849107,1.0,
42.901639933,71.4343031006,1.0,
42.9017536599,71.3513405823,1.0,
42.9018058657,71.3989005004,1.0,
42.9018105049,71.3343276037,1.0,
42.9018291974,71.336741861,2.0,
42.9019074221,71.364563457,1.0,
42.9019231889,71.343886008,1.0,
42.9019448162,71.335224228,1.0,
42.9020263697,71.3411848674,2.0,
42.9020317386,71.4425068778,2.0,
42.9020970318,71.3395203157,1.0,
42.9021082276,71.3754194085,2.0,
42.9021308624,71.3722602927,2.0,
42.9021652634,71.3874833768,1.0,
42.9021687331,71.3473275056,1.0,
42.9021908159,71.3488108694,1.0,
42.9021926534,71.3597416457,1.0,
42.9022571753,71.3900670181,4.0,
42.9023109071,71.3551146255,1.0,
42.9023510445,71.3943281549,1.0,
42.9024240928,71.3375117901,1.0,
42.902448147,71.3406696979,1.0,
42.9024562992,71.364731427,2.0,
42.9024580492,71.3586797494,1.0,
42.9024639401,71.3400763091,2.0,
42.902539258,71.4375141909,1.0,
42.9025397626,71.3936204839,1.0,
42.9025485559,71.3861333044,2.0,
42.9025842086,71.3387199712,1.0,
42.9026290535,71.4054806329,1.0,
42.9026395455,71.3491519625,4.0,
42.9026516814,71.3907834417,2.0,
42.9027180991,71.4356635787,2.0,
42.902752155,71.3363974572,1.0,
42.902782768,71.381242042,2.0,
42.9028031522,71.3383830955,2.0,
42.9029112788,71.4335273695,1.0,
42.9029293864,71.3988119838,1.0,
42.9029296847,71.358136311,1.0,
42.9029472285,71.3412488848,1.0,
42.9029508157,71.3502314068,1.0,
42.9029618327,71.3870765303,1.0,
42.9029865794,71.3564961309,1.0,
42.9029912998,71.3519959708,1.0,
42.9030358718,71.3384095057,4.0,
42.9030359776,71.3601072226,1.0,
42.9030414085,71.434468368,1.0,
42.9030427242,71.3593556254,2.0,
42.9030495796,71.4026873382,1.0,
42.9031460666,71.3378780223,8.0,
42.9031522651,71.3902311944,1.0,
42.9032468063,71.3372438732,2.0,
42.9032492413,71.3372193258,4.0,
42.9032652555,71.3795769327,1.0,
42.9032728419,71.3393457306,2.0,
42.9033029232,71.3891329819,2.0,
42.9033449747,71.3579404597,2.0,
42.9033745823,71.3800043591,2.0,
42.9033767303,71.4278042129,1.0,
42.9033801282,71.3856319552,2.0,
42.9033910324,71.435355498,1.0,
42.9034246277,71.3780052174,2.0,
42.9034341809,71.3502410099,2.0,
42.9034495178,71.3959869465,2.0,
42.9034724635,71.3555683352,1.0,
42.9034776433,71.3979252432,2.0,
42.9035234209,71.3761659173,1.0,
42.9035672907,71.3986652475,2.0,
42.9035950449,71.3768415246,2.0,
42.9036186687,71.3752605834,2.0,
42.9036194265,71.3663363785,1.0,
42.9036585549,71.3648248553,4.0,
42.9037092256,71.3741901919,1.0,
42.9037321081,71.4031007075,1.0,
42.9038652297,71.3880492656,2.0,
42.9038665283,71.3967657009,2.0,
42.9039053322,71.3183285458,1.0,
42.9039331395,71.3976220638,1.0,
42.9039370729,71.3664383946,2.0,
42.9039438813,71.3779758418,1.0,
42.9039722407,71.3621301257,2.0,
42.9039939064,71.3732409672,1.0,
42.903998978,71.4333572845,1.0,
42.9040002041,71.3401925498,2.0,
42.9041327203,71.3898867598,1.0,
42.9041557307,71.372306893,1.0,
42.9042118157,71.3817566698,1.0,
42.9042316002,71.3749384155,1.0,
42.9042670794,71.3460221338,1.0,
42.9043156005,71.3593639592,2.0,
42.9043970551,71.3963335859,4.0,
42.9044209565,71.4409424791,1.0,
42.9044952252,71.349621388,1.0,
42.9044985714,71.4399677748,1.0,
42.9045050792,71.3580786872,1.0,
42.9045144918,71.3427365489,1.0,
42.9045247555,71.4326754602,1.0,
42.9045786333,71.400303539,1.0,
42.9046322117,71.3177816986,1.0,
42.9046752532,71.3573641523,1.0,
42.9046992372,71.4355862281,1.0,
42.9047379341,71.354451941,2.0,
42.9047402998,71.3617772397,2.0,
42.9047928857,71.3807204517,1.0,
42.9048004404,71.3727660836,1.0,
42.9048037779,71.3533638239,1.0,
42.90482159,71.4361757816,2.0,
42.9048850373,71.3136835947,2.0,
42.9048885937,71.3778564385,1.0,
42.9049130992,71.359423941,1.0,
42.9049290941,71.3885215656,1.0,
42.9049341933,71.3394576104,2.0,
42.9049509877,71.3938456771,2.0,
42.9050098325,71.3827314415,1.0,
42.9051843325,71.3514499707,1.0,
42.9052533915,71.3834272045,1.0,
42.9052646027,71.4372716152,2.0,
42.9052748935,71.3876697417,4.0,
42.9053007983,71.4360689892,1.0,
42.9053442633,71.3536839809,2.0,
42.9053473328,71.3604408089,1.0,
42.9053512365,71.3423862401,2.0,
42.9054330764,71.3620177457,1.0,
42.9054467824,71.3894302417,2.0,
42.9055128363,71.3526309668,1.0,
42.9055284947,71.4318924024,1.0,
42.9055741162,71.3706742112,2.0,
42.9055846502,71.3401912074,2.0,
42.9056143785,71.3815066464,1.0,
42.9056398838,71.3777752102,1.0,
42.9056873346,71.353597024,1.0,
42.9057051919,71.4400767583,2.0,
42.9057308244,71.3480487804,1.0,
42.9057534158,71.3109101116,4.0,
42.9058153361,71.3682622126,2.0,
42.9059535161,71.3498466376,1.0,
42.9059872623,71.3741479732,1.0,
42.9060374643,71.3574938777,2.0,
42.9060414679,71.3723662659,2.0,
42.9060531018,71.3514350668,1.0,
42.9060571934,71.3800353368,2.0,
42.9060621659,71.3932621231,1.0,
42.9061873132,71.3394181562,2.0,
42.9062730312,71.3670955422,1.0,
42.9063156454,71.3908329218,1.0,
42.9063165914,71.3545106061,1.0,
42.9063294341,71.3653678232,1.0,
42.9064877031,71.3489615278,1.0,
42.9065365391,71.3556504928,1.0,
42.9065713287,71.402011633,1.0,
42.9066715195,71.3467210849,2.0,
42.9066962665,71.3765793825,1.0,
42.9066978779,71.3995056728,1.0,
42.9067678939,71.3473221902,1.0,
42.9068195725,71.3967720795,1.0,
42.9068362658,71.3848065584,1.0,
42.9068667617,71.3665124945,1.0,
42.9068698659,71.3722872317,1.0,
42.9068949082,71.404104633,1.0,
42.9069155324,71.445796538,1.0,
42.9069267758,71.393272872,2.0,
42.9070258466,71.3457098289,2.0,
42.9070400846,71.3869056661,2.0,
42.907078155,71.375690331,1.0,
42.9070791836,71.3644161371,1.0,
42.9070824461,71.3675851795,2.0,
42.9071003186,71.40098164,1.0,
42.9071802989,71.3808932646,1.0,
42.907254216,71.3542583815,1.0,
42.9072946536,71.3684724656,2.0,
42.9073616067,71.3919596481,1.0,
42.9073848357,71.4010454099,2.0,
42.9073896705,71.4399561878,1.0,
42.9074828646,71.3841286377,1.0,
42.9075131162,71.4464715641,1.0,
42.9075234707,71.3510087635,1.0,
42.9075506994,71.371453823,1.0,
42.9075801251,71.3653179185,2.0,
42.9076122025,71.3946886971,1.0,
42.9076653178,71.3231376633,4.0,
42.9076687548,71.3751969497,1.0,
42.9076743684,71.3239828749,2.0,
42.907692364,71.3988703734,1.0,
42.9077611352,71.3837463181,2.0,
42.9077686764,71.3863734586,1.0,
42.9078133676,71.4423702498,1.0,
42.9078205468,71.3531896908,1.0,
42.9078934167,71.362933258,1.0,
42.9078969533,71.3552610014,1.0,
42.9079514813,71.3704162122,1.0,
42.9079622844,71.391196971,1.0,
42.9079658347,71.3693888775,1.0,
42.9079864012,71.3893183632,1.0,
42.9080026591,71.3617995095,1.0,
42.9080254666,71.3485447849,1.0,
42.9080502646,71.3768607929,2.0,
42.9081118805,71.4039453064,1.0,
42.9081131398,71.376143267,1.0,
42.9081514165,71.4380279029,1.0,
42.9081543731,71.3844866067,1.0,
42.9082549769,71.3497108181,1.0,
42.9083115772,71.3668007731,1.0,
42.9084318269,71.3541399564,1.0,
42.9084318732,71.3831240835,2.0,
42.9084655744,71.3597926787,1.0,
42.9084740715,71.3661632477,2.0,
42.9084907999,71.3994496759,1.0,
42.9085044477,71.446039974,1.0,
42.908572185,71.3797987075,2.0,
42.9085891649,71.3775121928,4.0,
42.9086126355,71.3565799688,1.0,
42.908669942,71.3268189612,1.0,
42.9087843924,71.3873670649,1.0,
42.9088503169,71.4444195199,2.0,
42.9088638894,71.3636450753,1.0,
42.9089027285,71.4415213586,2.0,
42.9089116912,71.3600206201,2.0,
42.9089555822,71.4430138141,1.0,
42.9089590276,71.3502948781,2.0,
42.90902013,71.440520381,1.0,
42.9090384189,71.3962062302,2.0,
42.9091085071,71.3514365319,1.0,
42.9091201598,71.3576516721,2.0,
42.9092266883,71.3919406291,1.0,
42.9092373681,71.365510029,1.0,
42.9093113638,71.438937334,1.0,
42.9093689176,71.3549744137,1.0,
42.9094285049,71.3738206622,1.0,
42.9094652578,71.4459745374,1.0,
42.9095039109,71.3645835123,1.0,
42.9095656472,71.3890796638,2.0,
42.9095725498,71.3842943044,1.0,
42.9096692451,71.3583178479,1.0,
42.9096866873,71.3766025442,1.0,
42.9097216162,71.3640949668,2.0,
42.9097982303,71.3629122919,2.0,
42.9099562017,71.3741709151,2.0,
42.9101196374,71.3702393306,1.0,
42.9101942317,71.3619275074,2.0,
42.9102358528,71.3949048835,1.0,
42.9103534537,71.3805760028,2.0,
42.9103700155,71.3636778596,2.0,
42.9103855452,71.3663494088,1.0,
42.9103900363,71.3556748167,1.0,
42.9103910592,71.3756469866,1.0,
42.910427349,71.3477259021,1.0,
42.9104337559,71.3896182678,1.0,
42.910433983,71.4417529455,1.0,
42.9104681916,71.3924026328,1.0,
42.9104921574,71.3963491284,1.0,
42.9105669,71.3590484294,1.0,
42.9106021747,71.3729224134,1.0,
42.9106323134,71.3490303239,1.0,
42.9107239899,71.3852323656,1.0,
42.9107885664,71.354601633,1.0,
42.9108081194,71.3835935389,1.0,
42.9108118519,71.3530999706,1.0,
42.910881852,71.3901674222,1.0,
42.9109425555,71.3500906049,1.0,
42.911071094,71.4434658608,1.0,
42.9110742709,71.3869880348,1.0,
42.9111564527,71.3824432893,1.0,
42.9113226127,71.3914567168,1.0,
42.9113585399,71.3672102517,1.0,
42.9114321733,71.3744306939,2.0,
42.9115258044,71.3525040086,1.0,
42.9116288135,71.3679575962,2.0,
42.9116918876,71.3796385001,1.0,
42.9117543562,71.3733816649,2.0,
42.9117745245,71.3831297994,1.0,
42.9117761764,71.3902458863,4.0,
42.9118648324,71.3747448742,1.0,
42.9119140755,71.381837774,1.0,
42.9119487153,71.359595763,2.0,
42.9119508781,71.3961292238,2.0,
42.9120038603,71.350516967,2.0,
42.9121152474,71.369860022,1.0,
42.9122408802,71.3691691199,1.0,
42.9122871246,71.3551507101,1.0,
42.9123118484,71.3982182878,2.0,
42.9123569198,71.3742531768,1.0,
42.9124198987,71.3569508233,1.0,
42.9124353911,71.3850852563,2.0,
42.9124683832,71.3895525555,2.0,
42.912579631,71.3469024758,2.0,
42.9126052388,71.3914484117,1.0,
42.9126211059,71.4038309912,1.0,
42.9127314396,71.35465986,2.0,
42.9127717945,71.4426112098,1.0,
42.9127833694,71.4056828328,1.0,
42.9128389051,71.3783972997,1.0,
42.9128574907,71.3447065351,1.0,
42.9128809074,71.376700954,1.0,
42.9129487279,71.3576254001,2.0,
42.912967135,71.3831778488,1.0,
42.9129751772,71.4011020944,2.0,
42.9130488666,71.403186092,1.0,
42.9132270052,71.3567250487,1.0,
42.9132807077,71.3969000189,1.0,
42.9133195929,71.3436333816,1.0,
42.9134306931,71.3612515808,1.0,
42.9134331308,71.3692175702,1.0,
42.9134865648,71.4033675705,2.0,
42.9135867176,71.4019949201,1.0,
42.9136152673,71.397201529,2.0,
42.9136604777,71.3941187502,2.0,
42.9136751774,71.3820700138,2.0,
42.9137557613,71.3469796541,1.0,
42.9138743343,71.3764691371,1.0,
42.913889293,71.3885239418,1.0,
42.9139826156,71.3863487134,1.0,
42.9140012016,71.3802021794,1.0,
42.9140119508,71.3431969471,2.0,
42.9140478448,71.3650777435,1.0,
42.9141867655,71.3921858305,1.0,
42.9142784487,71.3878790343,1.0,
42.9145621857,71.3729606288,1.0,
42.9145689008,71.3793687402,1.0,
42.9147484466,71.4022485655,1.0,
42.9147575002,71.3799395742,2.0,
42.9147813384,71.3504918644,1.0,
42.9148043217,71.383887574,2.0,
42.9149616944,71.4019137676,2.0,
42.9149678409,71.3455346838,2.0,
42.9150115302,71.3671958825,1.0,
42.9150534432,71.3587832872,1.0,
42.9150700278,71.3853091119,1.0,
42.9151290398,71.3855130316,2.0,
42.9151521634,71.3485052832,1.0,
42.9151889917,71.3757530057,1.0,
42.9151952556,71.393652345,2.0,
42.9152049915,71.3549830268,1.0,
42.9152653149,71.3770215722,1.0,
42.9152710556,71.3650402193,1.0,
42.9152914091,71.3679828299,1.0,
42.915378902,71.3630839847,1.0,
42.9153944365,71.3845089604,2.0,
42.9154113607,71.3355056397,1.0,
42.9154955091,71.3797898696,1.0,
42.9155175314,71.3665850417,1.0,
42.915631136,71.3715156905,2.0,
42.9156740401,71.365929879,2.0,
42.9158151379,71.3559871775,1.0,
42.9158521077,71.3518703176,2.0,
42.9158747439,71.3548487195,2.0,
42.9159038511,71.3933470739,2.0,
42.9159623634,71.3540004833,1.0,
42.9160501384,71.3580133146,1.0,
42.9160844588,71.3571979187,2.0,
42.9161595128,71.3487889502,1.0,
42.9164426307,71.3692555007,1.0,
42.9164881155,71.3795155153,1.0,
42.9165560676,71.3953010562,1.0,
42.9165576896,71.4018938586,2.0,
42.9166450619,71.3516784259,1.0,
42.916714246,71.3925986388,1.0,
42.9168156293,71.361440848,1.0,
42.9169937933,71.4034143363,1.0,
42.9170039196,71.3755819004,2.0,
42.9170355966,71.3620977377,1.0,
42.9170873492,71.3646890772,1.0,
42.9171847252,71.3849043882,2.0,
42.9173136156,71.3949851364,2.0,
42.9173298335,71.3818630759,1.0,
42.9173323447,71.3770812416,1.0,
42.9173387358,71.352983001,1.0,
42.9173604878,71.3608267148,1.0,
42.9173790811,71.3937590035,1.0,
42.9174394064,71.3941330907,2.0,
42.9176297694,71.4015877311,1.0,
42.9176382036,71.3756755621,1.0,
42.9177717989,71.392075642,1.0,
42.9178065463,71.3779371402,2.0,
42.9179375097,71.3808378912,2.0,
42.918082522,71.3517433678,1.0,
42.9181683247,71.3679325556,1.0,
42.9182383599,71.3763239351,1.0,
42.9182642601,71.3766319713,2.0,
42.9182909662,71.3851273978,1.0,
42.9183028502,71.4040913407,1.0,
42.9184543547,71.3741803702,1.0,
42.9185904912,71.3489716684,1.0,
42.9185905761,71.38357418,1.0,
42.9186382562,71.3721137027,2.0,
42.9186802862,71.3625980267,1.0,
42.9187646055,71.3772881089,1.0,
42.9189075465,71.3505892029,2.0,
42.9189258456,71.3826983771,1.0,
42.9189705796,71.3710968161,1.0,
42.9192056928,71.404822386,1.0,
42.9192057179,71.3691375828,1.0,
42.919382749,71.3491558253,1.0,
42.9194311559,71.3787823285,1.0,
42.9194432615,71.3975538178,1.0,
42.9194993551,71.3712279616,2.0,
42.9195202006,71.3733308892,1.0,
42.9195857229,71.3747502768,1.0,
42.9196031458,71.3986401855,1.0,
42.919657104,71.4003707763,1.0,
42.9197299899,71.3605192593,1.0,
42.9199514212,71.3820420386,1.0,
42.9199739406,71.36818184,1.0,
42.9201083155,71.3774896571,1.0,
42.9203027323,71.4037989557,1.0,
42.9203121433,71.3962041784,1.0,
42.9203510139,71.3931955849,1.0,
42.920510351,71.3695432268,1.0,
42.920694149,71.3596070312,2.0,
42.9207269213,71.3856681519,2.0,
42.9207728523,71.3753477092,1.0,
42.9208895369,71.3679333359,4.0,
42.9209101101,71.3865043796,1.0,
42.9209733664,71.3926287401,1.0,
42.9210747185,71.3707576614,2.0,
42.9211051212,71.4003886099,1.0,
42.9211745121,71.395458935,1.0,
42.9212164416,71.3738983538,1.0,
42.9212450972,71.368153804,1.0,
42.9212662622,71.3888120456,1.0,
42.9213850029,71.3650691406,1.0,
42.9214173339,71.3819352215,1.0,
42.9215425042,71.3877233052,1.0,
42.9216260173,71.3896140857,1.0,
42.9217716683,71.4008805445,1.0,
42.9217731179,71.3759539742,1.0,
42.9218276682,71.3924753885,2.0,
42.9218591663,71.3607783272,1.0,
42.9219151577,71.3939353026,2.0,
42.9219442663,71.4015330691,4.0,
42.9220276889,71.3953996422,1.0,
42.9221203718,71.3627422439,1.0,
42.922143996,71.3967482666,1.0,
42.9221725798,71.36433704,2.0,
42.9222430512,71.3718124337,1.0,
42.9223307873,71.3787215794,2.0,
42.9224108055,71.3800621258,1.0,
42.922485661,71.4003325741,1.0,
42.9225484283,71.405764031,1.0,
42.922569202,71.4011969023,1.0,
42.9227677166,71.3970882735,1.0,
42.9228448809,71.3935430233,1.0,
42.9228536684,71.4026652346,2.0,
42.9229483164,71.4115741823,2.0,
42.9231378944,71.3643677894,2.0,
42.9232078735,71.40391029,2.0,
42.9232143786,71.4026507147,1.0,
42.9234091777,71.3740616798,1.0,
42.9235159602,71.3793266494,1.0,
42.9235264167,71.3801115799,1.0,
42.9235737866,71.3753024637,1.0,
42.9236768027,71.3759478659,2.0,
42.9239458462,71.3897655248,1.0,
42.9239643716,71.3785034908,1.0,
42.923979762,71.399359449,1.0,
42.9240334508,71.3953867683,1.0,
42.9240990683,71.4023745761,1.0,
42.9241350092,71.3730351846,1.0,
42.9242685766,71.3752469326,2.0,
42.9242767299,71.3812240169,1.0,
42.924330711,71.4011946478,1.0,
42.9243694518,71.3763420907,2.0,
42.9243762804,71.375873213,1.0,
42.9246117145,71.4147390983,1.0,
42.9251726209,71.3918456485,1.0,
42.9251887569,71.3776938101,2.0,
42.9252041555,71.3958977714,1.0,
42.9252159696,71.4008182383,1.0,
42.9252950802,71.3976238792,1.0,
42.9253649413,71.4015441895,1.0,
42.9255498085,71.377696109,1.0,
42.9256287989,71.3766055172,1.0,
42.9256673247,71.412057424,1.0,
42.9257414957,71.3941306442,1.0,
42.9262327749,71.3751984566,1.0,
42.9262587186,71.3778109089,2.0,
42.9263787834,71.3971441628,1.0,
42.9264537236,71.3397114178,1.0,
42.9264620483,71.3891753326,1.0,
42.926483002,71.3995780347,1.0,
42.9267239634,71.3791036826,1.0,
42.9271321027,71.3970192418,1.0,
42.9271855455,71.3960121742,1.0,
42.9272462853,71.3805516591,1.0,
42.9272623138,71.4065319131,1.0,
42.9272960018,71.3779074086,1.0,
42.9274689955,71.3792901725,2.0,
42.927746314,71.4133183986,2.0,
42.9277775432,71.3759200718,1.0,
42.9279651336,71.3766341528,1.0,
42.9282375547,71.4002845206,1.0,
42.9283360874,71.393395819,1.0,
42.9284580208,71.3898993275,1.0,
42.9285810422,71.3946571166,1.0,
42.9286037696,71.3762566612,1.0,
42.9286311174,71.3987960961,1.0,
42.9287196334,71.4010160511,2.0,
42.9287844571,71.402095593,1.0,
42.9288243761,71.3773780824,2.0,
42.9290503271,71.3969490907,1.0,
42.9290617714,71.3777003894,1.0,
42.9296993572,71.398847672,1.0,
42.9297505593,71.3757331593,1.0,
42.92975312,71.3893423968,1.0,
42.9298191464,71.3799609162,1.0,
42.929972048,71.4012564821,2.0,
42.9301272296,71.3762700897,2.0,
42.9302683727,71.3780698798,1.0,
42.9303469016,71.3768641979,1.0,
42.9303668824,71.3804999292,1.0,
42.9304012766,71.4113682951,1.0,
42.9305402794,71.3813135743,1.0,
42.9306105074,71.3984527599,1.0,
42.9308416686,71.377389756,1.0,
42.9312026065,71.3901328847,1.0,
42.9313263442,71.3803243052,1.0,
42.9315795913,71.3812608899,1.0,
42.9319167444,71.3996681945,2.0,
42.9321757882,71.3789286127,1.0,
42.9321833164,71.3944658386,1.0,
42.9322173914,71.397972577,1.0,
42.9322812106,71.3810951168,2.0,
42.932313745,71.3801833631,1.0,
42.9324488411,71.3988015758,1.0,
42.9326575353,71.3914942536,1.0,
42.9329820386,71.3804497111,1.0,
42.9329964658,71.3967136989,2.0,
42.9331476138,71.3974147125,1.0,
42.933361968,71.3957573445,1.0,
42.9334168432,71.3774810209,1.0,
42.9337650866,71.3750504034,2.0,
42.9341625821,71.3766313927,2.0,
42.9341789297,71.3810726815,2.0,
42.934250877,71.3775301271,2.0,
42.9343976399,71.4001281752,1.0,
42.934801392,71.3919512124,1.0,
42.9348757417,71.3765335054,1.0,
42.9349108403,71.3774204715,1.0,
42.9353060618,71.4008422351,1.0,
42.9366318658,71.382201399,1.0,
42.9368439625,71.4020273086,1.0,
42.9370300456,71.4027800109,1.0,
42.937115265,71.3829525247,1.0,
42.9379530321,71.3826463732,1.0,
42.9380314421,71.4028540395,1.0,
43.1713791322,70.4684179385,1.0,
43.1725134973,70.4663290237,1.0,
43.1734184281,70.4666828614,1.0,
43.1743134616,70.4635915615,1.0,
43.1764037032,70.4656100797,1.0,
43.1765732898,70.4615046972,1.0,
43.1769964394,70.4699428902,1.0,
43.1778377967,70.4491693745,1.0,
43.1779228441,70.4679226563,1.0,
43.1780879964,70.4655765468,1.0,
43.1801497095,70.4457911252,1.0,
43.1805323743,70.4546717082,1.0,
43.1845846911,70.4743457061,1.0,
43.1856427835,70.4669878572,1.0,
43.1856683245,70.464994972,1.0,
43.1861073547,70.4574129012,1.0,
43.5494367075,69.7514379675,1.0,
43.5503432321,69.7225550371,1.0,
43.5511682582,69.7245085316,1.0,
43.5527136875,69.7214691422,2.0,
43.5531753429,69.7232202679,1.0,
43.5537212127,69.7194755402,1.0,
43.554466231,69.7311963896,1.0,
43.5546326844,69.734726864,1.0,
43.5547008965,69.7190414948,2.0,
43.5550269296,69.7223138633,1.0,
43.5552737782,69.7274052796,1.0,
43.5556426939,69.7428485424,1.0,
43.5562973624,69.7236042725,1.0,
43.556362097,69.7275917043,1.0,
43.5566324659,69.7331911593,1.0,
43.5572496506,69.7421997046,1.0,
43.5582179641,69.7260168483,1.0,
43.5591602193,69.7250995503,1.0,
43.5594154274,69.726031227,1.0,
43.5594179785,69.7170670162,1.0,
43.5608186963,69.719126632,1.0,
43.5624035545,69.7147993453,1.0,
43.5652388957,69.7500865317,1.0,
43.5722049996,69.7436712996,1.0,
43.5726865963,69.7374355564,1.0,
43.5748496376,69.7454500888,1.0,
43.5755357951,69.7423994959,1.0,
42.8938613019,71.336506953,4.0,
42.8826921004,71.3547899349,4.0,
42.8812029192,71.3406581099,4.0,
42.8892290201,71.3799394485,4.0,
42.8957373049,71.4389627262,2.0,
42.937173879,71.3992816919,2.0,
42.865718117,71.39354269,2.0,
42.9164200406,71.3856392641,2.0,
42.8872465537,71.3367377963,2.0,
42.8863819002,71.3691166361,2.0,
42.8939993593,71.3320231498,2.0,
42.8771870367,71.3352344633,2.0,
42.8795165887,71.4050326646,2.0,
42.8991760531,71.3735533631,2.0,
42.8917184781,71.3689820464,4.0,
42.8661910838,71.4059467651,2.0,
42.862710641,71.3762414226,2.0,
42.8829605273,71.37419325,2.0,
42.8734521672,71.3574221239,2.0,
42.8947329575,71.3316832974,4.0,
42.8765176269,71.3480391191,2.0,
42.8969723355,71.3658135071,2.0,
42.9124250128,71.3814399728,2.0,
42.9039608967,71.3798391845,2.0,
42.8562913085,71.3899564275,2.0,
42.9138531967,71.367673542,2.0,
42.8787889728,71.3373947455,2.0,
42.8516841622,71.3780237085,2.0,
42.8988617294,71.3965373942,4.0,
42.8539037959,71.3890347897,2.0,
42.8811214223,71.3310410715,2.0,
42.8789187115,71.3533059472,2.0,
42.8871846403,71.3375115378,4.0,
42.8980614368,71.3616797205,2.0,
42.9182493148,71.3500969232,2.0,
42.8980283474,71.3290677466,4.0,
42.9160585621,71.3773826938,2.0,
42.853774281,71.3640878727,2.0,
42.8610167477,71.4008885709,2.0,
42.8966814243,71.3302125923,2.0,
42.9160054183,71.3941926922,4.0,
42.8969235911,71.359798973,2.0,
42.8930883682,71.376438999,2.0,
42.8877612189,71.3569991894,4.0,
42.8804615864,71.3552461202,2.0,
42.8798086521,71.3890102817,2.0,
42.8961117189,71.3497845133,2.0,
42.8955560155,71.3716354797,2.0,
42.9281091556,71.3793953083,2.0,
42.8924362966,71.4227155548,2.0,
42.8695641282,71.3610810521,2.0,
42.8744652963,71.3820866443,4.0,
42.9069079703,71.3934924795,2.0,
42.898884221,71.397570968,2.0,
42.9055263188,71.373617434,2.0,
42.9163166869,71.3750425974,2.0,
42.8949772217,71.3309200181,2.0,
42.8737733494,71.3803587216,4.0,
42.8956875583,71.3764517172,4.0,
42.8813839677,71.4083307991,2.0,
42.8990983653,71.3942310139,4.0,
42.8865760953,71.3962397613,2.0,
42.8762491188,71.3772989594,2.0,
42.8971254659,71.3824093183,4.0,
42.910091857,71.3653232857,2.0,
42.8841459113,71.4020749094,2.0,
42.9114396992,71.3925306301,2.0,
42.9038083745,71.3636892573,4.0,
42.8983744284,71.3743069271,4.0,
42.8902492171,71.3349083585,4.0,
42.8472777421,71.38690459,2.0,
42.8962014055,71.4177453362,2.0,
42.8986644159,71.3600698011,2.0,
42.8650738909,71.3618418375,4.0,
42.8779281674,71.3336474873,2.0,
42.9120955373,71.3678549003,2.0,
42.8836238859,71.4072357492,2.0,
42.8779426168,71.3343085556,4.0,
42.8894789075,71.3646457112,2.0,
42.887820864,71.3462255615,2.0,
42.8751162132,71.3956953497,2.0,
42.8704330006,71.3447461402,2.0,
42.8793021793,71.3323658615,4.0,
42.8617419185,71.4018352084,2.0,
42.8532653373,71.4012003553,2.0,
42.8581960914,71.3814401641,2.0,
42.8754097194,71.3614319436,2.0,
42.8773481234,71.4139110014,2.0,
42.8888876509,71.3547629989,4.0,
42.9079139784,71.4438339333,2.0,
42.8710335711,71.3725610616,2.0,
42.8878707547,71.3772372033,2.0,
42.891983861,71.3636834547,2.0,
42.8812464237,71.3382741471,2.0,
42.8855498011,71.3481561061,2.0,
42.881876585,71.3324022896,4.0,
42.9130490867,71.3533764702,4.0,
42.9245174442,71.3776908159,2.0,
42.8756842774,71.3566201422,2.0,
42.8851759713,71.3865958629,2.0,
