50.272386318,57.2360624963,1.0,
51.0432611759,51.2364538372,1.0,
51.0436259378,51.2345417461,2.0,
51.0436425301,51.2420127332,1.0,
51.0448381763,51.2405622968,1.0,
51.0451655171,51.238462517,1.0,
51.0465996265,51.2384158444,1.0,
51.0470601138,51.2369054597,1.0,
51.047367618,51.2405080424,1.0,
51.048419785,51.2407757082,1.0,
51.0485222923,51.2420960684,1.0,
51.0488172614,51.2357890416,1.0,
51.0489099077,51.2363119968,2.0,
51.0494919575,51.2430861081,1.0,
51.0495077737,51.2348599821,2.0,
51.049706715,51.2352669141,1.0,
51.049926868,51.2363216885,1.0,
51.0503509621,51.2359090372,2.0,
51.0521694683,51.2377780108,2.0,
51.0736183283,51.2898103912,1.0,
51.0737087378,51.2846927648,1.0,
51.0739201677,51.2834195953,1.0,
51.0742446974,51.2918942755,2.0,
51.0747896609,51.2911960406,1.0,
51.0754076909,51.2827634815,1.0,
51.0764355037,51.2762838576,1.0,
51.0772648738,51.2881145916,1.0,
51.0774248472,51.2947676312,2.0,
51.077443507,51.2794929194,1.0,
51.0777251231,51.2917078826,1.0,
51.0782858656,51.2898350597,1.0,
51.0784413066,51.2966811982,2.0,
51.0790171847,51.2882502734,1.0,
51.0801416446,51.2991946497,1.0,
51.0802337982,51.289764067,1.0,
51.08078516,51.2931126485,1.0,
51.0809162136,51.3016238685,1.0,
51.0809467025,51.2911539345,1.0,
51.0812162733,51.2970539617,1.0,
51.0820453422,51.2974659634,1.0,
51.0820627965,51.2941768818,1.0,
51.0821867018,51.2914833056,1.0,
51.083609572,51.2982159955,1.0,
51.0839422153,51.2940175131,1.0,
51.1587660045,51.3013687389,1.0,
51.1667368978,51.2925464448,1.0,
51.1667535512,51.2931763763,2.0,
51.1672996645,51.2947988221,2.0,
51.1674384675,51.2933683546,1.0,
51.1679298599,51.295413685,2.0,
51.168809101,51.2964869703,2.0,
51.1690942857,51.2976755006,1.0,
51.1700293823,51.2974237617,2.0,
51.1734741923,51.3043111891,4.0,
51.1737837044,51.3033456283,2.0,
51.1744980819,51.2972741294,1.0,
51.1754419968,51.3398153964,1.0,
51.1754795314,51.3029340991,1.0,
51.1764894881,51.3051352133,1.0,
51.1765739273,51.2798415859,1.0,
51.1766075147,51.3780075541,4.0,
51.1766078117,51.3407295146,1.0,
51.1766933436,51.3041493154,2.0,
51.1767425071,51.377954691,1.0,
51.1769096779,51.379167267,2.0,
51.1769142869,51.3415409246,1.0,
51.1770774602,51.3798408484,1.0,
51.1771852864,51.340811189,2.0,
51.1776871488,51.3036525078,1.0,
51.1777722106,51.379610205,2.0,
51.1778595702,51.2778853513,1.0,
51.1781026664,51.3783299534,1.0,
51.1783133175,51.3396513516,1.0,
51.1783298188,51.2858314868,1.0,
51.178418237,51.2815132199,1.0,
51.1790301068,51.3788167118,4.0,
51.1793093597,51.3082782755,2.0,
51.1793162166,51.3379171049,2.0,
51.1795245707,51.3055738613,1.0,
51.179696896,51.3093548403,1.0,
51.1797660104,51.3035682713,1.0,
51.1798607091,51.3780872525,1.0,
51.1800042804,51.3103909403,1.0,
51.1802030247,51.2753651789,1.0,
51.1804670509,51.3075309037,1.0,
51.1805076038,51.378819181,4.0,
51.1806751875,51.3115998386,2.0,
51.1808106243,51.3111199575,1.0,
51.1810719761,51.3342475372,1.0,
51.1811780566,51.3097531994,2.0,
51.1815401579,51.3790075538,2.0,
51.1816356365,51.3104115884,1.0,
51.1817286881,51.3781367765,2.0,
51.182765504,51.3368232889,2.0,
51.182869418,51.3783076144,8.0,
51.1828783194,51.3760861813,1.0,
51.1833749916,51.2988410958,1.0,
51.183383187,51.2648282282,1.0,
51.1836305864,51.3761552606,2.0,
51.1842359689,51.3771624716,1.0,
51.1845298245,51.3777064484,2.0,
51.1846103663,51.3766243532,2.0,
51.1850522543,51.378364439,1.0,
51.1853139107,51.3768400858,4.0,
51.1854042357,51.3783561918,2.0,
51.185485885,51.3774261195,2.0,
51.1862647199,51.3215660605,2.0,
51.1864005285,51.3779136323,2.0,
51.1867796484,51.3248906273,2.0,
51.1869639371,51.3739727645,4.0,
51.1870218622,51.3756989477,1.0,
51.1870853198,51.375060042,2.0,
51.1870863833,51.2971552696,1.0,
51.1872541944,51.3727449404,1.0,
51.1872608329,51.3784952124,4.0,
51.1872608387,51.3319881477,1.0,
51.1872696562,51.3267080529,1.0,
51.1872939518,51.3205196322,4.0,
51.1873110276,51.3242743935,8.0,
51.1874495352,51.3738139413,2.0,
51.1875526096,51.3759491865,2.0,
51.1876346975,51.3195612556,1.0,
51.1876727794,51.3276082884,4.0,
51.1877384962,51.3252064499,1.0,
51.1878055131,51.3254726448,2.0,
51.1878096797,51.3211513262,2.0,
51.1880027547,51.3725220453,4.0,
51.1880270198,51.3302292336,1.0,
51.1880513874,51.3228905195,1.0,
51.1882283708,51.3740187497,1.0,
51.1882893817,51.3728708327,1.0,
51.1882918552,51.3290439988,1.0,
51.188294036,51.3266217807,2.0,
51.1882947305,51.3747785967,2.0,
51.1883349237,51.3239576741,1.0,
51.1885093866,51.3313712565,1.0,
51.1885132438,51.3165348627,1.0,
51.1885406828,51.3784571958,1.0,
51.1886344444,51.3722530347,2.0,
51.1886682236,51.3770394273,1.0,
51.1887169106,51.330101244,4.0,
51.1887719124,51.3492138297,1.0,
51.1887763182,51.3278936076,1.0,
51.1888136874,51.3278345809,2.0,
51.1888392512,51.324916231,1.0,
51.1888457297,51.317215137,2.0,
51.1888457313,51.3248545325,2.0,
51.1888643692,51.3739627236,2.0,
51.1889134822,51.3706923824,4.0,
51.188947391,51.3791482547,2.0,
51.1889789907,51.3051403126,2.0,
51.1890222569,51.3005622394,1.0,
51.189103692,51.3160491643,2.0,
51.1891486778,51.3768414474,2.0,
51.1891688562,51.3045333125,1.0,
51.1891736687,51.3223141928,4.0,
51.1891850986,51.3720746518,4.0,
51.1891940836,51.3790743491,1.0,
51.1892274203,51.3172238605,1.0,
51.1892369621,51.3234529663,2.0,
51.1893649521,51.3198881032,4.0,
51.1893694342,51.3699017993,2.0,
51.1894201292,51.3715628775,2.0,
51.1894896152,51.3758511456,8.0,
51.1894991463,51.3213512979,1.0,
51.18975615,51.3779610586,2.0,
51.1897587031,51.32491831,2.0,
51.1898202667,51.3765238412,1.0,
51.189821722,51.3746235457,4.0,
51.1898283924,51.2980705348,1.0,
51.189909887,51.3738639623,2.0,
51.1900154491,51.37100991,4.0,
51.1900663002,51.3730627202,1.0,
51.1900813513,51.2958322971,2.0,
51.1900994232,51.3746666127,1.0,
51.1901169804,51.3822164142,1.0,
51.190131208,51.3303398404,1.0,
51.1901502811,51.2902116092,2.0,
51.1901984233,51.3315869531,1.0,
51.1902727396,51.3691876459,1.0,
51.1903149508,51.284413648,1.0,
51.1903572057,51.2886091406,1.0,
51.190371484,51.3786619415,4.0,
51.1904681477,51.3162974935,1.0,
51.1905598158,51.2865023012,1.0,
51.1906387591,51.380896402,4.0,
51.1906723984,51.3199944228,1.0,
51.1907346548,51.3767166697,4.0,
51.1907568649,51.3838748049,1.0,
51.1908613263,51.3701902939,4.0,
51.190884923,51.3834408549,2.0,
51.1908963887,51.3723066353,4.0,
51.190917693,51.3311026563,2.0,
51.1909276917,51.3799307087,8.0,
51.1909339512,51.3732101456,1.0,
51.1909631469,51.369156658,4.0,
51.1911146346,51.3753570524,4.0,
51.1912415323,51.3280413161,2.0,
51.1912519175,51.3240568838,2.0,
51.1912542688,51.3292014304,1.0,
51.1913175497,51.3241277405,16.0,
51.1913795891,51.33172814,1.0,
51.1913869796,51.2843942429,2.0,
51.1914105087,51.3046089917,1.0,
51.1914388455,51.381001304,2.0,
51.1914560235,51.3723021612,1.0,
51.1914822777,51.3739501873,2.0,
51.1915177485,51.3032116414,1.0,
51.1915703255,51.368385488,1.0,
51.1916641838,51.3697202589,1.0,
51.1917183224,51.3276285825,1.0,
51.1917561468,51.3727836219,2.0,
51.1918036588,51.3788985595,2.0,
51.1918424629,51.3760526691,2.0,
51.191857092,51.3141004693,1.0,
51.1918572156,51.2967289586,2.0,
51.1919207459,51.3036679078,2.0,
51.191935844,51.3780120623,1.0,
51.191965294,51.3750470538,1.0,
51.1919698053,51.3025492717,2.0,
51.1919895381,51.3844405893,2.0,
51.1920643232,51.368176678,4.0,
51.1921518407,51.384043554,1.0,
51.1921637633,51.3149913661,2.0,
51.1921699358,51.3825512839,1.0,
51.1921700395,51.3674701369,1.0,
51.1921862831,51.2980772333,1.0,
51.192190692,51.3000594308,1.0,
51.1922062266,51.3707413262,1.0,
51.1922135769,51.2913766906,1.0,
51.192226902,51.3243201366,2.0,
51.1922341519,51.290266065,1.0,
51.192356013,51.2958364747,1.0,
51.192456856,51.3688640191,2.0,
51.1925015105,51.3814808371,2.0,
51.1925335704,51.2865461074,4.0,
51.1926037786,51.2839266855,1.0,
51.1926248766,51.3835796071,4.0,
51.1926605537,51.3785303457,2.0,
51.1927042269,51.3232828701,1.0,
51.1927280923,51.3829123297,2.0,
51.1927619104,51.3771755008,4.0,
51.1927820754,51.3777390681,1.0,
51.1928345853,51.3708427637,4.0,
51.1928773982,51.384351966,2.0,
51.1929112118,51.3700299,2.0,
51.1929270511,51.2847824985,2.0,
51.1929670905,51.372978069,4.0,
51.1930132959,51.3249752427,1.0,
51.1930664557,51.3852048187,2.0,
51.1930969258,51.3692179238,1.0,
51.1931290944,51.3806029899,4.0,
51.193179347,51.3821482414,1.0,
51.1932202926,51.3759829388,2.0,
51.1932521429,51.3789807678,1.0,
51.1932536122,51.302589291,2.0,
51.1932767912,51.3723022937,1.0,
51.1933410865,51.2979612578,1.0,
51.1934413586,51.3864952686,2.0,
51.1934551123,51.3781353658,2.0,
51.1934867861,51.3679258581,1.0,
51.193631521,51.3748815295,4.0,
51.1936343919,51.3257544418,1.0,
51.1937101221,51.2969823622,1.0,
51.1937152708,51.3812178311,1.0,
51.1938688137,51.3688253451,2.0,
51.1938805343,51.3717412505,4.0,
51.1939072936,51.3671343248,1.0,
51.1939400483,51.3828494256,1.0,
51.1939608173,51.3847681443,2.0,
51.19401684,51.3838207999,1.0,
51.1940979433,51.3741001622,8.0,
51.1941868266,51.3221176878,1.0,
51.1941938189,51.3779041529,1.0,
51.1942490324,51.3860136748,4.0,
51.1942816377,51.3768744787,2.0,
51.194497419,51.3722227344,1.0,
51.1945146289,51.3709455134,1.0,
51.194518647,51.3753579035,8.0,
51.1945533084,51.3728233908,2.0,
51.1946876572,51.316641056,1.0,
51.1948106998,51.3782984637,8.0,
51.1948250186,51.3862170526,1.0,
51.1948754413,51.3668289744,1.0,
51.1949025025,51.3814590265,2.0,
51.1949634549,51.3146791474,1.0,
51.1950260388,51.3819326338,1.0,
51.1950265902,51.3824933271,4.0,
51.195133,51.3656222636,4.0,
51.1951532652,51.3208919546,2.0,
51.1951763701,51.3739632339,2.0,
51.1952200567,51.3795723227,4.0,
51.1953083901,51.3683691716,2.0,
51.1953203835,51.3701218373,1.0,
51.1953789294,51.3678740503,1.0,
51.1954413449,51.3836643747,1.0,
51.1955287251,51.3766570033,4.0,
51.1956452336,51.3735834111,4.0,
51.1957037413,51.3841366278,4.0,
51.195729456,51.3782584669,4.0,
51.1958673275,51.371404923,2.0,
51.195986522,51.3825920183,4.0,
51.1961751527,51.3722704276,1.0,
51.1963413948,51.3874263651,2.0,
51.1963637919,51.3811900769,8.0,
51.1964684533,51.3892026091,1.0,
51.1965534461,51.3639616421,1.0,
51.1966022081,51.3883033349,1.0,
51.1966620348,51.3645977601,2.0,
51.1966987491,51.3744430616,1.0,
51.1967009623,51.3818682245,2.0,
51.1967192673,51.3759430684,8.0,
51.1968162655,51.3850399723,1.0,
51.1968458328,51.3728118968,8.0,
51.1968574809,51.3862427964,2.0,
51.1968577276,51.3707919505,1.0,
51.1969030044,51.3681253312,2.0,
51.196918866,51.3777874679,4.0,
51.1969477374,51.365545366,4.0,
51.1969853822,51.3736287247,1.0,
51.1970038449,51.3712264659,2.0,
51.1970737304,51.3700935556,2.0,
51.1971803285,51.3847688223,2.0,
51.1972154397,51.3838128427,4.0,
51.1972186767,51.3735439271,2.0,
51.1972472895,51.3820583787,8.0,
51.1972813188,51.3662413166,2.0,
51.1973500584,51.364487265,1.0,
51.197394946,51.379825013,4.0,
51.1974898121,51.3872625151,1.0,
51.1975504045,51.3828669504,4.0,
51.1975784154,51.3639605139,2.0,
51.1977181872,51.3756803317,2.0,
51.1978328614,51.3895413763,2.0,
51.1978497884,51.3787136364,4.0,
51.1978676983,51.3811755034,1.0,
51.1978778588,51.38614304,2.0,
51.1978793246,51.3703625131,1.0,
51.1978796291,51.3847038319,1.0,
51.1979360016,51.383763516,1.0,
51.1979915833,51.3692478183,4.0,
51.1980600953,51.3779743818,2.0,
51.1981018444,51.3678510683,4.0,
51.1981128404,51.3890561474,4.0,
51.1981620027,51.3816131535,4.0,
51.1981675471,51.3825772683,1.0,
51.1981994759,51.3747371588,1.0,
51.1982780084,51.3880808148,1.0,
51.1983919652,51.3904046201,1.0,
51.1984309601,51.362853542,2.0,
51.1984467508,51.3803014393,1.0,
51.1984922952,51.3793410959,2.0,
51.198534774,51.3638384771,2.0,
51.1985571266,51.3767784467,1.0,
51.1985974021,51.3711926328,1.0,
51.1985975847,51.3840435747,2.0,
51.1986847351,51.3731100014,2.0,
51.1986981069,51.3652491249,2.0,
51.1987170066,51.3822741725,4.0,
51.1987277822,51.3808095619,4.0,
51.1987299432,51.3668251945,8.0,
51.1987615594,51.377362288,2.0,
51.1988370429,51.3915053177,1.0,
51.1988390862,51.3728631369,1.0,
51.1989322504,51.3924522334,2.0,
51.1989384051,51.3704728846,2.0,
51.1990061433,51.3811947028,1.0,
51.199056232,51.3762316718,4.0,
51.1991825087,51.3903640402,2.0,
51.1992437533,51.3909999024,4.0,
51.1992740197,51.3687422173,2.0,
51.1993247903,51.3718843494,2.0,
51.1993686491,51.3697292824,1.0,
51.1993738793,51.3881882195,1.0,
51.1993919886,51.3800265671,2.0,
51.1994282399,51.3788501167,1.0,
51.1994778659,51.362441903,1.0,
51.199484891,51.3751499021,4.0,
51.1994983313,51.3657649343,2.0,
51.1996054244,51.3633010377,2.0,
51.1996851014,51.3804042978,4.0,
51.1997435127,51.3722780054,4.0,
51.1997453181,51.3864298632,2.0,
51.1997724675,51.3700461133,2.0,
51.1998441348,51.373558047,1.0,
51.1999016193,51.3644421024,4.0,
51.1999110835,51.389016843,1.0,
51.1999796901,51.3920664119,4.0,
51.2000463271,51.3621866284,4.0,
51.200098644,51.3842340028,1.0,
51.2001719916,51.3654792002,1.0,
51.2001786773,51.3883798667,2.0,
51.2001806938,51.3911120547,1.0,
51.2002398267,51.3714609681,8.0,
51.2002991057,51.3937913619,4.0,
51.2003113424,51.3680113028,1.0,
51.2003240531,51.3949885339,1.0,
51.2003325179,51.3722682176,1.0,
51.2003332641,51.3663829047,2.0,
51.2003931367,51.3788622365,4.0,
51.2003983699,51.364056812,1.0,
51.2004398618,51.3748494822,1.0,
51.2004944204,51.380612078,8.0,
51.2005151606,51.3632387355,4.0,
51.2005595671,51.3872820618,1.0,
51.2006083924,51.3860480969,4.0,
51.2006100384,51.3700229145,1.0,
51.2006133798,51.394492424,2.0,
51.2007252548,51.3777224839,4.0,
51.2007685798,51.382458304,4.0,
51.2007987509,51.3915739909,2.0,
51.2008325828,51.3799539302,1.0,
51.2008530083,51.3712251279,4.0,
51.2008671799,51.3706828706,2.0,
51.2008959879,51.3895979184,4.0,
51.2009169145,51.3720700857,2.0,
51.2009345671,51.3901302791,1.0,
51.2010347207,51.3739764391,4.0,
51.2010668182,51.3729835382,2.0,
51.201099933,51.3658813638,1.0,
51.20111354,51.3651866246,4.0,
51.2011161704,51.3869284669,2.0,
51.2011400446,51.3749707474,2.0,
51.2012936571,51.3816029588,8.0,
51.2013058283,51.3804356179,2.0,
51.2013099141,51.3920850546,1.0,
51.2013639793,51.3933683035,4.0,
51.2014026623,51.3830434621,1.0,
51.2014639021,51.3771502853,2.0,
51.2015202861,51.3760402657,1.0,
51.2015298005,51.3671959706,4.0,
51.2015527921,51.3911308856,2.0,
51.20157962,51.368999897,4.0,
51.2016627967,51.3857611847,4.0,
51.2016738118,51.3673587997,1.0,
51.2016884445,51.3680599695,4.0,
51.2017972736,51.3734937229,1.0,
51.2018672383,51.3819862086,2.0,
51.2018844246,51.3842329003,1.0,
51.2019049911,51.3687631053,1.0,
51.2019820634,51.3784162721,4.0,
51.2019891804,51.3747982106,1.0,
51.2020352874,51.3851135572,8.0,
51.2020446402,51.3740159352,8.0,
51.2021326531,51.3914092309,1.0,
51.2022204841,51.3656413891,4.0,
51.2023036039,51.3810732271,1.0,
51.2023080803,51.3830548772,1.0,
51.2023158432,51.372383694,4.0,
51.2023733588,51.3808440815,8.0,
51.2024346046,51.3927669228,1.0,
51.2024637533,51.379218696,4.0,
51.2024789774,51.3822785803,4.0,
51.2025151749,51.3770616854,1.0,
51.2026054227,51.3906456386,2.0,
51.2026557236,51.3682788667,4.0,
51.2027215288,51.3844480478,4.0,
51.202830698,51.3704362302,1.0,
51.2028565805,51.3872040327,2.0,
51.2028750168,51.3833635034,2.0,
51.202878081,51.3750670509,2.0,
51.20288468,51.3853875396,4.0,
51.2028917349,51.3890843075,2.0,
51.2029695501,51.3552918545,4.0,
51.2029796242,51.3765154085,2.0,
51.2030126425,51.371154721,2.0,
51.203021784,51.4533634921,1.0,
51.2030267847,51.3544700737,1.0,
51.2030285195,51.3813695243,4.0,
51.2031068148,51.3904292909,1.0,
51.2031152903,51.376023076,1.0,
51.2031707483,51.3729115038,4.0,
51.2032232471,51.3776220238,4.0,
51.2033997463,51.3797710819,8.0,
51.2034013099,51.3713195858,1.0,
51.2034592021,51.3799641191,2.0,
51.2034761599,51.3793421672,1.0,
51.2035159501,51.3733729088,2.0,
51.2035389854,51.3841353167,4.0,
51.2035563577,51.3771679686,1.0,
51.203570192,51.3819786234,2.0,
51.2035978477,51.3787560529,4.0,
51.2036194947,51.3896945262,1.0,
51.2037263882,51.3847979378,2.0,
51.2037304093,51.3742775227,2.0,
51.2037486074,51.3873820265,2.0,
51.2037534208,51.3722250996,4.0,
51.2038065555,51.3697446517,1.0,
51.2038815067,51.3834717568,1.0,
51.2039262222,51.3748580889,4.0,
51.2039822476,51.3830003244,2.0,
51.2041144155,51.3855909534,4.0,
51.2041259123,51.3702477517,2.0,
51.2041374499,51.3757570894,1.0,
51.2041637235,51.3731210729,1.0,
51.2043877301,51.3772491252,2.0,
51.2044034277,51.3728948118,2.0,
51.2044410306,51.3864680696,2.0,
51.2044528707,51.390353677,1.0,
51.2045921496,51.385284939,2.0,
51.204592715,51.3846194464,1.0,
51.2047515654,51.3779973477,4.0,
51.2047662305,51.3714393006,2.0,
51.204831815,51.3705575653,4.0,
51.2048957941,51.3866461241,1.0,
51.2049306863,51.3791619381,4.0,
51.2050066073,51.3546711979,4.0,
51.2051001732,51.3734765959,1.0,
51.2051202976,51.3669968653,2.0,
51.2051308742,51.3555707618,1.0,
51.2051744847,51.3740657883,2.0,
51.205214976,51.3876869095,4.0,
51.2052325191,51.3744121659,1.0,
51.2053404415,51.3901940442,2.0,
51.2053444811,51.3717865522,1.0,
51.2053501709,51.3790524631,1.0,
51.2054453592,51.387351065,2.0,
51.2054578087,51.3816160116,2.0,
51.2055128369,51.382788729,2.0,
51.2055259717,51.3846065072,4.0,
51.2055611316,51.3586405381,1.0,
51.2055680592,51.3881164185,1.0,
51.2055811935,51.3764898418,1.0,
51.2056150148,51.3676862462,1.0,
51.2056942231,51.3691247663,4.0,
51.2057134478,51.3875723343,8.0,
51.2057187642,51.3856213004,2.0,
51.2057758465,51.3778359831,1.0,
51.2059028955,51.3611436085,2.0,
51.2059386032,51.3700933368,2.0,
51.2059467083,51.3894614577,4.0,
51.2060117946,51.3792804513,2.0,
51.2060523184,51.3722823685,2.0,
51.2060576386,51.353706906,2.0,
51.2060967649,51.3568452897,4.0,
51.2060992831,51.3901524854,1.0,
51.2061072549,51.3840964025,1.0,
51.2061093803,51.3552886746,1.0,
51.2061324815,51.3804065179,2.0,
51.2061457449,51.3733961583,4.0,
51.2061468607,51.3905661436,2.0,
51.2061540411,51.3628114487,2.0,
51.2062878721,51.3572538831,2.0,
51.2063102789,51.3812939554,2.0,
51.2064417016,51.3881197676,1.0,
51.2064502572,51.3616095377,4.0,
51.2065097996,51.3640593988,1.0,
51.2065767691,51.3580003364,4.0,
51.2065873247,51.3560874172,2.0,
51.2065966687,51.3654466057,2.0,
51.2066159584,51.3698689188,4.0,
51.2066375164,51.3776046217,1.0,
51.2066518512,51.3827233286,4.0,
51.2067555415,51.3785565084,1.0,
51.2067564146,51.3654099528,1.0,
51.2067678972,51.3803903519,1.0,
51.2067803702,51.3893038545,1.0,
51.2067931652,51.3667885816,1.0,
51.2068943424,51.37298922,2.0,
51.2069203445,51.3856531793,4.0,
51.206936446,51.368428521,4.0,
51.2069473544,51.3549535446,1.0,
51.2070660352,51.3738170052,1.0,
51.2071605969,51.3558601717,4.0,
51.207169849,51.3797239341,4.0,
51.2073839126,51.3722555785,4.0,
51.2074028423,51.3566786825,2.0,
51.2074304242,51.3773033265,4.0,
51.2074458551,51.3779513704,2.0,
51.2074486679,51.3848854048,1.0,
51.207472018,51.3821108668,1.0,
51.2075060647,51.3530058394,4.0,
51.2075478677,51.3700367266,2.0,
51.2076684352,51.3613105991,4.0,
51.207681761,51.362451333,4.0,
51.2077027714,51.3543553511,2.0,
51.2077206212,51.3693743711,1.0,
51.2077228212,51.3859855597,4.0,
51.2077456919,51.3764143658,2.0,
51.207760011,51.3537446765,1.0,
51.2078234732,51.3833418907,4.0,
51.2078351275,51.3574618752,4.0,
51.2079005146,51.3648717907,1.0,
51.2079670641,51.372017079,2.0,
51.2080129332,51.3608693972,1.0,
51.2080190421,51.3654265982,2.0,
51.2080855108,51.3730685522,2.0,
51.2080916568,51.3667480098,2.0,
51.2080985117,51.363924443,2.0,
51.2081569116,51.379455157,4.0,
51.2081746997,51.358200296,1.0,
51.2081816373,51.3779193912,4.0,
51.2082232725,51.3563906211,1.0,
51.2082671906,51.3703093076,1.0,
51.2083451533,51.3558490951,8.0,
51.2083839204,51.3823017086,1.0,
51.2084081299,51.3711998197,1.0,
51.2084528861,51.3548032166,2.0,
51.2085102741,51.3808879874,2.0,
51.2085701023,51.3881500662,2.0,
51.2085844293,51.3592848299,2.0,
51.2085877733,51.3678283505,4.0,
51.2086430188,51.3767417434,2.0,
51.20868731,51.369290919,4.0,
51.2087062973,51.375153281,4.0,
51.2087339329,51.3774725102,1.0,
51.2087772864,51.3791669582,2.0,
51.2087965148,51.3736553783,1.0,
51.2088000735,51.3727595097,1.0,
51.208852553,51.3843483907,2.0,
51.2088985332,51.3655498741,1.0,
51.2089317108,51.4517106478,1.0,
51.208945616,51.3570248901,4.0,
51.2089530071,51.3529112588,1.0,
51.20897647,51.3715651006,2.0,
51.2089978464,51.3718692832,1.0,
51.2090290314,51.3859817906,1.0,
51.2090435932,51.3663577873,2.0,
51.2090714097,51.3893435495,4.0,
51.2090785952,51.3650919905,4.0,
51.2090924519,51.3687741499,1.0,
51.2091094139,51.379065205,1.0,
51.2091259905,51.3895434458,1.0,
51.2091406925,51.3725050657,2.0,
51.20914874,51.3616138645,1.0,
51.2091498393,51.3883616969,4.0,
51.2091612359,51.3799581136,1.0,
51.2091755028,51.3585622993,2.0,
51.2094267353,51.3922865443,1.0,
51.2094407639,51.3666798911,1.0,
51.2095555355,51.3544955663,1.0,
51.2095701782,51.3771537634,4.0,
51.2096596879,51.3583347856,1.0,
51.209666238,51.3877465547,2.0,
51.2097088848,51.3758028825,2.0,
51.209716976,51.3706489261,1.0,
51.2097498547,51.3619674131,2.0,
51.2097701674,51.3525216761,1.0,
51.209772135,51.3710600948,2.0,
51.2099489785,51.3686247045,1.0,
51.2100133648,51.3914539346,2.0,
51.2100253429,51.3609349536,1.0,
51.2100300087,51.368854076,2.0,
51.2100426824,51.3799330891,2.0,
51.2100847436,51.3781421035,2.0,
51.2101151653,51.3847285069,2.0,
51.2101166598,51.3698585257,1.0,
51.2101404656,51.3673974726,4.0,
51.2101845232,51.3736717232,4.0,
51.2102250646,51.3761238993,4.0,
51.2102358475,51.3622241792,1.0,
51.2102499388,51.3789812819,4.0,
51.2103166805,51.3917623971,1.0,
51.210392254,51.3547843313,2.0,
51.2105117327,51.3899924126,1.0,
51.2105497966,51.3878279578,2.0,
51.2105499806,51.3539212706,1.0,
51.2106398884,51.3887915521,1.0,
51.2106667768,51.3852570667,4.0,
51.2107180086,51.3748379392,4.0,
51.2107474653,51.3643680471,1.0,
51.2107516724,51.3759166449,2.0,
51.2107571471,51.384116547,2.0,
51.2107975817,51.3563054003,2.0,
51.2108439046,51.38689233,1.0,
51.2109088575,51.3770912217,4.0,
51.2109406509,51.3581241779,1.0,
51.210970633,51.3685830569,2.0,
51.2112494135,51.3781521754,4.0,
51.2113725299,51.3806986185,2.0,
51.2114198668,51.37655866,1.0,
51.2114276153,51.3901701188,1.0,
51.2114290664,51.3600340939,2.0,
51.2115055591,51.3756461792,1.0,
51.2116515068,51.3820055364,2.0,
51.2116725631,51.3613848467,2.0,
51.2117080022,51.3646133674,2.0,
51.2117507387,51.3690687673,1.0,
51.2117559882,51.3789518097,1.0,
51.2117813222,51.3838660344,1.0,
51.2117914279,51.354718524,1.0,
51.2118069642,51.3858033899,2.0,
51.2119085845,51.3829953517,4.0,
51.2119183016,51.3639413459,1.0,
51.2119191749,51.3667905614,1.0,
51.2119604191,51.3736493915,4.0,
51.2119798155,51.3849268972,1.0,
51.2119967289,51.3789931319,2.0,
51.2120118198,51.3875359288,1.0,
51.212015778,51.3532171004,4.0,
51.2120164056,51.3593980886,2.0,
51.2120725125,51.3909574793,2.0,
51.2120751327,51.377668059,2.0,
51.2121463281,51.369420598,2.0,
51.2122639604,51.376443111,8.0,
51.2123731215,51.3630963879,2.0,
51.2123964278,51.3585802075,1.0,
51.2124003326,51.3711070536,2.0,
51.2124561771,51.3735278775,1.0,
51.2125060027,51.3883834019,2.0,
51.2125136933,51.3540183973,2.0,
51.2125221146,51.3894508917,2.0,
51.2126669558,51.3805229459,1.0,
51.2127477125,51.3820610837,2.0,
51.2127536398,51.3677611513,2.0,
51.2127872867,51.3685230189,1.0,
51.212838603,51.3854202664,1.0,
51.2128512166,51.3697468135,1.0,
51.2128892077,51.3750844625,2.0,
51.2129339485,51.3601925204,4.0,
51.2129370714,51.3791074799,1.0,
51.2129600918,51.3620366158,1.0,
51.2129808353,51.3665353011,4.0,
51.2129996432,51.3760768464,2.0,
51.2130576041,51.3547174383,4.0,
51.2130853861,51.3541905983,1.0,
51.2131019196,51.3870767951,1.0,
51.2131088595,51.3777047866,2.0,
51.2132325376,51.3870506746,2.0,
51.2132905336,51.3713572934,1.0,
51.2132955591,51.3811885931,1.0,
51.2132969118,51.3828547549,2.0,
51.2133146166,51.356961678,2.0,
51.2133780722,51.3559603382,1.0,
51.213380547,51.3646079992,2.0,
51.2134143597,51.3732557519,2.0,
51.2134302678,51.3902222055,1.0,
51.2135201103,51.3653678985,1.0,
51.2135533944,51.3534281142,8.0,
51.2136527426,51.370038933,2.0,
51.2136548373,51.363098749,4.0,
51.2136691074,51.3690463045,4.0,
51.2136771866,51.3767248202,4.0,
51.2136814991,51.3474439913,1.0,
51.2136844592,51.3609024535,1.0,
51.2137082233,51.3743397506,4.0,
51.213800628,51.3614965926,2.0,
51.2138974489,51.3795611844,2.0,
51.2139179694,51.3643184539,1.0,
51.2139232027,51.3797458677,1.0,
51.2139271102,51.3592021978,1.0,
51.2139780685,51.3730235661,1.0,
51.2140338813,51.3656789668,8.0,
51.2140653516,51.3862601539,1.0,
51.2141716686,51.3545545558,2.0,
51.2142023112,51.3525383952,1.0,
51.2142122269,51.3756173146,2.0,
51.2143329321,51.3810747628,2.0,
51.2143961246,51.3602507389,2.0,
51.2144034826,51.3667021035,2.0,
51.2144660482,51.3615347141,1.0,
51.2144667064,51.3923083877,2.0,
51.2144682673,51.3831700724,2.0,
51.2145480726,51.383790092,1.0,
51.2145600256,51.3692107515,2.0,
51.2145741788,51.3716947965,1.0,
51.214655911,51.3722291205,2.0,
51.2146933032,51.3901831087,1.0,
51.214699446,51.3770706407,1.0,
51.2147029473,51.374210266,2.0,
51.2147254665,51.3789762793,2.0,
51.2147402066,51.3846748685,1.0,
51.2147567786,51.3790080053,1.0,
51.2147936147,51.3852671554,2.0,
51.2148832749,51.3695310713,1.0,
51.2148955587,51.3873461324,2.0,
51.2149561607,51.3558413464,2.0,
51.2150325567,51.3705113298,2.0,
51.2150483996,51.3730581973,2.0,
51.2150797444,51.3602230804,4.0,
51.2150922648,51.3518971291,1.0,
51.2151730925,51.3663045827,2.0,
51.2151802576,51.3819822114,2.0,
51.2151866231,51.3651684384,1.0,
51.2152212125,51.3752058209,4.0,
51.2153767633,51.3596012129,2.0,
51.2153976194,51.3696316086,4.0,
51.2154234487,51.3538006901,2.0,
51.2154491649,51.3527820931,4.0,
51.2154975033,51.3671683701,4.0,
51.2155907674,51.3737840813,2.0,
51.2156078034,51.3783394373,1.0,
51.2156232684,51.3660960634,1.0,
51.2156629967,51.3686290968,2.0,
51.215692528,51.3843887636,1.0,
51.2157367684,51.3769570279,4.0,
51.2157469517,51.3605235568,2.0,
51.2158137919,51.3895544099,2.0,
51.2158930067,51.3534484063,1.0,
51.2160920936,51.3659133907,2.0,
51.2161052087,51.3901658789,1.0,
51.2161256471,51.3758934344,2.0,
51.2161507906,51.3791525731,1.0,
51.2161788638,51.3867046294,2.0,
51.2162733518,51.3555446382,1.0,
51.2163238747,51.3917050985,1.0,
51.2163289795,51.3594269853,2.0,
51.2164101044,51.3925334549,4.0,
51.2164687959,51.3780751055,2.0,
51.216553697,51.3891016265,2.0,
51.2165667211,51.3855775237,2.0,
51.2165676936,51.3723773919,4.0,
51.2165687859,51.3572537592,1.0,
51.2165895109,51.3805795405,1.0,
51.2165976054,51.3601513262,1.0,
51.2166006564,51.3734661241,1.0,
51.2166180695,51.3658663824,1.0,
51.2166308386,51.3744074304,1.0,
51.2166683172,51.3801315418,4.0,
51.2166791264,51.3701963804,4.0,
51.2166855186,51.3881385468,1.0,
51.2167106477,51.3678576643,1.0,
51.216746078,51.375126759,2.0,
51.2167470851,51.3518710747,2.0,
51.2167679443,51.384699799,2.0,
51.21680982,51.3873076476,2.0,
51.21687203,51.3589228702,1.0,
51.2170794294,51.3742844697,2.0,
51.2170961838,51.3767732667,4.0,
51.2171538965,51.3863499462,2.0,
51.2172011758,51.3913382796,1.0,
51.2173126798,51.3826939984,2.0,
51.2173314781,51.3783694394,1.0,
51.2173415702,51.36831292,2.0,
51.2173867682,51.354246325,2.0,
51.2174757731,51.3880207547,4.0,
51.217583167,51.354983856,1.0,
51.217586481,51.3693205431,2.0,
51.2175879298,51.3717775404,2.0,
51.2175882846,51.3758661275,4.0,
51.2175904992,51.3657652707,4.0,
51.2176304275,51.3733599581,4.0,
51.2176362943,51.3838391882,1.0,
51.2176750092,51.3579003508,2.0,
51.2176876774,51.3741727504,1.0,
51.2177108349,51.3850715132,2.0,
51.217765203,51.3594595782,1.0,
51.2177720108,51.3599800811,2.0,
51.2177811534,51.3629606532,2.0,
51.2178065432,51.392090008,2.0,
51.2178685961,51.3894329402,4.0,
51.2178700424,51.3862096404,1.0,
51.2179524319,51.3705201923,4.0,
51.217961773,51.3825190422,1.0,
51.2179734073,51.3875166996,2.0,
51.2179998546,51.3640435661,4.0,
51.2180165382,51.3573356975,1.0,
51.2181274702,51.3930113253,4.0,
51.2182205995,51.3770165302,4.0,
51.2182298619,51.3905919069,4.0,
51.2182608021,51.3822107091,4.0,
51.2182830504,51.3852496754,1.0,
51.2182940339,51.3680280629,2.0,
51.2183163254,51.3750256941,4.0,
51.2183456316,51.3696077893,4.0,
51.2183490858,51.3725543172,4.0,
51.2183624358,51.3543745825,2.0,
51.2184233275,51.3649950169,8.0,
51.2184503418,51.3495151272,2.0,
51.2184688901,51.3498701481,1.0,
51.2184886259,51.3513144622,2.0,
51.2185349708,51.3858042051,2.0,
51.2186145016,51.3570550376,2.0,
51.2186149254,51.3886836726,2.0,
51.2186156967,51.3508838178,4.0,
51.2186386262,51.3596063667,4.0,
51.218649632,51.392460152,1.0,
51.2186586671,51.3625818418,1.0,
51.2186811537,51.3663110203,1.0,
51.2187073134,51.3808386875,2.0,
51.2187108019,51.3914113925,2.0,
51.2187289862,51.3814610489,1.0,
51.2187415386,51.3611676953,2.0,
51.2188392516,51.3741828324,2.0,
51.218929097,51.3564820081,4.0,
51.2189476643,51.3525199977,2.0,
51.2189505863,51.3594154775,2.0,
51.2190566759,51.3637137658,4.0,
51.2191489494,51.353754467,1.0,
51.2191760313,51.3657488871,2.0,
51.2191833457,51.3544799933,4.0,
51.2192130621,51.3648281124,1.0,
51.2192204434,51.3841409236,1.0,
51.2192392548,51.3901550996,1.0,
51.2193760289,51.3723930552,1.0,
51.2193886865,51.3759773188,2.0,
51.219416596,51.362297824,2.0,
51.2194253763,51.3711333814,4.0,
51.2194281497,51.3833941149,2.0,
51.2195753663,51.3627630779,1.0,
51.2196275969,51.3807570038,2.0,
51.2196294542,51.3866948112,1.0,
51.2196415332,51.3933229055,4.0,
51.2196568752,51.3943551432,1.0,
51.2196618832,51.3733639868,2.0,
51.2196870786,51.3585906944,2.0,
51.2197425476,51.3821190632,1.0,
51.2198393184,51.3645016636,2.0,
51.219902528,51.3606422765,2.0,
51.2199663648,51.367982366,2.0,
51.2199760313,51.3638577682,1.0,
51.2199794597,51.3892588445,1.0,
51.2199819444,51.3747923837,4.0,
51.2200006757,51.3655586576,4.0,
51.2200582578,51.3766736026,2.0,
51.2200589392,51.3812973903,4.0,
51.2201438798,51.3833899866,1.0,
51.2201604622,51.3633586661,4.0,
51.2201827984,51.3777707628,4.0,
51.2202186125,51.38261638,2.0,
51.2202316826,51.3890753999,2.0,
51.2203009442,51.3771695796,1.0,
51.2203381424,51.3598389558,8.0,
51.2203386371,51.3951798154,1.0,
51.2203516067,51.3873870321,2.0,
51.2204152337,51.3796589787,1.0,
51.220493555,51.3671845237,2.0,
51.2204939956,51.361854446,2.0,
51.2204947778,51.3650868531,1.0,
51.2205461703,51.3758861266,2.0,
51.2205803768,51.3925438781,2.0,
51.2206564901,51.3864107775,2.0,
51.2206951157,51.3688202884,2.0,
51.2206990024,51.3940445955,1.0,
51.2207102347,51.3826194617,1.0,
51.2207956702,51.3652160168,2.0,
51.2208039091,51.370643419,4.0,
51.2208442476,51.3907943151,1.0,
51.220848705,51.3608244311,1.0,
51.2209732577,51.3717198596,1.0,
51.2211004214,51.362661244,4.0,
51.2211320622,51.369006501,1.0,
51.2211363809,51.3871287329,1.0,
51.2211729917,51.3855985906,2.0,
51.2211834093,51.3742021271,2.0,
51.2212551539,51.3909574544,2.0,
51.2213353731,51.3818031073,2.0,
51.2213682166,51.3764639597,2.0,
51.2214162349,51.3924291968,2.0,
51.2215314446,51.3827891082,2.0,
51.2215764897,51.3657136185,2.0,
51.2215796844,51.3647266816,1.0,
51.221700857,51.3637186601,1.0,
51.2217298131,51.3604058096,1.0,
51.2220192659,51.3915421016,2.0,
51.2220322107,51.3802785344,1.0,
51.2220371899,51.3910883029,1.0,
51.2220573834,51.3824605864,1.0,
51.22215744,51.377837318,1.0,
51.2222565531,51.3976006092,2.0,
51.2222737199,51.3936408687,4.0,
51.2223207556,51.3946236992,2.0,
51.2223527221,51.4170705276,2.0,
51.2223704773,51.3773559228,4.0,
51.2224281713,51.3833687952,2.0,
51.2224724719,51.363352699,2.0,
51.2225783006,51.3823385515,2.0,
51.2227163365,51.3919757342,1.0,
51.2227658681,51.3815999084,1.0,
51.2228141431,51.3993082586,1.0,
51.2228628286,51.3949211087,1.0,
51.222887358,51.3763220256,2.0,
51.2229322502,51.4164793348,1.0,
51.2229741018,51.3565911939,1.0,
51.2230131202,51.3911446675,1.0,
51.2230134523,51.3658332408,4.0,
51.223066081,51.4125974803,1.0,
51.2230781618,51.4479239166,1.0,
51.2231641548,51.3769238868,1.0,
51.2231642845,51.3915881296,4.0,
51.2231676708,51.3958151064,4.0,
51.2232033227,51.3967809366,2.0,
51.2232659175,51.4154948033,2.0,
51.223276091,51.3899294113,1.0,
51.2233353144,51.3817066999,2.0,
51.223425749,51.3675538476,2.0,
51.2234999635,51.3630027041,2.0,
51.2235274039,51.382502282,1.0,
51.2235418556,51.3788911599,1.0,
51.2236681164,51.3666042468,2.0,
51.2237114051,51.4044764471,2.0,
51.2237377152,51.3971189384,1.0,
51.2237624839,51.3842573174,1.0,
51.2237669912,51.3982346038,2.0,
51.2237749362,51.36214944,4.0,
51.2239008109,51.3830526602,2.0,
51.2240498425,51.3877476088,4.0,
51.2240717679,51.4145563018,1.0,
51.2241019572,51.3600768788,2.0,
51.2241149601,51.395648764,1.0,
51.2241293935,51.3680959737,1.0,
51.224146793,51.3942216306,2.0,
51.2241711265,51.3670695689,1.0,
51.2241765,51.3994823009,2.0,
51.2242703517,51.3857852687,2.0,
51.2243310739,51.3760161706,2.0,
51.2243391086,51.3844302712,2.0,
51.2243435055,51.390862103,1.0,
51.2243618462,51.3714897193,4.0,
51.2243730975,51.3878886745,1.0,
51.2243731627,51.4026213569,4.0,
51.2243792441,51.3833459716,1.0,
51.2244679005,51.3807178262,4.0,
51.2244964598,51.3726990417,2.0,
51.2245192612,51.3793326385,2.0,
51.2245531957,51.3575029779,1.0,
51.2245822601,51.3780277748,1.0,
51.224586184,51.3557957029,2.0,
51.2246400532,51.3768376831,1.0,
51.2246892987,51.373640942,1.0,
51.2247148363,51.3742590019,2.0,
51.2247365514,51.4121506245,2.0,
51.2248250253,51.3869436291,2.0,
51.2248470456,51.3673695922,4.0,
51.2248791519,51.3623424707,1.0,
51.2249054662,51.368824334,1.0,
51.2249408128,51.3753685091,4.0,
51.2250189931,51.3718035593,2.0,
51.2250926095,51.3919775265,1.0,
51.2251237004,51.3786591146,2.0,
51.2251239282,51.3954848042,4.0,
51.2252394727,51.3857084059,1.0,
51.2252535797,51.3974965825,1.0,
51.2253098709,51.3845376223,1.0,
51.2254050539,51.3630134145,4.0,
51.22546161,51.370230823,4.0,
51.225498697,51.4022120611,2.0,
51.225542331,51.3597070497,2.0,
51.2255611512,51.3709776933,2.0,
51.2255661255,51.3663019228,2.0,
51.225570234,51.4046705751,1.0,
51.2255956844,51.3673650366,2.0,
51.2256173991,51.4008441721,1.0,
51.2256223505,51.3966853571,2.0,
51.2256266862,51.4254009202,1.0,
51.2256795206,51.3726582378,2.0,
51.2258218019,51.4184624454,2.0,
51.2259088123,51.3614476783,1.0,
51.2259130161,51.4172916422,2.0,
51.2259292375,51.4215845231,1.0,
51.2259520807,51.3864422237,1.0,
51.2259529258,51.4193796776,2.0,
51.2259745266,51.4205049775,4.0,
51.225985897,51.4149287146,4.0,
51.2259881659,51.3787069381,1.0,
51.2260044381,51.3570095594,2.0,
51.2260260925,51.3698156247,2.0,
51.2260289578,51.3957618601,2.0,
51.2260510679,51.4144165081,1.0,
51.2261697381,51.4235072428,1.0,
51.2262820921,51.438019055,1.0,
51.226296637,51.4161883532,2.0,
51.2263676946,51.3850079511,1.0,
51.2263742602,51.4096020426,1.0,
51.2263941276,51.3981440665,4.0,
51.2264355972,51.3706582578,4.0,
51.2265041343,51.3593978671,2.0,
51.2265050681,51.3970722558,1.0,
51.2265149023,51.3937778269,1.0,
51.2265208904,51.3876553371,1.0,
51.2265212652,51.3732807119,1.0,
51.226580905,51.4200056838,1.0,
51.226588484,51.4116326332,1.0,
51.2266802646,51.3956304359,1.0,
51.2267545434,51.3886615693,1.0,
51.2267979999,51.4083641401,4.0,
51.2268105728,51.3789172033,2.0,
51.226813296,51.3727336268,4.0,
51.2269341197,51.4271462116,1.0,
51.2269791862,51.3715727266,4.0,
51.2270789426,51.3883470442,2.0,
51.2270807996,51.4723785477,1.0,
51.2270928424,51.4258930497,2.0,
51.2271045797,51.392026307,2.0,
51.2271231685,51.3709377418,1.0,
51.2271483558,51.4118890674,2.0,
51.2271578155,51.3911342575,2.0,
51.2273446021,51.4085732541,8.0,
51.2273460273,51.3588243002,4.0,
51.2275810665,51.4087262463,2.0,
51.2276191702,51.427699085,2.0,
51.2276605056,51.425032126,2.0,
51.2276861473,51.4099452778,4.0,
51.2277455412,51.3679610358,1.0,
51.2277950842,51.3975938323,2.0,
51.2278125559,51.3682711672,2.0,
51.2278212075,51.4095899337,1.0,
51.2278539602,51.4357791045,1.0,
51.2279051911,51.4735497284,1.0,
51.2280614626,51.4334988037,4.0,
51.2280927985,51.4112950315,4.0,
51.2280957657,51.3695103679,2.0,
51.2281482876,51.4329457928,1.0,
51.2281590002,51.4365650896,2.0,
51.2281635042,51.4407703111,1.0,
51.2281981493,51.4721856654,2.0,
51.2283830556,51.4372063371,1.0,
51.2284887107,51.4728979413,1.0,
51.2285312344,51.4102151986,1.0,
51.2285920715,51.4119596824,2.0,
51.2285978932,51.4047504018,1.0,
51.2285987078,51.4087182193,4.0,
51.2286864847,51.4739483844,2.0,
51.2287995229,51.3572021573,1.0,
51.228945006,51.4109952645,1.0,
51.2291157696,51.4355862746,4.0,
51.2291616385,51.4722149523,1.0,
51.2292182087,51.4123418527,1.0,
51.2292515152,51.4265188837,1.0,
51.2293738288,51.4649211747,1.0,
51.2294146679,51.4137076112,2.0,
51.2295456967,51.4535521512,4.0,
51.2295475624,51.4364622104,2.0,
51.2295840692,51.4386752037,2.0,
51.2295929651,51.3841934947,2.0,
51.2296064631,51.406091436,1.0,
51.2296114331,51.4544833895,1.0,
51.2296437003,51.383030403,1.0,
51.2296662715,51.4112532406,4.0,
51.2296729359,51.40739646,2.0,
51.2296745768,51.4532107014,1.0,
51.2297298077,51.385667751,1.0,
51.2297573267,51.3796566166,2.0,
51.2298068285,51.378526374,1.0,
51.2299158147,51.3756576145,1.0,
51.2299287949,51.4083419082,1.0,
51.2299403978,51.4399706661,1.0,
51.2300061216,51.4713176713,1.0,
51.2300230832,51.3727690428,2.0,
51.2300536765,51.3826242095,2.0,
51.2300814789,51.3868413647,1.0,
51.2301011667,51.3587291038,2.0,
51.2301052311,51.3691256345,1.0,
51.2302303003,51.3815967486,1.0,
51.2303058835,51.4706143849,2.0,
51.2303240084,51.4675289795,1.0,
51.2304014907,51.3771516108,2.0,
51.2304573692,51.4387267699,2.0,
51.2304728489,51.4181207727,1.0,
51.2304844312,51.4363661457,2.0,
51.2305243345,51.3836242257,4.0,
51.2305848,51.4349672457,4.0,
51.2305969235,51.4058132322,1.0,
51.2306074488,51.4607257414,1.0,
51.2306195755,51.4541062963,2.0,
51.2306266957,51.3868339463,8.0,
51.2306563156,51.3662371617,1.0,
51.230679483,51.3575466048,2.0,
51.2306905904,51.4061347621,2.0,
51.2306955266,51.4292485616,1.0,
51.2307902409,51.452991365,4.0,
51.2308061035,51.4701337192,1.0,
51.2308406937,51.4398258927,4.0,
51.2308684479,51.4105594009,4.0,
51.2308815937,51.3657919292,4.0,
51.2308876817,51.3878695065,2.0,
51.2308900615,51.3681664831,2.0,
51.2309001807,51.4076326372,1.0,
51.2309071352,51.4284045545,1.0,
51.2309421814,51.4146406476,1.0,
51.2310104938,51.3617472016,2.0,
51.2310188148,51.4125245591,2.0,
51.2310232439,51.3690886966,2.0,
51.2310526882,51.4338843588,1.0,
51.2311222921,51.384647239,2.0,
51.2311391264,51.4158213759,2.0,
51.2311454047,51.3763327121,1.0,
51.2311604623,51.4372476238,4.0,
51.231188523,51.4524664301,2.0,
51.2312486177,51.364126171,2.0,
51.2312578423,51.4167906289,2.0,
51.2312589008,51.3719418043,2.0,
51.231276204,51.3734856458,2.0,
51.2312975256,51.3860345918,2.0,
51.231335708,51.4138367815,1.0,
51.2313659642,51.3621747064,4.0,
51.2313828353,51.4663957685,4.0,
51.2313916634,51.4178525123,1.0,
51.2314178842,51.4388099842,2.0,
51.2314513002,51.3751129399,1.0,
51.2314780466,51.4357918446,1.0,
51.2314803028,51.4086279652,2.0,
51.2315059533,51.3692790495,1.0,
51.2315189527,51.3772496092,1.0,
51.2315232206,51.3606752302,1.0,
51.231536295,51.3676742262,4.0,
51.231568663,51.4336245245,2.0,
51.2315771645,51.3776589893,2.0,
51.2315774675,51.3884645191,2.0,
51.2316059239,51.4674040496,1.0,
51.2317216742,51.3629727017,2.0,
51.2317347463,51.4569651994,2.0,
51.2317521201,51.4462744865,1.0,
51.2317614416,51.412910269,1.0,
51.2318560619,51.3798441758,2.0,
51.231863059,51.4400847478,4.0,
51.2318683733,51.3890933988,4.0,
51.2319299417,51.3873609669,2.0,
51.2319699861,51.4413659456,4.0,
51.2320079684,51.4446357413,1.0,
51.2320264743,51.4665431411,2.0,
51.2321218733,51.3617611978,1.0,
51.2321587243,51.3739179837,1.0,
51.2321663626,51.4502331806,1.0,
51.2322073256,51.445207399,2.0,
51.2322422043,51.4431222907,1.0,
51.2322541523,51.3895283812,2.0,
51.2322644044,51.3833833664,1.0,
51.2323285132,51.3908960476,2.0,
51.2323607998,51.4351211655,1.0,
51.2323811141,51.3762430837,1.0,
51.2324130367,51.437806277,1.0,
51.2324435916,51.3827641852,2.0,
51.2325271884,51.3774747764,1.0,
51.2325528882,51.4684677449,2.0,
51.2325690477,51.4419671517,2.0,
51.2325806482,51.3691797012,4.0,
51.2326410102,51.3820701665,1.0,
51.2327313424,51.3727858644,4.0,
51.2327431054,51.3624951588,4.0,
51.2327645763,51.3793164067,1.0,
51.2327724116,51.384784433,2.0,
51.2328135536,51.3660320024,2.0,
51.2328532987,51.420425763,1.0,
51.2331152322,51.4169794721,1.0,
51.2331414853,51.3712492686,1.0,
51.2331693263,51.3919186223,1.0,
51.2332146146,51.4470714505,2.0,
51.2332675324,51.4294915161,1.0,
51.2332992096,51.4442391386,1.0,
51.2333868002,51.4680996188,1.0,
51.2334060234,51.385611747,1.0,
51.2334140371,51.4435212674,4.0,
51.2334781353,51.438479578,1.0,
51.2334843228,51.3630478284,2.0,
51.2335020517,51.3839102896,1.0,
51.23351892,51.3720953464,1.0,
51.2335453272,51.4338338645,2.0,
51.2335465226,51.3681600904,2.0,
51.2335512416,51.3911789043,2.0,
51.2336686354,51.4248335724,2.0,
51.2336795306,51.3640684858,1.0,
51.2337271544,51.4377447849,2.0,
51.2337302443,51.3824588941,2.0,
51.2337321508,51.4347998569,4.0,
51.2337535777,51.4485370321,1.0,
51.2337595251,51.379064119,2.0,
51.2338078571,51.3895615829,1.0,
51.2338378153,51.37356479,2.0,
51.2338949946,51.4193090946,1.0,
51.2339032067,51.4160688279,1.0,
51.2339099919,51.4364766032,2.0,
51.2339197513,51.4266328466,2.0,
51.2339250725,51.4495593561,1.0,
51.2339374377,51.4460538124,1.0,
51.2339671367,51.4473548154,1.0,
51.2339686165,51.467122242,1.0,
51.2339893544,51.3658424002,4.0,
51.2340000769,51.4403451744,1.0,
51.2340543934,51.4203927694,1.0,
51.2340696166,51.448250205,4.0,
51.2340801534,51.3619728184,1.0,
51.2342022608,51.4176779593,2.0,
51.2342178137,51.3619180477,2.0,
51.2342200364,51.363213308,1.0,
51.2342380062,51.4419562947,1.0,
51.2342657826,51.4324699013,2.0,
51.2343963749,51.4280617823,2.0,
51.2344016119,51.3725664509,1.0,
51.2344196081,51.4266211275,1.0,
51.2344487055,51.4387865095,1.0,
51.2344575913,51.4681619081,1.0,
51.2344637436,51.3583548921,1.0,
51.2344937424,51.379895526,2.0,
51.234502264,51.3764104942,1.0,
51.2345166878,51.4458623894,2.0,
51.2345314524,51.3672625781,4.0,
51.2345463992,51.3846845138,1.0,
51.2345625299,51.3923979807,1.0,
51.2346399492,51.4392242389,2.0,
51.2347140972,51.4365009103,1.0,
51.2347432615,51.3867561499,1.0,
51.2348048423,51.3595412557,2.0,
51.2348942299,51.4196802142,1.0,
51.2349174235,51.4665855411,2.0,
51.234934187,51.3738945949,2.0,
51.2349735561,51.3657169017,1.0,
51.2349970933,51.420963893,2.0,
51.2350056999,51.3563443012,1.0,
51.2350150115,51.3605341255,1.0,
51.2350292626,51.4258018398,1.0,
51.2351523625,51.4293367569,4.0,
51.2351704188,51.4642831455,2.0,
51.2351764131,51.4672534714,4.0,
51.235177021,51.4452498971,1.0,
51.2351877864,51.3666331937,4.0,
51.2352228305,51.3944876547,1.0,
51.23524742,51.4375950222,1.0,
51.2352564072,51.4269004842,4.0,
51.2353805246,51.3933971823,1.0,
51.235430212,51.4500373787,1.0,
51.2354353122,51.3638846172,1.0,
51.2354817485,51.4234872346,4.0,
51.2355161425,51.3870127722,4.0,
51.2355378614,51.4654008596,2.0,
51.2355639389,51.446285054,1.0,
51.2355891185,51.4317891713,2.0,
51.235602573,51.3743160282,1.0,
51.2356484298,51.3786192988,2.0,
51.2357186453,51.3727965798,2.0,
51.2357389758,51.3938161864,4.0,
51.2357611495,51.4496032928,2.0,
51.2357961837,51.4645197648,4.0,
51.2358493792,51.4411718706,1.0,
51.2358785927,51.406127391,1.0,
51.2359221119,51.3762152636,1.0,
51.2359314638,51.3603704823,2.0,
51.2359498905,51.4103198208,2.0,
51.2360422448,51.4401310797,1.0,
51.2360795563,51.46381992,1.0,
51.2361010639,51.4581735494,2.0,
51.2361110108,51.3650570024,1.0,
51.2361397697,51.3806323694,4.0,
51.2361463533,51.4511136533,1.0,
51.2361913385,51.4672716271,2.0,
51.2363356443,51.4514425836,4.0,
51.2363374115,51.4064464889,2.0,
51.2363727495,51.3677538809,2.0,
51.2363797652,51.4344553014,1.0,
51.2364743497,51.3753088851,1.0,
51.2364816034,51.391749027,2.0,
51.2365299913,51.3947569347,4.0,
51.2366023714,51.4524155433,1.0,
51.236628267,51.3961817691,2.0,
51.2366505653,51.3928546249,4.0,
51.2366595478,51.4541453581,4.0,
51.236661565,51.4250622325,2.0,
51.236661657,51.4559728698,2.0,
51.2366772438,51.4122116737,1.0,
51.2367161914,51.449782226,2.0,
51.2367689119,51.4672615371,1.0,
51.2368205886,51.3668945987,2.0,
51.2368325336,51.4284673011,1.0,
51.2368506973,51.4532914034,1.0,
51.2369042867,51.4082179092,2.0,
51.2369105931,51.3966660367,1.0,
51.23692108,51.3653738524,1.0,
51.2369617933,51.3952864984,2.0,
51.2369652714,51.4058177062,2.0,
51.2369710014,51.4666444704,2.0,
51.2369892271,51.3827572296,2.0,
51.2370005767,51.4072628556,2.0,
51.2370219831,51.3967006408,4.0,
51.2370556848,51.4508224228,1.0,
51.2371064814,51.3765662184,1.0,
51.2371819375,51.4611582192,1.0,
51.2371930649,51.3926383163,1.0,
51.2372085926,51.4627890521,2.0,
51.2372181788,51.409211912,1.0,
51.2372796567,51.3893217093,2.0,
51.2372886543,51.4548115071,1.0,
51.2373843682,51.4618436341,2.0,
51.237405177,51.3806825408,1.0,
51.2374333911,51.3760884887,2.0,
51.2374492456,51.4495794464,1.0,
51.2374566799,51.3904470107,1.0,
51.23748406,51.4269982621,1.0,
51.2374842842,51.4581730661,1.0,
51.2375737394,51.4039819099,1.0,
51.237595222,51.3797739959,1.0,
51.2376998329,51.459494612,2.0,
51.2377283265,51.4567042996,2.0,
51.2377654545,51.4096710626,2.0,
51.2378857501,51.3779319041,1.0,
51.2378882219,51.3874563784,2.0,
51.23794785,51.410895298,2.0,
51.2380298992,51.4393242897,2.0,
51.2380645332,51.4065450423,1.0,
51.2382574523,51.4245452696,1.0,
51.2382816007,51.3919749065,4.0,
51.238289536,51.4047196557,4.0,
51.2383110021,51.450690286,2.0,
51.2383793839,51.3910741395,1.0,
51.2383825326,51.453529259,1.0,
51.2383946174,51.3817908201,2.0,
51.2383954895,51.4572903161,1.0,
51.2385588035,51.3950576687,1.0,
51.2385775134,51.4350362158,4.0,
51.2386018677,51.3755189407,1.0,
51.2386105787,51.3966283398,4.0,
51.2386304589,51.4583793875,1.0,
51.2386724441,51.4074903358,2.0,
51.2386929758,51.416069357,2.0,
51.2387754675,51.4116653693,1.0,
51.2387858731,51.4660431321,2.0,
51.2388061058,51.3785708431,2.0,
51.2388332164,51.4087607159,1.0,
51.2388574578,51.38526639,2.0,
51.2388604393,51.4624648602,1.0,
51.2389072285,51.3597413074,2.0,
51.2389294482,51.4421190939,2.0,
51.2389640927,51.376510681,2.0,
51.2389753533,51.4246833197,2.0,
51.2389775379,51.3755530448,2.0,
51.2389830188,51.4547861999,2.0,
51.2390108221,51.4613197626,1.0,
51.2390271007,51.406140177,4.0,
51.2390641026,51.3982823306,2.0,
51.2390779551,51.463458981,1.0,
51.2390873063,51.4040606658,2.0,
51.2391289439,51.3773474128,1.0,
51.2391914279,51.3798028222,2.0,
51.2393141643,51.3843304697,1.0,
51.2393235467,51.4063322949,1.0,
51.2393695149,51.4508009941,1.0,
51.2393801837,51.3949986983,2.0,
51.2393864242,51.4435303506,1.0,
51.2393922605,51.4556686843,1.0,
51.2394066012,51.4013762938,1.0,
51.2394609964,51.4264632177,1.0,
51.2394756533,51.4024067544,1.0,
51.2395139073,51.4112148134,2.0,
51.2395436653,51.4018459051,4.0,
51.2395625272,51.4098301654,2.0,
51.2395765729,51.392712768,1.0,
51.2395915463,51.3935776691,1.0,
51.2396361549,51.3860997919,2.0,
51.239662145,51.3834257015,1.0,
51.2396639721,51.4654253266,1.0,
51.2397262081,51.4521364464,2.0,
51.239751456,51.4633910098,4.0,
51.2397612526,51.3478072948,2.0,
51.2397622884,51.3787945154,1.0,
51.2397632184,51.3958397748,2.0,
51.2397653482,51.4218010108,4.0,
51.2397697108,51.3818305992,2.0,
51.2397699279,51.3884217377,1.0,
51.2397842383,51.4590840012,1.0,
51.2397876286,51.3790140299,2.0,
51.2397957541,51.4123792001,1.0,
51.239834643,51.3613044395,1.0,
51.239849587,51.4031009419,4.0,
51.2398957979,51.3911495294,1.0,
51.239939462,51.4566142679,1.0,
51.2399507562,51.3866790212,1.0,
51.2399648085,51.4401011789,1.0,
51.2400317767,51.4233989291,1.0,
51.2400826148,51.4570527583,2.0,
51.2401016613,51.4053326565,2.0,
51.2401355238,51.4257224416,2.0,
51.2401521934,51.4537547046,2.0,
51.2401769839,51.4462008753,2.0,
51.2401786867,51.4430586515,1.0,
51.2402347862,51.3993756895,1.0,
51.2402483548,51.4626900517,1.0,
51.240256889,51.3834925232,2.0,
51.240287908,51.378049843,4.0,
51.2402909324,51.4245560685,2.0,
51.2403245693,51.4192548577,1.0,
51.240347311,51.4023385877,1.0,
51.2403513757,51.4584226084,2.0,
51.2403803756,51.3971447525,1.0,
51.2404273707,51.4145086368,2.0,
51.2404285999,51.4069794377,4.0,
51.2404299506,51.4104618762,1.0,
51.2404373967,51.445081822,2.0,
51.2404523831,51.4020296922,4.0,
51.2404537289,51.4546044134,1.0,
51.2404858563,51.406281521,8.0,
51.2405535808,51.4609372032,1.0,
51.2405788606,51.4047792105,4.0,
51.2406390682,51.3950225484,1.0,
51.2406459381,51.4633292653,2.0,
51.2406533619,51.4078252217,1.0,
51.2406572747,51.4224405319,4.0,
51.2408044439,51.4252442652,1.0,
51.2408157321,51.4084096518,2.0,
51.2408157719,51.3885132017,1.0,
51.2408634091,51.3851803951,1.0,
51.240916031,51.3987841488,4.0,
51.2409820564,51.4651473662,1.0,
51.2410213581,51.456855751,2.0,
51.241038098,51.3789288157,2.0,
51.2410910044,51.4053650694,2.0,
51.2411115082,51.3868601749,1.0,
51.241196813,51.4405224016,2.0,
51.2412201503,51.3629596251,1.0,
51.2412327722,51.3502467742,1.0,
51.241275915,51.4474652848,2.0,
51.2412783252,51.3980180323,1.0,
51.2412853478,51.4388153319,1.0,
51.2412889204,51.4076503225,2.0,
51.2413034548,51.414534627,1.0,
51.2413190782,51.41571214,2.0,
51.2413326874,51.4029501994,2.0,
51.2413439563,51.4547488744,1.0,
51.2413878161,51.4433105512,1.0,
51.2415253376,51.385720022,2.0,
51.2415897791,51.4063125237,2.0,
51.2416470505,51.4447006707,1.0,
51.241669798,51.4530783466,1.0,
51.2417148048,51.4040069968,1.0,
51.2417837605,51.4182072168,2.0,
51.2417868619,51.418999037,1.0,
51.2417893471,51.4045694838,4.0,
51.2419313195,51.3971936847,1.0,
51.2419572926,51.4113575436,2.0,
51.2419974926,51.4093876901,1.0,
51.2420066234,51.4148967121,4.0,
51.2420249779,51.3830537492,2.0,
51.2420298275,51.4127039234,2.0,
51.2420565592,51.4335815821,2.0,
51.2420577213,51.3911781571,1.0,
51.2420887844,51.3902104498,4.0,
51.2420918621,51.4261801559,2.0,
51.2421496579,51.4433798747,2.0,
51.2421973113,51.3683915069,2.0,
51.2422048614,51.4218042548,2.0,
51.2422256823,51.423123695,4.0,
51.2422440942,51.4178865928,4.0,
51.242275008,51.3582248143,1.0,
51.2423698824,51.4137887458,2.0,
51.2424323837,51.4120613038,1.0,
51.2424526506,51.4319635386,2.0,
51.242487574,51.4457980837,1.0,
51.2424937573,51.3863986686,2.0,
51.2425228159,51.4166172132,4.0,
51.2425497618,51.3585582177,2.0,
51.2425507961,51.4246370025,2.0,
51.2425889305,51.3694178323,1.0,
51.2425986113,51.3921750179,1.0,
51.2426103879,51.402516269,1.0,
51.2426610479,51.4362992628,2.0,
51.242689149,51.3871487844,1.0,
51.2426894694,51.4486505608,1.0,
51.2427143151,51.4352969148,2.0,
51.2427642036,51.4256365452,2.0,
51.2428768584,51.4144427806,4.0,
51.2429217094,51.4498457142,2.0,
51.2429453373,51.4556177702,1.0,
51.2429464035,51.4577999458,1.0,
51.2429646647,51.4227732643,1.0,
51.2430085251,51.4085925493,4.0,
51.2430236769,51.3930740237,1.0,
51.2430432829,51.4184735236,2.0,
51.2430673039,51.4342855199,2.0,
51.2430678237,51.4095548425,4.0,
51.2430687445,51.4478709653,4.0,
51.2431009484,51.4131060933,1.0,
51.2431200835,51.4633586733,2.0,
51.2431402451,51.3839910637,1.0,
51.2431467721,51.4172520879,4.0,
51.2431610413,51.4143140465,1.0,
51.2431848033,51.3988666319,2.0,
51.2431856822,51.4001042216,2.0,
51.2432404582,51.4016614696,2.0,
51.2432575395,51.4447763953,1.0,
51.2432615839,51.407284653,4.0,
51.2432806915,51.4108012558,2.0,
51.2432902622,51.4587015582,1.0,
51.2433376408,51.3978930277,1.0,
51.243358236,51.2929182811,1.0,
51.243369412,51.4575871771,4.0,
51.2433709469,51.39393104,1.0,
51.2433864892,51.3885188098,1.0,
51.2434333131,51.416314755,4.0,
51.243457444,51.4565495095,1.0,
51.243458553,51.4163196322,2.0,
51.243493886,51.4223887167,2.0,
51.2434992119,51.43123626,1.0,
51.2435302056,51.3854882813,2.0,
51.2435538388,51.4180927869,1.0,
51.2437060682,51.4136525833,2.0,
51.2437157283,51.4349255038,2.0,
51.2437438649,51.4575482137,2.0,
51.24378694,51.3959976406,2.0,
51.2437912602,51.3895065605,1.0,
51.2438200174,51.418981662,4.0,
51.2438269176,51.3639876261,1.0,
51.243861574,51.4241665216,1.0,
51.2438778727,51.4287212077,2.0,
51.2438973983,51.4150657593,2.0,
51.2439558573,51.4486863192,1.0,
51.2439701143,51.4036907083,2.0,
51.2440558057,51.3865214623,2.0,
51.2441047597,51.4121311694,1.0,
51.2441340563,51.4264052457,2.0,
51.2441512127,51.404578035,1.0,
51.2441834948,51.4179266404,2.0,
51.2442180082,51.4209427345,1.0,
51.2442225956,51.4252947597,2.0,
51.2442328352,51.3843143899,2.0,
51.2443336043,51.3972863083,2.0,
51.2443856949,51.4291438966,1.0,
51.2444633824,51.416670213,1.0,
51.2445391247,51.3857614481,1.0,
51.2445567748,51.430022504,4.0,
51.2445926385,51.4064536653,2.0,
51.2446078061,51.4422882674,1.0,
51.2446085024,51.407875513,2.0,
51.2446433709,51.420381242,2.0,
51.2446813575,51.4345548893,2.0,
51.2446945761,51.4043777594,2.0,
51.2446984354,51.427690826,2.0,
51.244718952,51.4172482724,2.0,
51.2447579586,51.3961957535,2.0,
51.2448267823,51.3568542218,1.0,
51.2448461828,51.3884801275,2.0,
51.2448752876,51.390265872,1.0,
51.2449107632,51.4429700739,2.0,
51.2449707368,51.3980821571,1.0,
51.2450342705,51.4181856479,2.0,
51.2450687367,51.3227463559,1.0,
51.2450720795,51.4321656875,1.0,
51.2451011878,51.4413248021,2.0,
51.2451494788,51.4024443203,1.0,
51.2452111559,51.2921555844,1.0,
51.2452468007,51.2938995648,1.0,
51.2452535372,51.391529549,2.0,
51.2452824215,51.4087288674,1.0,
51.2452918385,51.4217624954,4.0,
51.245295486,51.399591759,2.0,
51.2452955615,51.4070541424,1.0,
51.24537365,51.4302376017,2.0,
51.2453986478,51.4116601202,1.0,
51.2454054576,51.4166942617,1.0,
51.2454409852,51.4434524252,4.0,
51.2454465559,51.4039057948,2.0,
51.2454513124,51.4146667974,2.0,
51.2454916545,51.383940832,4.0,
51.2454979537,51.3870368047,2.0,
51.245506603,51.4209246553,2.0,
51.2456308114,51.4311789638,1.0,
51.2456485381,51.4134543718,1.0,
51.2456599488,51.4176587838,4.0,
51.2456652852,51.4333886351,4.0,
51.2456744902,51.4013978352,2.0,
51.2458349184,51.4236548749,2.0,
51.2459303518,51.4051356545,1.0,
51.2459323347,51.398007396,1.0,
51.2459556636,51.4451418624,1.0,
51.2460368919,51.4256433013,1.0,
51.2460859301,51.4296096151,2.0,
51.2460997258,51.4100412446,1.0,
51.2461214195,51.4031495802,1.0,
51.2461555418,51.2936176381,1.0,
51.246186542,51.3860027471,2.0,
51.2462053391,51.4427063087,1.0,
51.2462232549,51.415643949,1.0,
51.2462236142,51.4123024558,1.0,
51.2462259599,51.4068660878,1.0,
51.246277683,51.4561709571,1.0,
51.2462958712,51.4225560262,4.0,
51.2462975356,51.4300880466,1.0,
51.2463092573,51.4402572577,2.0,
51.2463813269,51.4460565438,2.0,
51.2464025171,51.4022695182,1.0,
51.2464417769,51.424163456,4.0,
51.2464557845,51.4443864152,2.0,
51.2465002306,51.4314372932,4.0,
51.246502267,51.4157935444,2.0,
51.2465122354,51.4413541907,4.0,
51.2465136805,51.4114165001,1.0,
51.2465508431,51.4325722333,2.0,
51.2465516309,51.4134945259,1.0,
51.2465887026,51.291231891,2.0,
51.2466748997,51.4119980092,2.0,
51.24683679,51.4425192451,4.0,
51.2468773115,51.4481494321,1.0,
51.2469449868,51.4009556527,2.0,
51.2470401024,51.4403907288,4.0,
51.2470834345,51.4148921778,4.0,
51.2471247097,51.4304897787,1.0,
51.2471786452,51.4290774545,1.0,
51.2472323714,51.3891623167,1.0,
51.2472854165,51.4220703116,4.0,
51.2473038476,51.4418837914,1.0,
51.24742181,51.3823634707,1.0,
51.2474932876,51.2909999491,1.0,
51.2475509921,51.4318283058,2.0,
51.2476395072,51.4233022058,2.0,
51.2476588931,51.4442772554,4.0,
51.247668352,51.4394539443,4.0,
51.2477264299,51.3140124654,1.0,
51.247733257,51.4452647457,1.0,
51.2477345303,51.4319597543,1.0,
51.24780955,51.4033899809,2.0,
51.2479054193,51.3960122429,1.0,
51.2479264598,51.4431722699,2.0,
51.2479859578,51.4372622722,4.0,
51.2480546682,51.4165607955,1.0,
51.2480778638,51.4365757931,2.0,
51.2481074507,51.4210015158,2.0,
51.2482292433,51.3072114501,2.0,
51.2482322971,51.4386938054,2.0,
51.248239259,51.4351871713,1.0,
51.2482422234,51.292489479,2.0,
51.248363932,51.4600965223,2.0,
51.2484657147,51.41415218,1.0,
51.2484779467,51.4222176664,2.0,
51.2485073421,51.288788259,1.0,
51.2485993924,51.4172296272,2.0,
51.2487415023,51.3095594487,1.0,
51.2487478027,51.4065923997,1.0,
51.2488255129,51.4446514651,4.0,
51.2489123184,51.4421616345,1.0,
51.2489619135,51.3059922802,1.0,
51.2490694263,51.4397297735,2.0,
51.2491298042,51.4407882884,2.0,
51.2491420032,51.4202201783,2.0,
51.249193366,51.418602129,4.0,
51.2492138486,51.433406504,2.0,
51.2492159048,51.4346229607,2.0,
51.2492228229,51.4355186965,1.0,
51.2494297987,51.4215372179,2.0,
51.2495283659,51.4413860681,1.0,
51.2496204199,51.4139125026,2.0,
51.2496478493,51.4435677007,4.0,
51.2496989446,51.4363023275,1.0,
51.2498328983,51.3839481618,1.0,
51.2498742277,51.4425495028,2.0,
51.2498974008,51.438910568,1.0,
51.2499041399,51.4442167602,1.0,
51.2499105704,51.4171033783,4.0,
51.2499545876,51.4112035541,1.0,
51.2503304022,51.4294022657,1.0,
51.2504430731,51.3052626775,1.0,
51.2504684896,51.3005711919,1.0,
51.2504732254,51.4204728532,1.0,
51.25051266,51.4422557868,4.0,
51.2505669497,51.2969728953,2.0,
51.2507697107,51.4891541492,1.0,
51.2507742745,51.4452409365,1.0,
51.2508017445,51.4346149873,2.0,
51.2508069245,51.3026438653,1.0,
51.2508445824,51.2934796405,1.0,
51.2508577681,51.418208189,2.0,
51.2508652109,51.4469441725,1.0,
51.2508732681,51.2958938455,1.0,
51.2509475132,51.2977778182,1.0,
51.2510562597,51.4431324307,2.0,
51.2510732709,51.2906543543,1.0,
51.2510989916,51.4158829767,1.0,
51.2512224472,51.3809505015,1.0,
51.2514864131,51.2867796708,1.0,
51.2515018142,51.4534172203,2.0,
51.2515086431,51.4459014217,2.0,
51.2515401242,51.3031510746,1.0,
51.2515970311,51.3011148505,1.0,
51.2516333632,51.2978356091,2.0,
51.251809902,51.2977432301,1.0,
51.2519404227,51.4841513796,2.0,
51.2519651608,51.2955242272,1.0,
51.2520471599,51.2969078109,1.0,
51.2521240934,51.4548749659,1.0,
51.2521330401,51.3041761584,1.0,
51.2521749357,51.4849914465,1.0,
51.252187902,51.4826632218,2.0,
51.2521898535,51.3003340117,2.0,
51.2524035359,51.4358006762,2.0,
51.2524378535,51.4557373291,1.0,
51.25259544,51.4385564464,2.0,
51.2529226366,51.4423212662,2.0,
51.2529810579,51.4192503967,2.0,
51.2529897879,51.3013998406,1.0,
51.2530236916,51.4447768966,2.0,
51.2533282243,51.4589445191,1.0,
51.2533562025,51.4366156871,2.0,
51.2534013529,51.4460078416,2.0,
51.2534180368,51.4260276613,1.0,
51.2535118408,51.439946437,2.0,
51.2538459265,51.4393950147,1.0,
51.2538583354,51.3050448606,1.0,
51.2538827075,51.2969716415,1.0,
51.25390405,51.4474177317,2.0,
51.2539668493,51.4564541281,1.0,
51.2540009096,51.2961628834,2.0,
51.2541467162,51.4185268361,4.0,
51.2542577049,51.4490596587,1.0,
51.2543207692,51.4349623415,1.0,
51.2543376483,51.4267381398,1.0,
51.2543937118,51.4271291254,2.0,
51.2544058202,51.4383413172,1.0,
51.254458348,51.4578716577,1.0,
51.2548177348,51.4463032481,2.0,
51.2548657008,51.3033987403,1.0,
51.2548894545,51.3014702029,1.0,
51.2550228461,51.3043122939,1.0,
51.2551354045,51.4173366709,1.0,
51.2552859038,51.2967376506,1.0,
51.2555246073,51.4336335658,1.0,
51.2555584793,51.4278663309,1.0,
51.2555875488,51.4480151085,1.0,
51.2556017463,51.4453421225,2.0,
51.2556456817,51.2958560316,1.0,
51.2561852743,51.4258078772,1.0,
51.2562386794,51.3594021245,1.0,
51.2566279058,51.4449247747,1.0,
51.2567805263,51.4354583551,1.0,
51.2569375112,51.2929705522,1.0,
51.2572564828,51.2979293373,1.0,
51.2572639087,51.2883985449,1.0,
51.2576754124,51.2923837628,2.0,
51.2577857136,51.3039746769,1.0,
51.2578790915,51.2947955691,1.0,
51.258005806,51.3019810428,2.0,
51.2580664784,51.4407065345,1.0,
51.2587318941,51.2848106653,1.0,
51.2592680083,51.283661074,1.0,
51.2595874615,51.4516458416,1.0,
51.2595952313,51.3018754209,1.0,
51.2604844214,51.2937811168,1.0,
51.2607957523,51.3040240167,1.0,
51.2608224095,51.2939456814,2.0,
51.2608812009,51.2879570522,2.0,
51.2609073936,51.2880227681,8.0,
51.2610516316,51.3057680301,1.0,
51.2613448224,51.2956092968,1.0,
51.2613563468,51.3026067725,1.0,
51.2614289403,51.2981855914,1.0,
51.2614743766,51.4438013953,1.0,
51.261822579,51.2856468512,1.0,
51.2623111174,51.2987803501,1.0,
51.2623549769,51.2799347552,1.0,
51.2624359194,51.2781112277,1.0,
51.2631841541,51.2839249793,2.0,
51.2637859401,51.3799347394,1.0,
51.2639681847,51.2827399522,1.0,
51.2641320823,51.439233368,1.0,
51.264249287,51.2857667607,2.0,
51.2643929892,51.2841428081,1.0,
51.2645810003,51.2878552573,2.0,
51.2646063367,51.4351907128,1.0,
51.2650856295,51.2894562509,4.0,
51.2652062982,51.2890746255,1.0,
51.2665609935,51.4470482055,1.0,
51.2675485074,51.4610698322,1.0,
51.2095847505,51.3867367605,4.0,
51.2192983376,51.3875174832,4.0,
51.2444883396,51.4190964248,4.0,
51.1998778106,51.3770345036,4.0,
51.2384598583,51.4369813693,4.0,
51.2210402764,51.393363152,4.0,
51.1935343395,51.3830099044,8.0,
51.2430777906,51.4034660692,4.0,
51.2020671965,51.3704407455,4.0,
51.2215573445,51.374994063,4.0,
51.2324926516,51.4189757624,4.0,
51.1978595893,51.3721446511,4.0,
51.2107785827,51.3814844143,4.0,
51.2245765002,51.4040027656,4.0,
51.2007501256,51.3695524052,8.0,
51.1917011635,51.3015106805,4.0,
51.1968289607,51.3790809911,4.0,
51.1819848302,51.2822894219,4.0,
51.1791858123,51.3795369237,4.0,
51.2147587566,51.3681179322,8.0,
51.1873904024,51.3774734842,8.0,
51.2219763437,51.387298374,4.0,
51.1990884745,51.3689054878,8.0,
51.2503361216,51.4160529417,4.0,
51.1927552633,51.374223988,2.0,
51.2275929255,51.3867821271,4.0,
51.2156266441,51.3915507416,4.0,
51.2092527632,51.3631145629,4.0,
51.1812334781,51.3781522351,2.0,
51.2334224059,51.4453654545,4.0,
51.2228601738,51.3990503612,4.0,
51.2013020875,51.3837170222,4.0,
51.1925215356,51.3717682669,4.0,
51.2324119007,51.3676448986,4.0,
51.1854334585,51.3199955005,2.0,
51.2131859608,51.3587227601,4.0,
51.2063532191,51.3781362193,8.0,
51.2344635051,51.4245650134,4.0,
51.2063764807,51.3713247477,4.0,
51.2268828027,51.3905764981,2.0,
51.2343071651,51.3775964906,4.0,
51.2451036118,51.4238182553,4.0,
51.2402323769,51.4091689012,2.0,
51.2371063573,51.3864260678,2.0,
51.2496403249,51.4870106992,4.0,
51.1947127472,51.3760370193,2.0,
51.236346514,51.3774602292,2.0,
51.1991818214,51.3667561516,2.0,
51.2215938936,51.3787383324,4.0,
51.2243886799,51.4016084221,4.0,
51.1803032682,51.3377559174,2.0,
51.224189136,51.4006266725,2.0,
51.2060526676,51.3593761811,4.0,
51.2126902474,51.3639545061,2.0,
51.2125564204,51.3743102692,2.0,
51.2223812253,51.3842973786,2.0,
51.2209880692,51.3731098151,4.0,
51.2178241687,51.3669519223,4.0,
51.2046222794,51.357125214,8.0,
51.2076283836,51.3744577367,8.0,
51.205630922,51.3889103797,4.0,
51.2290754861,51.4672628448,2.0,
51.1890649987,51.3024373774,4.0,
51.2256991175,51.406963667,2.0,
51.2146907414,51.3915980385,2.0,
51.2386954075,51.3974648985,2.0,
51.2061154162,51.3854653408,2.0,
51.2069286769,51.3669022452,4.0,
51.2321338867,51.3658413415,2.0,
51.2227995334,51.3798774673,4.0,
51.2034397563,51.3825781665,8.0,
51.2393440241,51.3988989717,2.0,
51.2092572155,51.3820272659,8.0,
51.2206390706,51.3839905363,4.0,
51.2220334483,51.3888393767,2.0,
51.2250150939,51.4059567634,4.0,
51.26467957,51.2869825644,2.0,
51.2256855844,51.3889819173,4.0,
51.2422808876,51.3850412511,2.0,
51.2180630642,51.3797048207,2.0,
51.2094534301,51.380881566,2.0,
51.2608882408,51.2865042107,2.0,
51.2407723098,51.3931783961,2.0,
51.2506933135,51.4193163007,4.0,
51.2156544906,51.3711249602,4.0,
51.2232161144,51.3723104234,4.0,
51.2039685093,51.3555772572,8.0,
51.2485144164,51.4153444181,4.0,
51.2037198756,51.3785702193,4.0,
51.2304663942,51.3733210565,2.0,
51.190922796,51.3787907548,2.0,
51.2198868124,51.3721511173,4.0,
51.079230857,51.2971033936,2.0,
51.2325015034,51.4479365912,4.0,
51.2464269946,51.4283436429,4.0,
51.2341374796,51.4427404997,4.0,
51.2184810548,51.3837407114,4.0,
51.2064350646,51.3813809222,8.0,
51.1867790049,51.3222061391,2.0,
51.2215729376,51.3957433386,8.0,
