49.8865250692,82.6440107391,2.0,
49.8877325471,82.6427218006,1.0,
49.8908323368,82.6689668903,1.0,
49.8918454363,82.6451897624,1.0,
49.8918487632,82.6959492328,4.0,
49.8920081643,82.6970998858,1.0,
49.8921331727,82.6936180462,4.0,
49.892143716,82.6548020294,2.0,
49.8921635822,82.6973608739,8.0,
49.892198271,82.6753956751,1.0,
49.8926655618,82.6229872147,2.0,
49.8926693854,82.651191556,1.0,
49.8928608613,82.6526014704,2.0,
49.8929043815,82.6541908493,4.0,
49.892965172,82.6911431135,1.0,
49.8930915675,82.695244873,4.0,
49.8931833885,82.6481536728,1.0,
49.8935477468,82.6937573159,2.0,
49.8935751183,82.698726845,1.0,
49.8936515142,82.6563276804,2.0,
49.8937390988,82.697487059,2.0,
49.8938341655,82.6883182264,1.0,
49.8938348157,82.6918420804,4.0,
49.8940623382,82.6538024789,1.0,
49.8943127352,82.6906842812,1.0,
49.8943538439,82.6502196693,4.0,
49.8944121168,82.6951379864,1.0,
49.8945737758,82.6877970874,2.0,
49.8946792127,82.7047586371,1.0,
49.894804645,82.6517622974,1.0,
49.8949513522,82.6866939863,4.0,
49.8950732188,82.7078220803,4.0,
49.8951231409,82.6918531808,2.0,
49.895347786,82.658008843,2.0,
49.8953633537,82.6545486745,4.0,
49.895371089,82.6961159621,1.0,
49.8956488837,82.6985860287,1.0,
49.8957321112,82.6963878947,2.0,
49.8957905928,82.6934045663,2.0,
49.8958695966,82.7099727136,2.0,
49.8959110709,82.6971589316,1.0,
49.8959280279,82.7052656375,1.0,
49.8959450062,82.7095044829,1.0,
49.8959716906,82.6521338126,2.0,
49.8960723022,82.6515005867,1.0,
49.8961109954,82.6901672179,1.0,
49.8961416504,82.6268296465,2.0,
49.8962132871,82.6537715073,1.0,
49.8962277505,82.6880717557,2.0,
49.8963654065,82.6205654631,2.0,
49.8963957459,82.6843588023,2.0,
49.8964060424,82.7002708241,1.0,
49.8966835465,82.6229667867,2.0,
49.8966952124,82.6955286955,1.0,
49.8967231026,82.6872033031,1.0,
49.8970350449,82.6244952375,2.0,
49.8970425107,82.7035012154,2.0,
49.8970447239,82.6607166617,2.0,
49.8970834367,82.6209677018,1.0,
49.8971560001,82.7050266615,1.0,
49.897256247,82.6156816252,2.0,
49.8973401581,82.6234482833,1.0,
49.8974852375,82.6574793886,1.0,
49.8975177114,82.7000292349,4.0,
49.8975842468,82.6111327084,2.0,
49.897647563,82.6189176141,1.0,
49.8976526885,82.6662500737,2.0,
49.8978970679,82.6884592714,1.0,
49.8979101692,82.6235977153,2.0,
49.8980254664,82.6567886593,2.0,
49.8980901921,82.6635541761,1.0,
49.8981415012,82.6968435127,4.0,
49.8983175165,82.6964814856,2.0,
49.8983442151,82.6182347226,2.0,
49.8984259029,82.6212537078,2.0,
49.8984923873,82.6239256119,1.0,
49.8986305938,82.6244505845,4.0,
49.8986409155,82.6834111461,4.0,
49.898640981,82.7018027965,1.0,
49.8986938021,82.6257672746,4.0,
49.8987904322,82.6195560812,4.0,
49.898826414,82.6172598562,1.0,
49.8988583401,82.6144930794,4.0,
49.8988653891,82.621937689,1.0,
49.8989962474,82.6862650492,2.0,
49.8991108504,82.6878550669,1.0,
49.8991381759,82.6617892534,1.0,
49.8991677259,82.6273194452,4.0,
49.8993452459,82.6122389958,4.0,
49.8993870171,82.6913461856,1.0,
49.8993959038,82.6166083873,2.0,
49.8994188886,82.6849779966,2.0,
49.8994575721,82.6923231916,4.0,
49.899553792,82.6211927712,4.0,
49.8996052852,82.6154637966,2.0,
49.8996286899,82.6177657992,2.0,
49.8996429678,82.6998558796,1.0,
49.8997113676,82.605655924,2.0,
49.8997499439,82.6258329966,2.0,
49.8997819524,82.6932573743,2.0,
49.8998345488,82.6196730989,2.0,
49.8998861269,82.6224186302,2.0,
49.8999389849,82.6950870565,1.0,
49.9000930482,82.682127529,1.0,
49.9001587638,82.6831746425,2.0,
49.9004776367,82.6120307287,2.0,
49.9005082932,82.6080062839,2.0,
49.9006720651,82.6186516233,1.0,
49.9007279794,82.6925751575,1.0,
49.9008531339,82.6108813483,2.0,
49.9008800269,82.6148785053,2.0,
49.9009299808,82.6912782066,1.0,
49.9009486477,82.6891130817,1.0,
49.9010085602,82.6135563511,2.0,
49.9010793294,82.6231876713,1.0,
49.9011329129,82.6069418773,1.0,
49.9011526051,82.6781794661,2.0,
49.9012783941,82.6097851557,1.0,
49.9013754542,82.6944575971,2.0,
49.9014102964,82.687230462,1.0,
49.9015785671,82.6196107465,2.0,
49.9015943388,82.6850997646,1.0,
49.9017421731,82.6254088533,2.0,
49.9017740038,82.6829225205,1.0,
49.9019739518,82.6920691913,1.0,
49.9020020082,82.627059845,4.0,
49.9020048086,82.6205570788,4.0,
49.9020325612,82.6236900615,2.0,
49.9021752139,82.6775565267,2.0,
49.9021977294,82.6220583047,4.0,
49.9022425072,82.6801186279,2.0,
49.9024010152,82.6777637156,1.0,
49.902568196,82.6116479318,2.0,
49.9026338906,82.6193372237,1.0,
49.9027110437,82.6082565555,4.0,
49.9029807612,82.6974688298,1.0,
49.9030259879,82.6802536329,1.0,
49.9030693194,82.6285489571,2.0,
49.903103355,82.6090342058,1.0,
49.9031804241,82.613648421,1.0,
49.9032121737,82.6104434914,8.0,
49.9033824947,82.6924050802,1.0,
49.9034128627,82.6147958515,1.0,
49.9034744482,82.6229833309,8.0,
49.9034760271,82.6210679941,4.0,
49.9036128765,82.6907916483,1.0,
49.90418476,82.6139713368,4.0,
49.9042933252,82.6153657398,2.0,
49.9043103052,82.612908082,1.0,
49.9043902122,82.6306544428,1.0,
49.9044941572,82.6250824163,2.0,
49.9046547633,82.6194738493,2.0,
49.9049027375,82.6909678384,1.0,
49.9050743748,82.6145145701,2.0,
49.9051792588,82.6179159117,1.0,
49.905233984,82.612288846,4.0,
49.9054202049,82.6208627729,4.0,
49.9055062631,82.6156039987,1.0,
49.905582936,82.6245434472,2.0,
49.9055859309,82.6793296985,1.0,
49.9056686072,82.623715231,4.0,
49.9057166088,82.6784780252,2.0,
49.9061658952,82.6133444374,4.0,
49.9061659321,82.6765398066,1.0,
49.9062344899,82.6197041339,2.0,
49.9062749972,82.6226098996,2.0,
49.9064272592,82.612076138,2.0,
49.9065119093,82.6146568742,2.0,
49.9070558997,82.6126666112,1.0,
49.9070957126,82.6113829461,4.0,
49.9071902378,82.6829355784,2.0,
49.9072239206,82.6738819153,2.0,
49.907348225,82.6145600596,1.0,
49.9074405291,82.6128513949,2.0,
49.9075722633,82.6103950256,2.0,
49.9081117343,82.6141254482,2.0,
49.9084108358,82.6848335333,1.0,
49.9086598747,82.6760178559,1.0,
49.9086668365,82.6835475833,1.0,
49.9090625346,82.6137470051,1.0,
49.9091288752,82.6807152207,2.0,
49.9094947021,82.6116525694,2.0,
49.9095958242,82.6815906659,1.0,
49.9122503474,82.6703215653,1.0,
49.9177186771,82.6724410973,1.0,
49.9179426557,82.6755279889,1.0,
49.9184916425,82.6756344916,2.0,
49.9187586284,82.6771169406,1.0,
49.9191306398,82.673127091,1.0,
49.9191896522,82.6705201853,2.0,
49.9193773985,82.6747424838,1.0,
49.9199436392,82.6696247271,2.0,
49.9200337154,82.6605496465,1.0,
49.9205696918,82.6565037098,1.0,
49.9206021777,82.6590011201,2.0,
49.9206758161,82.6586670144,4.0,
49.9210296633,82.6598495951,1.0,
49.9211903282,82.6783254017,4.0,
49.9212896016,82.6706802064,1.0,
49.9216041685,82.6562434822,4.0,
49.9216326584,82.6580846658,1.0,
49.9216680516,82.6785404257,2.0,
49.9217076773,82.6586622314,2.0,
49.9221456574,82.6558217543,1.0,
49.9226629786,82.5968591337,1.0,
49.922665625,82.6597766178,1.0,
49.9233012322,82.6578444774,4.0,
49.9233943396,82.6723155881,1.0,
49.9234866497,82.6512154371,2.0,
49.9235591317,82.6605568593,1.0,
49.9236225159,82.6763750284,1.0,
49.9240775948,82.6590076623,1.0,
49.924164038,82.6696532783,2.0,
49.9242611161,82.6541168425,2.0,
49.9243474941,82.6773200037,1.0,
49.9243578367,82.6528997909,2.0,
49.9247575222,82.6700142735,1.0,
49.925190883,82.6533659877,1.0,
49.9253764625,82.6786649671,1.0,
49.9254280039,82.6703692683,2.0,
49.9254797226,82.6545720719,4.0,
49.9260965946,82.6498125207,2.0,
49.9262764553,82.6759150779,1.0,
49.9263424621,82.6742821377,2.0,
49.9264764442,82.6771700348,1.0,
49.9265475121,82.6572599376,4.0,
49.9266185684,82.6524004334,2.0,
49.9266415491,82.6560108034,1.0,
49.926730518,82.6616416001,1.0,
49.927410829,82.6779262918,4.0,
49.9275644504,82.6708092791,1.0,
49.9276754988,82.6610231346,2.0,
49.9281987277,82.6621168336,2.0,
49.9282787782,82.6747029238,2.0,
49.9282954009,82.6770490623,1.0,
49.9284205184,82.6537119091,1.0,
49.9286324879,82.6822865876,2.0,
49.9286724746,82.6610476458,1.0,
49.9288674223,82.6702603143,1.0,
49.9290341561,82.6594464962,2.0,
49.9292113505,82.6826048721,1.0,
49.9292963934,82.6739841852,1.0,
49.9295327572,82.6811130543,2.0,
49.9295774969,82.6601338718,1.0,
49.9298013496,82.6801279685,1.0,
49.9299024419,82.6559041273,4.0,
49.9299634866,82.6527869609,1.0,
49.9302334537,82.6579407775,1.0,
49.9304014864,82.6508700354,1.0,
49.9306154359,82.6595837227,2.0,
49.9307483557,82.6744806858,2.0,
49.9310054529,82.6545534103,2.0,
49.9310644581,82.6756189078,2.0,
49.9311304636,82.6518710082,1.0,
49.9313054326,82.6569788257,1.0,
49.9313321865,82.6788774308,2.0,
49.9313359493,82.673418358,2.0,
49.9315647802,82.6596979693,1.0,
49.9315826153,82.6768156862,4.0,
49.9316209144,82.6613390038,1.0,
49.9317464765,82.6555481002,2.0,
49.9323028665,82.6725998757,2.0,
49.9326013844,82.6604017178,1.0,
49.9326127765,82.5749406535,4.0,
49.9326993971,82.6574328265,1.0,
49.9327674274,82.6513330484,1.0,
49.932768413,82.6540829495,1.0,
49.9328551135,82.5769333631,2.0,
49.9329561226,82.671588594,2.0,
49.9329608296,82.5730458711,1.0,
49.9329953869,82.6580903066,2.0,
49.9330748419,82.5741266411,2.0,
49.9331427424,82.5888563061,1.0,
49.9331774504,82.6573075444,4.0,
49.9331891833,82.5755614157,1.0,
49.9336533863,82.5876563959,1.0,
49.9336698856,82.6552064197,4.0,
49.9336800762,82.6710808654,4.0,
49.9337577845,82.5780077037,1.0,
49.9337694007,82.6518840415,1.0,
49.9338484177,82.5842682358,2.0,
49.9339228486,82.6698894937,2.0,
49.9339593716,82.6565718736,1.0,
49.9343422901,82.6706433696,1.0,
49.9344108036,82.6474344507,1.0,
49.9344213701,82.654777944,1.0,
49.934462874,82.5798901739,1.0,
49.9345573768,82.6529110135,1.0,
49.9347927357,82.582656549,1.0,
49.9353631904,82.6471728981,2.0,
49.935512241,82.5783412138,2.0,
49.935546705,82.5850354733,1.0,
49.9356046944,82.5868094098,1.0,
49.9358373722,82.6478722114,1.0,
49.9358592968,82.5912162602,1.0,
49.9359517145,82.5813636098,1.0,
49.9365883774,82.5876851206,1.0,
49.9366728068,82.648718436,2.0,
49.936729708,82.5790147039,1.0,
49.9368002139,82.5776092554,2.0,
49.9371267299,82.5729599264,1.0,
49.9372597409,82.570236026,1.0,
49.9376196302,82.589893324,1.0,
49.9378642239,82.5708625107,2.0,
49.9380405586,82.5765023604,2.0,
49.9380533277,82.6461992997,1.0,
49.9382476676,82.5799066912,1.0,
49.9384587993,82.5866210224,2.0,
49.9385076689,82.5784607467,1.0,
49.9386309701,82.5823226732,4.0,
49.9386682871,82.6512151263,1.0,
49.9387226777,82.5756798488,1.0,
49.9388972913,82.649343197,2.0,
49.9389156893,82.5725979612,1.0,
49.9391600477,82.5807594325,1.0,
49.939678122,82.5820886306,2.0,
49.9398236112,82.5834735826,1.0,
49.9403477602,82.5731950254,4.0,
49.9404179428,82.5774914532,1.0,
49.9410310058,82.6639428901,4.0,
49.9411691667,82.6021671936,1.0,
49.9417072157,82.6191452365,2.0,
49.9419087149,82.6628263009,4.0,
49.9421050427,82.5695360962,2.0,
49.9422590261,82.6640247103,2.0,
49.942285863,82.617849691,4.0,
49.9425174254,82.6266542244,2.0,
49.9426015949,82.5739339595,1.0,
49.9426466606,82.6145420867,2.0,
49.9427077749,82.5713417196,2.0,
49.9428461467,82.6590858926,1.0,
49.9428770981,82.6683195588,1.0,
49.9429392974,82.572480586,2.0,
49.9429575254,82.5699951413,1.0,
49.9429785962,82.5718950386,1.0,
49.9430751593,82.6556130218,1.0,
49.9431492973,82.6286559968,1.0,
49.9431750987,82.619431757,4.0,
49.9431791966,82.6128731574,2.0,
49.9433323001,82.62726605,1.0,
49.9434923697,82.610343023,2.0,
49.9438575942,82.6611701602,2.0,
49.9438652047,82.6692122041,2.0,
49.9439141632,82.6081756634,1.0,
49.944018133,82.6154015136,8.0,
49.9440652024,82.618090713,2.0,
49.9441058614,82.6169158972,4.0,
49.9441081075,82.6538013023,4.0,
49.9442479331,82.6237501596,4.0,
49.9442575662,82.630344218,2.0,
49.9443950752,82.6657326711,2.0,
49.9444225248,82.6512207772,4.0,
49.9444481043,82.6613659081,1.0,
49.944547153,82.6500642416,1.0,
49.9446357691,82.6068109789,8.0,
49.9446701082,82.6094099032,4.0,
49.9447378798,82.6040986619,2.0,
49.944811081,82.6053712986,2.0,
49.9448485781,82.6631687701,2.0,
49.9448770649,82.6654896867,1.0,
49.9448812311,82.6266884629,2.0,
49.9450262801,82.6233382124,2.0,
49.9451763879,82.6018109899,1.0,
49.9452782467,82.6285410276,2.0,
49.9453151257,82.6150998221,4.0,
49.9453207636,82.6078970935,2.0,
49.9453611143,82.6564071494,4.0,
49.9454147344,82.6161925504,2.0,
49.9454337618,82.6312451016,4.0,
49.945497022,82.6550952562,2.0,
49.9454977595,82.6251026546,2.0,
49.9456148227,82.6535875919,2.0,
49.9456164346,82.624400554,4.0,
49.9456301856,82.672075415,1.0,
49.9456483291,82.6109726655,1.0,
49.9457000607,82.6485979791,1.0,
49.9457867803,82.6693538946,8.0,
49.9458318228,82.6504094582,4.0,
49.9458502699,82.6214342908,1.0,
49.9458970616,82.6094782023,4.0,
49.9459629667,82.6615852273,4.0,
49.9460263091,82.6131935901,1.0,
49.9460372595,82.6661815301,2.0,
49.9460571182,82.6481727621,4.0,
49.9460640624,82.6278829976,4.0,
49.9461012577,82.6227342473,2.0,
49.9461239336,82.663835007,4.0,
49.9461763471,82.6301050724,4.0,
49.9461890357,82.6651167168,1.0,
49.9462537373,82.6540819293,1.0,
49.9463104582,82.5962150809,2.0,
49.9463736434,82.6111696099,4.0,
49.9463876636,82.5987476407,2.0,
49.9463945028,82.6218556927,4.0,
49.9464053069,82.6128617264,4.0,
49.9464060127,82.6166716815,4.0,
49.9465746852,82.6082147521,2.0,
49.9466243908,82.5945532692,1.0,
49.9466250537,82.6596519193,1.0,
49.9466551433,82.6235886136,4.0,
49.9467020903,82.6521121934,1.0,
49.9468215336,82.625252089,2.0,
49.9468663639,82.6790178798,1.0,
49.9468800038,82.6681711143,2.0,
49.9469013773,82.5960022211,1.0,
49.9469019541,82.6648606799,2.0,
49.9469719814,82.6720304748,1.0,
49.9470073016,82.6100367163,2.0,
49.9470500394,82.6604873945,2.0,
49.9470599938,82.6692245786,1.0,
49.9471040146,82.6528283057,4.0,
49.9472489073,82.5942055978,2.0,
49.9472530166,82.6263027587,2.0,
49.9472941839,82.6121503969,4.0,
49.9473213815,82.5932333248,1.0,
49.9473356009,82.6085945987,4.0,
49.9473549948,82.6465530928,2.0,
49.9473570989,82.6475033679,1.0,
49.9473704594,82.5955241156,2.0,
49.9473911887,82.5916592183,4.0,
49.9474260645,82.6037376882,2.0,
49.947449023,82.6618158518,1.0,
49.9474634921,82.592612602,2.0,
49.9474791489,82.619154034,4.0,
49.9474877897,82.6586412127,1.0,
49.9475194979,82.6483505627,8.0,
49.9475783029,82.6071348284,1.0,
49.9477326389,82.613438964,1.0,
49.9477773029,82.6632244044,2.0,
49.9478553127,82.6040279432,1.0,
49.9478618735,82.6696436868,2.0,
49.947874185,82.6338176883,4.0,
49.9479282699,82.6049077164,2.0,
49.9479394609,82.6496692462,4.0,
49.9479484284,82.6421405015,1.0,
49.9479729329,82.6767983154,1.0,
49.9479781991,82.625400175,1.0,
49.9479915367,82.6717014832,2.0,
49.9480560709,82.6752136557,1.0,
49.9480609741,82.5903824355,1.0,
49.9480771641,82.6630708957,1.0,
49.9481035622,82.670379017,1.0,
49.9481890875,82.6021889778,1.0,
49.9481990947,82.644354493,1.0,
49.9482883508,82.5946662859,1.0,
49.9482939052,82.6578491993,2.0,
49.9483402294,82.61787745,1.0,
49.9483664495,82.6125175502,2.0,
49.948373968,82.6680006394,1.0,
49.9483761167,82.6511574761,2.0,
49.9483808142,82.6090961961,2.0,
49.9483821609,82.6325753685,4.0,
49.9485760467,82.6450381612,2.0,
49.9486201116,82.6142703437,2.0,
49.9486398575,82.6077097783,8.0,
49.9486617706,82.6425845558,2.0,
49.9486629175,82.5916219395,4.0,
49.9487584533,82.6638030407,8.0,
49.9487590053,82.6591679638,2.0,
49.948804841,82.6606776561,4.0,
49.9488071142,82.647506181,2.0,
49.9488673462,82.635142403,4.0,
49.9488728168,82.6402356974,1.0,
49.9488791788,82.6302875301,2.0,
49.9489047545,82.6593267472,8.0,
49.9489201904,82.6370589346,4.0,
49.948971206,82.6239600118,4.0,
49.9489721542,82.616022695,2.0,
49.9490328518,82.6502867115,1.0,
49.9490501676,82.6264026514,2.0,
49.9490943576,82.5897404731,1.0,
49.9491291344,82.6434264475,4.0,
49.9491680998,82.6390026978,1.0,
49.9492314402,82.6210042615,2.0,
49.9492336753,82.5970713589,4.0,
49.9492382781,82.608939252,1.0,
49.9492438204,82.6185672367,1.0,
49.9492489144,82.6743574198,1.0,
49.9492539504,82.6065708771,4.0,
49.9492649675,82.6410216831,2.0,
49.9492733381,82.5947390055,2.0,
49.9493290258,82.6105330295,2.0,
49.9493376694,82.6247892137,2.0,
49.9493405022,82.6675339958,2.0,
49.949364182,82.6222223064,2.0,
49.9493682364,82.6117876827,1.0,
49.949390331,82.5933863458,1.0,
49.9493950195,82.613002642,8.0,
49.9494162198,82.6147925753,1.0,
49.94941975,82.6709486727,2.0,
49.9494851331,82.6310439894,1.0,
49.949519169,82.6010631612,2.0,
49.9495271951,82.6233025704,8.0,
49.9495418717,82.6448019652,4.0,
49.9495753079,82.5970932143,1.0,
49.9496243125,82.6459505995,4.0,
49.9496262591,82.5998535061,4.0,
49.949691206,82.6059150858,2.0,
49.9498180636,82.6429745631,2.0,
49.9498361914,82.6581530369,4.0,
49.9499382959,82.639855998,4.0,
49.9499428532,82.621878691,4.0,
49.9499452183,82.6195815615,1.0,
49.9500397154,82.6363152358,2.0,
49.9500490789,82.6076179928,4.0,
49.9500697969,82.6043964834,2.0,
49.9500760285,82.6486633548,2.0,
49.9500769851,82.6486677838,1.0,
49.9501198011,82.6419331241,4.0,
49.9501246526,82.6285818918,4.0,
49.9501500986,82.6347638634,1.0,
49.9502329,82.6726574927,1.0,
49.9502669329,82.6662507254,1.0,
49.9502950738,82.6388337179,1.0,
49.950333899,82.6320934943,4.0,
49.9503374545,82.6616463938,2.0,
49.9503382029,82.6468658904,2.0,
49.9504291766,82.6184104577,1.0,
49.9504378049,82.6236940967,2.0,
49.9504470096,82.6505902951,1.0,
49.9504518997,82.6176257152,2.0,
49.9504521706,82.6601425252,8.0,
49.9504918858,82.6741734413,1.0,
49.9505190961,82.6554851622,4.0,
49.950559001,82.6212024876,8.0,
49.9505918408,82.6066165049,4.0,
49.9506107072,82.6116627028,2.0,
49.9506709789,82.6554601226,1.0,
49.9506990693,82.6790609415,2.0,
49.9507302834,82.6188022026,4.0,
49.9507343074,82.6087526127,4.0,
49.9507589411,82.6623508726,1.0,
49.9507804843,82.6408428076,4.0,
49.9507936483,82.6109413032,4.0,
49.9507941621,82.6344540997,2.0,
49.9508120691,82.6374247751,1.0,
49.9508389663,82.6570460662,2.0,
49.9508479048,82.668962635,2.0,
49.9509010947,82.6333811628,4.0,
49.9509250041,82.6494693415,1.0,
49.9509271565,82.6199154094,2.0,
49.9509792839,82.6227696738,4.0,
49.9509939059,82.6680066707,1.0,
49.951054519,82.6459424706,2.0,
49.9510602155,82.6079258435,1.0,
49.9511080569,82.638343746,2.0,
49.9511168512,82.6780683081,1.0,
49.9511359528,82.6583620222,2.0,
49.9511423853,82.6577725681,8.0,
49.9511705615,82.6646699288,2.0,
49.9512463786,82.6711992966,4.0,
49.9512687029,82.6370707922,4.0,
49.9513239283,82.6151352011,1.0,
49.9513415707,82.6397853561,4.0,
49.9513486293,82.6430000291,4.0,
49.9514120966,82.6354940055,4.0,
49.9515028693,82.6727965038,2.0,
49.9515116702,82.6497644273,2.0,
49.9515258469,82.6769323546,1.0,
49.9515274736,82.6416853524,2.0,
49.9515374035,82.6659797519,2.0,
49.9515508385,82.6129218959,8.0,
49.9515893798,82.6667126706,4.0,
49.9516191857,82.6111057359,1.0,
49.9516268834,82.6477610967,4.0,
49.9516491323,82.6213653668,1.0,
49.951714195,82.6170101605,8.0,
49.9517554908,82.6297362351,8.0,
49.9518054754,82.66057657,4.0,
49.9518544213,82.6620446868,4.0,
49.9519090623,82.6336004271,2.0,
49.9519350845,82.6195912471,8.0,
49.9519719779,82.6118541899,2.0,
49.95204789,82.6365123955,2.0,
49.9520830977,82.6210074889,4.0,
49.9521023722,82.6442212407,4.0,
49.9521527148,82.6222729422,2.0,
49.9521757001,82.623684016,1.0,
49.9522100357,82.6373107968,1.0,
49.9522238776,82.6678626915,2.0,
49.9523134532,82.6505854386,1.0,
49.9523283136,82.6152497198,4.0,
49.952402623,82.6414363253,8.0,
49.9524534822,82.6227621172,4.0,
49.9524933958,82.6576851474,2.0,
49.9525118945,82.6635717539,4.0,
49.9525508922,82.6634728547,1.0,
49.9525655701,82.677348602,4.0,
49.9525858872,82.6324175008,4.0,
49.9526524237,82.6186650588,8.0,
49.9526724514,82.648630523,4.0,
49.9527010409,82.6161162825,2.0,
49.9527219629,82.6489783815,1.0,
49.9527230734,82.6277061506,2.0,
49.9527834408,82.5915302811,1.0,
49.9528088452,82.6713615727,1.0,
49.9529530541,82.630359058,1.0,
49.9529600311,82.6290914309,8.0,
49.9529890959,82.6221813529,1.0,
49.9530901482,82.6403125988,4.0,
49.9531531192,82.6178556848,4.0,
49.9531944969,82.6351438575,4.0,
49.9532214365,82.6468671947,8.0,
49.9532869872,82.6236685735,4.0,
49.953287031,82.6444136603,4.0,
49.9533720276,82.633555947,1.0,
49.9533735663,82.6261207166,2.0,
49.9534394994,82.6386647637,2.0,
49.9534845504,82.596779423,2.0,
49.9535134441,82.6698224621,2.0,
49.9535428997,82.6432197075,4.0,
49.9535920978,82.6190444742,1.0,
49.9536711498,82.6253204386,4.0,
49.9536808637,82.6201085198,4.0,
49.9536952821,82.5831507683,1.0,
49.9537088055,82.6749394536,2.0,
49.9537092852,82.5994471749,1.0,
49.9537190307,82.6314315285,2.0,
49.9537360978,82.6247857484,2.0,
49.9537879205,82.6271695428,8.0,
49.9538188673,82.6624559074,1.0,
49.9538353537,82.6414712902,2.0,
49.9539785705,82.6637360023,2.0,
49.9540483371,82.6221736929,4.0,
49.9540681635,82.6042330141,1.0,
49.9541168623,82.6334032293,8.0,
49.954129503,82.634870909,2.0,
49.9541730751,82.6207574191,1.0,
49.9542187322,82.6022484399,4.0,
49.9542387982,82.6510960075,4.0,
49.9542604296,82.6460720419,2.0,
49.9542679822,82.6381787913,1.0,
49.9542953114,82.6359658603,4.0,
49.9543096073,82.6477072733,4.0,
49.9544737351,82.6053129203,4.0,
49.9545007889,82.6044133111,2.0,
49.9545022663,82.6396969228,8.0,
49.9545240365,82.6265872135,1.0,
49.9545322621,82.631282337,8.0,
49.9545558816,82.6233727588,2.0,
49.9546301825,82.6081087899,4.0,
49.954631119,82.6102428044,1.0,
49.9547212626,82.603716966,4.0,
49.9547801877,82.596307308,1.0,
49.9547994486,82.6258179062,4.0,
49.9548096916,82.6427831838,4.0,
49.9548174113,82.6372614743,4.0,
49.9548822898,82.6361797237,2.0,
49.9549464377,82.6436381028,2.0,
49.9549841963,82.651553209,1.0,
49.9549931985,82.6412990305,2.0,
49.9550145797,82.5944126646,2.0,
49.9550479994,82.6068944212,4.0,
49.9551560237,82.6091984228,2.0,
49.9551628549,82.6339958596,4.0,
49.9552183852,82.5815498062,4.0,
49.9552278107,82.6447577262,2.0,
49.9552281497,82.6104122352,4.0,
49.9552552461,82.5828967964,2.0,
49.9552699973,82.6275531209,4.0,
49.9553621116,82.6082918834,1.0,
49.9553717337,82.6529313997,2.0,
49.9554094262,82.6147200049,1.0,
49.9554099541,82.638436797,1.0,
49.9555238017,82.6019366956,4.0,
49.9555371128,82.6350948207,2.0,
49.9555925189,82.6250572819,2.0,
49.9556351127,82.6068279391,1.0,
49.9556371298,82.6035090589,1.0,
49.9556572126,82.637551471,2.0,
49.9557418709,82.6048910245,2.0,
49.955747551,82.6328116136,4.0,
49.9558850569,82.5952852342,4.0,
49.9560233913,82.6423246984,4.0,
49.956031597,82.6461240434,2.0,
49.9560970829,82.6023321877,2.0,
49.9561300771,82.6370983688,4.0,
49.9561390908,82.6261215972,4.0,
49.9561588789,82.6493854096,1.0,
49.9561989922,82.6273182076,1.0,
49.956235448,82.6311688793,2.0,
49.9563178608,82.6522013104,1.0,
49.9563527226,82.6394488834,2.0,
49.956519879,82.6160168708,2.0,
49.9565275565,82.6345372277,2.0,
49.9565525539,82.6359339881,4.0,
49.9566405208,82.608052036,8.0,
49.956656122,82.6489037607,2.0,
49.9566813571,82.6034260737,4.0,
49.9567129565,82.6198455782,1.0,
49.9567659393,82.6139023626,2.0,
49.9567917872,82.626957552,2.0,
49.9568257098,82.6284130864,8.0,
49.9568301753,82.6431830346,4.0,
49.956833071,82.6092558667,1.0,
49.9568825233,82.6124855826,4.0,
49.956885622,82.6372033942,1.0,
49.9568902436,82.6052905922,2.0,
49.9570117117,82.6296354233,4.0,
49.9570387136,82.6334214427,4.0,
49.9570678379,82.6531322855,1.0,
49.9570781642,82.6141485263,1.0,
49.9570952855,82.5958215461,4.0,
49.9571401179,82.5988402467,1.0,
49.9571425859,82.6162552219,1.0,
49.9571748267,82.6547972264,1.0,
49.957233305,82.6321816728,4.0,
49.9572351263,82.5968173203,1.0,
49.9572653894,82.6456940295,4.0,
49.957315847,82.6502513931,1.0,
49.9573205306,82.6540485593,2.0,
49.9573319269,82.6347429532,1.0,
49.957393855,82.6482744652,1.0,
49.957461324,82.6108245451,4.0,
49.9574876946,82.5825493364,2.0,
49.9574994063,82.6419582535,4.0,
49.9575010971,82.604406605,4.0,
49.9575238812,82.6426896696,1.0,
49.9575260744,82.6446870432,1.0,
49.9575341545,82.6068662528,2.0,
49.9575451677,82.6353170365,2.0,
49.9575832441,82.5907937275,2.0,
49.9575992116,82.599347087,2.0,
49.9576380372,82.6120337777,1.0,
49.9577422081,82.636097135,4.0,
49.9577480663,82.6059899969,1.0,
49.9577705097,82.6516183111,2.0,
49.9577841951,82.6396514007,8.0,
49.9578413226,82.6289994448,1.0,
49.9578515787,82.6522192826,4.0,
49.9578575625,82.5840938011,4.0,
49.957863957,82.6380607022,4.0,
49.9579012508,82.6328818239,2.0,
49.9579970487,82.6081649213,1.0,
49.9580170631,82.6088686962,4.0,
49.9580220617,82.620559637,2.0,
49.9580589466,82.6004416041,2.0,
49.9580889924,82.5860171454,1.0,
49.9581034942,82.6496702347,2.0,
49.9581340489,82.6297434928,2.0,
49.9581641099,82.5957273706,1.0,
49.9581702995,82.5982469704,4.0,
49.9581797292,82.610066894,2.0,
49.9582056751,82.6432292506,2.0,
49.9582276171,82.6052908353,4.0,
49.9582773773,82.6137164202,4.0,
49.9584267317,82.6416966066,2.0,
49.9584462428,82.6154037693,4.0,
49.9586303157,82.5940153349,4.0,
49.9586338221,82.6070940398,8.0,
49.9586957061,82.5968755923,4.0,
49.9587416685,82.6385708844,8.0,
49.9588170341,82.5873310291,2.0,
49.9588178015,82.6520623458,1.0,
49.9588391497,82.5849837662,1.0,
49.9588458867,82.6369902056,8.0,
49.9589406212,82.631433835,2.0,
49.9589710606,82.6014831685,1.0,
49.9590204387,82.6040681693,4.0,
49.9592184048,82.6035774066,1.0,
49.9592673136,82.6476770105,2.0,
49.9593328718,82.6361729272,1.0,
49.9593431567,82.599438868,1.0,
49.9594969907,82.6175733232,2.0,
49.9595079597,82.5948051267,1.0,
49.959514392,82.5948080281,2.0,
49.9595522771,82.6459435617,2.0,
49.9595622968,82.6496226938,4.0,
49.9597097588,82.6350334598,8.0,
49.9598028825,82.6320270834,1.0,
49.9598907185,82.6140935343,4.0,
49.9599443649,82.607761163,4.0,
49.9599690156,82.6055350406,1.0,
49.9599847914,82.6487084817,1.0,
49.9599849632,82.6155876784,1.0,
49.9600057657,82.6535173078,1.0,
49.960109973,82.6063892823,8.0,
49.9602018036,82.6453816047,1.0,
49.9602810584,82.5959493902,1.0,
49.9603945745,82.6544902889,4.0,
49.9604301309,82.6267190248,2.0,
49.9604438461,82.5971087754,2.0,
49.9604817678,82.6509024085,1.0,
49.9605143749,82.6340749813,2.0,
49.9606217506,82.613309103,8.0,
49.9606289308,82.649843794,2.0,
49.9606819481,82.6156775918,2.0,
49.9606895297,82.6520531796,2.0,
49.9607551531,82.5852699918,2.0,
49.9607671055,82.5845928036,1.0,
49.9607747869,82.5985874144,2.0,
49.9607755567,82.5910735681,2.0,
49.9607834667,82.6395077691,4.0,
49.9608030949,82.5865487344,1.0,
49.9608058365,82.6479513386,8.0,
49.9608396754,82.5818183658,1.0,
49.9608895565,82.6065034771,2.0,
49.9609026286,82.604857022,8.0,
49.9610117775,82.6466485695,1.0,
49.961049465,82.6072921824,4.0,
49.961179483,82.6598285942,1.0,
49.9613105841,82.6093496514,4.0,
49.9613187822,82.603707809,2.0,
49.9614257538,82.6493444774,1.0,
49.9614916571,82.6118711094,1.0,
49.9615361806,82.6385730065,4.0,
49.961548531,82.5935112048,4.0,
49.9615538592,82.5802274389,2.0,
49.9616114293,82.5878572425,2.0,
49.9617023795,82.5927749414,2.0,
49.9617407356,82.6514439051,2.0,
49.9617539826,82.6037411279,1.0,
49.9618057122,82.612075273,4.0,
49.9618325751,82.6553619634,2.0,
49.9619745563,82.5949695403,2.0,
49.9620546908,82.6586056498,2.0,
49.9620549439,82.6097309155,1.0,
49.9621130414,82.6046508808,2.0,
49.9621467202,82.6525288707,2.0,
49.9621844233,82.6074705235,4.0,
49.9621907578,82.5848770571,4.0,
49.9622113737,82.5831498364,2.0,
49.9623243384,82.6498355534,2.0,
49.9623657588,82.5793550678,1.0,
49.9623725492,82.5922468767,4.0,
49.9623750643,82.6059871521,2.0,
49.9623768064,82.6348135139,4.0,
49.9623990055,82.5962664044,1.0,
49.9624078903,82.6184356063,1.0,
49.9624558786,82.6204635336,1.0,
49.9624758714,82.6218874819,1.0,
49.9625176861,82.6574511966,1.0,
49.9625697039,82.6536663342,1.0,
49.9625731645,82.6216769422,8.0,
49.9625842863,82.6141441439,2.0,
49.9625849641,82.5991220301,4.0,
49.9626497377,82.597633941,4.0,
49.9626598865,82.6176176133,2.0,
49.9626625982,82.6087308111,4.0,
49.9627646704,82.6591831377,1.0,
49.9627689981,82.6157020723,4.0,
49.9627977609,82.6416297726,1.0,
49.9628220642,82.5831498813,1.0,
49.962916245,82.6441041849,2.0,
49.9629691612,82.626873139,2.0,
49.963027341,82.5878090953,2.0,
49.9631079632,82.5946299032,2.0,
49.9631148226,82.5840620655,4.0,
49.9631317932,82.6338380592,1.0,
49.9631688731,82.5789163124,4.0,
49.9631839801,82.59128837,2.0,
49.963210282,82.6356814932,2.0,
49.963258233,82.6568798996,2.0,
49.9632653557,82.6211755174,2.0,
49.9632967675,82.6379869105,1.0,
49.9633138604,82.6086409771,2.0,
49.9633509485,82.6029121775,1.0,
49.9633637155,82.6039306463,2.0,
49.963404294,82.6103505751,8.0,
49.9634949681,82.6021320277,4.0,
49.9635326874,82.6523833937,1.0,
49.9635438573,82.595184441,4.0,
49.9635453172,82.5933144086,2.0,
49.963549889,82.6436093594,4.0,
49.9636090594,82.58042299,1.0,
49.9636258836,82.6142137739,1.0,
49.963657279,82.5964014876,4.0,
49.9636851444,82.5857952838,4.0,
49.9637442167,82.6050598111,2.0,
49.9637810766,82.5991426643,4.0,
49.9637945241,82.5873104023,4.0,
49.9638000445,82.5824329193,1.0,
49.9638503481,82.6199470695,2.0,
49.9638890732,82.5765231325,1.0,
49.963894903,82.6091969576,1.0,
49.963957737,82.57835247,2.0,
49.9639873301,82.6228419668,2.0,
49.9640192567,82.6368394619,2.0,
49.9640276263,82.6619050545,1.0,
49.964031462,82.5920552548,2.0,
49.9640779564,82.5981038599,2.0,
49.9640822259,82.6407915848,4.0,
49.9641118292,82.6223484859,1.0,
49.964123691,82.6489505246,1.0,
49.9642144917,82.5841569928,2.0,
49.9642595194,82.5886701963,4.0,
49.9642889213,82.5900522411,1.0,
49.9642977926,82.6060925576,2.0,
49.9644372952,82.5944710766,2.0,
49.9644424221,82.5826229691,2.0,
49.9644782381,82.6382764152,2.0,
49.9645004228,82.6140693693,2.0,
49.9645399196,82.6031261839,1.0,
49.964543106,82.6015487547,1.0,
49.9645565663,82.5972779064,4.0,
49.9645628787,82.6107659092,1.0,
49.9646016024,82.6284230772,2.0,
49.9646138562,82.5960463853,2.0,
49.9646232184,82.5997498447,2.0,
49.9646259559,82.5790000558,4.0,
49.9646648953,82.6037054667,4.0,
49.9647080285,82.5812689733,1.0,
49.9647317947,82.6100382985,2.0,
49.9647458859,82.5852475127,2.0,
49.9647983215,82.6264453184,4.0,
49.9648337383,82.5774997826,2.0,
49.96488005,82.6247837719,2.0,
49.9648826233,82.6119428082,4.0,
49.9649417379,82.5765880349,4.0,
49.9649646802,82.5988168407,4.0,
49.9650331734,82.6079689475,2.0,
49.9650420768,82.5932229531,2.0,
49.9651440673,82.5719813115,1.0,
49.9651518282,82.5971281792,1.0,
49.965154014,82.5870502634,2.0,
49.9651541222,82.617296593,2.0,
49.9651710624,82.6048359687,8.0,
49.9653367225,82.6025505053,4.0,
49.9654230237,82.5790000636,1.0,
49.9654765627,82.5712998407,2.0,
49.9655188729,82.6074870391,1.0,
49.9655197668,82.5837233505,4.0,
49.9655365423,82.5899930061,2.0,
49.9656203145,82.5823876794,2.0,
49.9656549404,82.5938905302,1.0,
49.9656815496,82.6150937955,2.0,
49.9657119889,82.6068040774,2.0,
49.9658140353,82.5950734515,1.0,
49.965825844,82.6117243903,2.0,
49.9658310625,82.5696234051,1.0,
49.9658540394,82.5739932488,1.0,
49.965883029,82.575869181,1.0,
49.9658929499,82.591070635,1.0,
49.9660368075,82.598261573,2.0,
49.9660807716,82.624444935,2.0,
49.9660927388,82.6108329101,4.0,
49.9661100186,82.5921868135,4.0,
49.966141511,82.6398689421,1.0,
49.9661807075,82.622493677,4.0,
49.9662565924,82.6081078799,2.0,
49.9663232184,82.6194003624,4.0,
49.9663393082,82.5972716813,4.0,
49.9663704267,82.6030417222,2.0,
49.9664361502,82.5878065137,2.0,
49.9664409669,82.5770873314,2.0,
49.966451496,82.6255060192,1.0,
49.9664665167,82.6285521623,1.0,
49.9664926273,82.574338881,4.0,
49.9665220533,82.6093317826,4.0,
49.9665327852,82.5959178201,4.0,
49.9665572846,82.5894679502,2.0,
49.9665621111,82.6275272772,4.0,
49.9665918783,82.6016542632,1.0,
49.9667298521,82.582113375,4.0,
49.9667482453,82.5986941664,4.0,
49.9667600539,82.5903067986,4.0,
49.9667934453,82.5886670168,4.0,
49.9668726815,82.6067707636,4.0,
49.9668822708,82.6128202102,2.0,
49.9668839793,82.615398629,4.0,
49.9668929899,82.5787460906,1.0,
49.9669343775,82.6002203186,2.0,
49.966951993,82.5788043101,4.0,
49.9669525303,82.6112542377,2.0,
49.966966764,82.6218145409,1.0,
49.9670259552,82.5847978751,1.0,
49.9671312162,82.5756124577,4.0,
49.9671620651,82.5805601009,4.0,
49.9672178157,82.6184199736,2.0,
49.9672357202,82.6290287836,2.0,
49.9672539049,82.5934675664,1.0,
49.9673387198,82.6254254764,4.0,
49.9674086044,82.5828730499,2.0,
49.9674128904,82.5954444964,1.0,
49.967421876,82.5981433996,1.0,
49.9674329966,82.6041309079,2.0,
49.9674618155,82.6096569859,1.0,
49.9674849566,82.5824669642,1.0,
49.9674981605,82.6017914204,2.0,
49.9675087918,82.5945994316,4.0,
49.9675117783,82.6166567334,1.0,
49.9675252009,82.6237122996,2.0,
49.9675508166,82.6008597442,4.0,
49.9675676789,82.5990794516,2.0,
49.967601755,82.6207105892,1.0,
49.9678553182,82.5960786678,2.0,
49.9678637424,82.5842520015,2.0,
49.9678648289,82.5695863721,2.0,
49.9678757085,82.6080154225,4.0,
49.9678813642,82.613879264,4.0,
49.9679267544,82.6192876434,1.0,
49.9679299577,82.5686270911,1.0,
49.9680090696,82.6026970762,4.0,
49.9680259854,82.5744102612,1.0,
49.9680949469,82.5800593085,2.0,
49.9681162609,82.6171907221,2.0,
49.9681901508,82.5776798464,8.0,
49.9682198218,82.5970489732,8.0,
49.9682658448,82.6002081594,2.0,
49.9682677651,82.6156597785,1.0,
49.9683297906,82.610550964,1.0,
49.9683388301,82.6094999775,4.0,
49.9684766694,82.5814921744,4.0,
49.9685007183,82.6066106756,4.0,
49.9686079798,82.5728148259,2.0,
49.9686095993,82.6460736844,2.0,
49.9686114126,82.614559647,2.0,
49.9686322555,82.5764704572,2.0,
49.9686869125,82.5853318765,1.0,
49.9686906397,82.6049330845,4.0,
49.9686969628,82.595276371,4.0,
49.9687007759,82.644798631,2.0,
49.9687190725,82.5828996403,4.0,
49.9688874457,82.6083544782,2.0,
49.9689155332,82.6232011529,1.0,
49.9689238109,82.6038382136,1.0,
49.9689522444,82.5979446803,4.0,
49.9689688308,82.6175063906,4.0,
49.9689860797,82.6118806763,1.0,
49.9689862826,82.6259552277,4.0,
49.9690399537,82.5758762204,1.0,
49.9690496999,82.624664464,1.0,
49.9691050015,82.5798427334,4.0,
49.9691122382,82.6196653916,4.0,
49.9691515799,82.6472446492,2.0,
49.9691889125,82.5678736618,4.0,
49.9692237977,82.6049351769,1.0,
49.9693118119,82.6034299381,4.0,
49.9693807976,82.6483722385,1.0,
49.9694242443,82.5785698736,8.0,
49.9694747127,82.5972865459,2.0,
49.9694816521,82.6491171099,2.0,
49.9695392347,82.615665045,4.0,
49.969542676,82.6269193881,1.0,
49.9695737287,82.6176415548,2.0,
49.9695934262,82.6102133241,2.0,
49.9696471023,82.6114953191,2.0,
49.9696512415,82.6138583617,2.0,
49.9697069322,82.5768616936,2.0,
49.9697410879,82.6086993829,4.0,
49.9697714444,82.5743237858,2.0,
49.9697899859,82.5662205765,1.0,
49.969918447,82.5814492672,2.0,
49.9701496577,82.5940906832,4.0,
49.9701526666,82.5728105461,1.0,
49.9702323152,82.5785107266,1.0,
49.9702329516,82.5708344162,2.0,
49.9703077501,82.5951571511,2.0,
49.9703365981,82.6063227547,4.0,
49.9703624839,82.563989664,2.0,
49.9704245342,82.650212557,1.0,
49.970437663,82.625313458,1.0,
49.9704646535,82.597667921,4.0,
49.9704760698,82.5687143188,4.0,
49.9704847733,82.6038262327,1.0,
49.9705060002,82.5601998022,1.0,
49.9705727009,82.6173477466,1.0,
49.9706155445,82.6473966616,1.0,
49.9706475828,82.5930736377,2.0,
49.9706695541,82.6208600285,1.0,
49.9706737249,82.612263931,1.0,
49.9707341683,82.6458507215,2.0,
49.9707500768,82.6083845604,2.0,
49.9707563819,82.5764282546,4.0,
49.9707607186,82.6021684081,2.0,
49.9707685029,82.5791596098,4.0,
49.9708529142,82.5751232709,2.0,
49.9708582671,82.558856517,2.0,
49.9708667003,82.6147610151,2.0,
49.9709417683,82.5924070021,4.0,
49.9710553093,82.6172911009,4.0,
49.9710668651,82.5835399703,1.0,
49.9710839577,82.5656826118,1.0,
49.9711390354,82.5737338696,4.0,
49.9712445572,82.5961439505,4.0,
49.9712613775,82.5803365881,2.0,
49.9712660099,82.6056818818,2.0,
49.9712855227,82.6484546319,1.0,
49.9714508879,82.5774466945,2.0,
49.9714566695,82.6194816807,1.0,
49.9714737528,82.5811603634,8.0,
49.9715356101,82.5987290692,8.0,
49.9715975277,82.6097014933,1.0,
49.9715984389,82.5670245706,2.0,
49.9716103145,82.5644553332,4.0,
49.9716403245,82.6003260258,4.0,
49.9716798099,82.5913816964,1.0,
49.9717073243,82.6159014267,2.0,
49.9717093245,82.5884083037,2.0,
49.9717102002,82.5970327359,1.0,
49.9717492903,82.5947925747,2.0,
49.9717564934,82.6519730101,2.0,
49.9717907353,82.6040807945,4.0,
49.9718318092,82.5721674966,4.0,
49.9718356906,82.6136778956,1.0,
49.9718405908,82.6474575609,2.0,
49.971984699,82.6112904828,2.0,
49.9720503818,82.6018322714,4.0,
49.972120003,82.5921118895,4.0,
49.9721260439,82.6141020852,4.0,
49.9721491408,82.5707952159,2.0,
49.9721514831,82.5972828782,2.0,
49.9721897535,82.5999323954,1.0,
49.9722269098,82.5697494813,1.0,
49.9723105042,82.6474486809,1.0,
49.9723126626,82.5747895256,1.0,
49.9723280014,82.5795077244,8.0,
49.9723979854,82.6506225678,2.0,
49.9724077711,82.5954295603,1.0,
49.9724711444,82.605898811,2.0,
49.9724894,82.596129631,4.0,
49.9725148211,82.5854689193,1.0,
49.9725163596,82.6119984153,1.0,
49.9725717383,82.5893319818,4.0,
49.9725792813,82.5656000551,4.0,
49.9725939664,82.5873535909,8.0,
49.9726493191,82.6048453499,4.0,
49.9727457201,82.6038162618,1.0,
49.9727975414,82.5694407185,4.0,
49.9728211007,82.5730918719,4.0,
49.9729103022,82.5948794754,4.0,
49.9729389931,82.564108068,2.0,
49.9729464949,82.6462107335,1.0,
49.9730281102,82.5828227266,4.0,
49.9731146995,82.6060551859,1.0,
49.9731324629,82.5788942254,2.0,
49.97317167,82.6113619954,2.0,
49.9732054725,82.649346624,1.0,
49.9732158176,82.651076194,1.0,
49.973242396,82.5677195662,2.0,
49.9732521988,82.590031972,2.0,
49.9732821768,82.6096085601,2.0,
49.973295824,82.5812595809,2.0,
49.9733076671,82.6007783952,8.0,
49.9733295326,82.5935230588,8.0,
49.9733611692,82.6132955347,4.0,
49.9734593629,82.6565394568,2.0,
49.9735118718,82.5710964486,1.0,
49.9735188259,82.5799081316,1.0,
49.9735305121,82.6167482429,1.0,
49.9735318522,82.5747993165,1.0,
49.9735633273,82.6103507207,1.0,
49.9736502362,82.5964985372,2.0,
49.9736574173,82.6071594866,2.0,
49.9737244475,82.5862214527,4.0,
49.9737378866,82.5671905915,1.0,
49.9737560315,82.6501954863,2.0,
49.9737676381,82.614834878,2.0,
49.9737858028,82.5830410219,1.0,
49.9738752521,82.5923816877,2.0,
49.9739034726,82.5702831822,4.0,
49.9739217129,82.6478796853,4.0,
49.9739483421,82.57481632,2.0,
49.9740084945,82.612525582,1.0,
49.9740314858,82.588023341,8.0,
49.9741224314,82.6530485005,1.0,
49.9742037044,82.6001019137,2.0,
49.9742845823,82.5986480844,4.0,
49.9743224804,82.5654176301,2.0,
49.9743319573,82.5726386628,4.0,
49.9743605229,82.5915108309,8.0,
49.9743936767,82.6045412561,1.0,
49.9744466566,82.6081191274,1.0,
49.9744554737,82.5814028272,2.0,
49.9744619275,82.6020765309,4.0,
49.9744631276,82.6541564049,2.0,
49.9745672189,82.5827082209,4.0,
49.9746173556,82.5839558218,2.0,
49.9746222018,82.6059021825,4.0,
49.9746564375,82.597625196,2.0,
49.9746574598,82.6111672658,1.0,
49.9746830676,82.5729759104,2.0,
49.9747774258,82.5865045613,2.0,
49.974786818,82.5755593042,1.0,
49.9748194499,82.6462757548,1.0,
49.9748948376,82.5712694591,1.0,
49.9749142163,82.5903571922,8.0,
49.9749431092,82.6011559957,2.0,
49.9749925296,82.6127600654,4.0,
49.9749962053,82.6105051881,4.0,
49.9750076999,82.5852163666,8.0,
49.9751729926,82.6525830551,2.0,
49.975194222,82.5945430452,4.0,
49.9752122858,82.615709122,2.0,
49.9752248441,82.5685515615,1.0,
49.9753130872,82.6515770784,4.0,
49.9753415724,82.5741833976,2.0,
49.9753666685,82.6016863712,1.0,
49.9753885406,82.6425333554,1.0,
49.9754016391,82.5921734666,2.0,
49.9754297848,82.5790281876,2.0,
49.9754607359,82.5882868545,1.0,
49.9754686309,82.6084851278,2.0,
49.9755064104,82.5870878214,4.0,
49.9755237141,82.4964176459,2.0,
49.975606851,82.5655331741,2.0,
49.9756274143,82.6494366499,1.0,
49.9756523784,82.6562144046,1.0,
49.9756714967,82.5664855277,1.0,
49.975683938,82.5964060655,4.0,
49.9756849312,82.6459115284,4.0,
49.9756855967,82.6050023069,1.0,
49.9756908567,82.5770562739,4.0,
49.9756985458,82.6548767718,1.0,
49.9757217489,82.5846369895,2.0,
49.975730698,82.6067876216,4.0,
49.9757472122,82.6011576865,4.0,
49.9757807549,82.5831290444,2.0,
49.9757947213,82.5895218145,2.0,
49.9758066202,82.6144983387,2.0,
49.9758157019,82.5819505104,2.0,
49.9758165114,82.6136623811,1.0,
49.9758341428,82.6044747767,2.0,
49.9758438106,82.5722424364,1.0,
49.9758443635,82.6582273346,1.0,
49.9758447084,82.591780734,1.0,
49.9758496083,82.6110060423,1.0,
49.9759684035,82.649970635,2.0,
49.9760347273,82.5875628716,2.0,
49.9760591047,82.5680957399,4.0,
49.9760757339,82.5858659502,1.0,
49.9760946832,82.5954576052,2.0,
49.9761726545,82.6006484187,1.0,
49.976210164,82.6034262374,8.0,
49.97624979,82.5743173677,1.0,
49.9762561908,82.4974861168,1.0,
49.9762795755,82.5884753372,4.0,
49.9763226596,82.59899248,1.0,
49.9763968312,82.5656056824,1.0,
49.9764024011,82.6484306961,1.0,
49.9764217827,82.5839645411,4.0,
49.976492748,82.5755281611,8.0,
49.9765041354,82.6513626103,2.0,
49.9765343248,82.6146555173,1.0,
49.976550019,82.5939686435,8.0,
49.9765631613,82.5894816479,1.0,
49.9766337987,82.5707615002,1.0,
49.9766991768,82.5939741653,2.0,
49.9767830468,82.5964988606,1.0,
49.9767958076,82.5683625885,1.0,
49.9768143627,82.653894504,1.0,
49.9768283459,82.5998176211,2.0,
49.9769493966,82.6434669598,2.0,
49.9769666773,82.5708725515,4.0,
49.9770166888,82.5868777675,2.0,
49.9770263561,82.5852189128,8.0,
49.9770417661,82.5752523432,1.0,
49.9770462983,82.653832177,2.0,
49.9770493298,82.6592388128,2.0,
49.9770556115,82.6048792782,1.0,
49.9770804899,82.5895571259,2.0,
49.9771633793,82.5734951539,4.0,
49.9771690016,82.6491563249,2.0,
49.9772019638,82.5880688304,2.0,
49.977286193,82.590923008,1.0,
49.9773001828,82.4943822414,1.0,
49.9773387569,82.6109014246,2.0,
49.9773526126,82.6033185874,4.0,
49.9774214075,82.5990495429,4.0,
49.9774993842,82.582181033,2.0,
49.9775028897,82.6455898131,2.0,
49.9775369642,82.5798066574,1.0,
49.9775576153,82.6575887311,2.0,
49.9776137797,82.5699745401,1.0,
49.9776743324,82.5957859156,8.0,
49.9777266855,82.587555909,1.0,
49.9777400053,82.6002609517,4.0,
49.9777991684,82.6464880772,4.0,
49.9778462983,82.5653572093,2.0,
49.9778698589,82.5854291434,2.0,
49.9778738115,82.6519478548,4.0,
49.9779057671,82.5910994963,2.0,
49.9779616274,82.5807912578,4.0,
49.9779666059,82.6017074025,1.0,
49.977979329,82.6550604759,1.0,
49.977991406,82.5927183472,4.0,
49.9780479926,82.6028630961,1.0,
49.9780609998,82.5702561918,2.0,
49.9780752171,82.5799057998,2.0,
49.9781967925,82.5649187299,1.0,
49.9782300673,82.6425054697,2.0,
49.9783022921,82.6607882724,1.0,
49.9785051303,82.6054755703,1.0,
49.9785680021,82.5731810067,4.0,
49.9785703801,82.6425229376,1.0,
49.9785943845,82.5663745584,2.0,
49.9788046264,82.5979030745,4.0,
49.9788106092,82.5816997705,4.0,
49.9788226018,82.6138539428,1.0,
49.9788367214,82.5961007625,2.0,
49.978849738,82.5724134677,1.0,
49.9789344993,82.656320981,2.0,
49.9789417792,82.5639927722,1.0,
49.978948693,82.6458946151,2.0,
49.979078397,82.6369121459,1.0,
49.9791203034,82.6547385021,1.0,
49.9791321868,82.4852455902,1.0,
49.9792197195,82.5666762942,4.0,
49.9792536854,82.5805791797,1.0,
49.9792998824,82.5948513211,4.0,
49.9793625764,82.6010104461,1.0,
49.9793778898,82.6443330164,2.0,
49.9794295666,82.6025223924,1.0,
49.9794646137,82.5934587197,1.0,
49.9794992845,82.6566214379,1.0,
49.9795513138,82.6507826503,1.0,
49.9796957991,82.6489182568,2.0,
49.979720774,82.6576419041,2.0,
49.9797575011,82.5985796829,8.0,
49.9798979347,82.5793277306,4.0,
49.9799617642,82.5695038108,4.0,
49.9800110103,82.5677629474,4.0,
49.9800577394,82.5665526941,1.0,
49.9801393046,82.5777776024,2.0,
49.9802767487,82.5637567968,1.0,
49.9804228752,82.6376465785,1.0,
49.9804372563,82.6577894082,1.0,
49.9805519085,82.597176033,2.0,
49.9807554575,82.6413601183,1.0,
49.9807582811,82.6516036356,1.0,
49.9808436117,82.6397135196,2.0,
49.9809389886,82.5752476921,2.0,
49.9809976808,82.5734344582,1.0,
49.981229656,82.5771393284,1.0,
49.9812317189,82.5686394762,2.0,
49.9812421388,82.5729165243,2.0,
49.9813089695,82.5674291607,4.0,
49.9813532141,82.6617442753,1.0,
49.9814007829,82.5702545479,2.0,
49.981418731,82.5619828748,1.0,
49.9814576871,82.5946193168,4.0,
49.981497659,82.6619221776,2.0,
49.9815769755,82.5778417672,8.0,
49.9816138151,82.6409900307,2.0,
49.9817285135,82.6023234281,1.0,
49.9817459251,82.5786658746,4.0,
49.9819069889,82.5660677345,2.0,
49.9819820394,82.5961454035,4.0,
49.9819942952,82.5764451931,2.0,
49.9822345385,82.5950926944,1.0,
49.9822432664,82.5752715957,4.0,
49.9825426683,82.5688266432,1.0,
49.9825805578,82.5668531911,1.0,
49.9826196893,82.5765378701,4.0,
49.9827505018,82.5997665324,1.0,
49.9828154628,82.5736655294,2.0,
49.9828415294,82.5941247375,1.0,
49.9829141681,82.5761892849,1.0,
49.9830855962,82.5801112442,1.0,
49.9831563701,82.5994457819,2.0,
49.9833501137,82.5756284088,2.0,
49.9837866201,82.5670036611,4.0,
49.9839015836,82.5711016313,2.0,
49.9839094882,82.5732560259,4.0,
49.9839191969,82.5757962132,4.0,
49.984028331,82.5747008518,2.0,
49.9840435917,82.5765853831,1.0,
49.9841645099,82.5918328358,1.0,
49.9842465937,82.5753984291,1.0,
49.9844743997,82.5688649998,2.0,
49.9846354512,82.6451991513,1.0,
49.9848606053,82.5702836197,2.0,
49.9852079856,82.5714688848,4.0,
49.9852154637,82.5958557052,1.0,
49.9852484399,82.5939807589,1.0,
49.9855411046,82.5768306561,1.0,
49.9860795556,82.57432349,1.0,
49.9861073548,82.6568152674,2.0,
49.9861437011,82.6422090429,2.0,
49.9863150094,82.6400676155,2.0,
49.9863521987,82.6415950675,1.0,
49.9864195452,82.5710404543,2.0,
49.9864979561,82.5755472542,4.0,
49.987064924,82.6597286914,2.0,
49.9871153588,82.572381371,4.0,
49.9873261053,82.6551875882,2.0,
49.9875529434,82.5698912971,1.0,
49.9877457723,82.5749873658,4.0,
49.9877874932,82.5783623663,1.0,
49.9880374796,82.5798003178,1.0,
49.9880706307,82.6165145639,1.0,
49.988307836,82.6371562795,4.0,
49.988402386,82.6376765482,2.0,
49.9885301692,82.6373842465,1.0,
49.9885903559,82.5752802014,2.0,
49.9887840467,82.6598844354,1.0,
49.9888421383,82.6523448085,1.0,
49.9889015239,82.5673097777,1.0,
49.9889885153,82.5686677291,1.0,
49.9890949988,82.5713686335,2.0,
49.9891275199,82.5671377865,2.0,
49.9891499271,82.5741191982,4.0,
49.989223067,82.6537846627,1.0,
49.9893105009,82.569998686,1.0,
49.9896515199,82.5744338372,1.0,
49.9896942259,82.6607672901,1.0,
49.9897364806,82.5718676245,1.0,
49.9898040248,82.6592634703,1.0,
49.9898279559,82.5761834699,2.0,
49.9899443734,82.5681386884,4.0,
49.9900620554,82.6522847272,1.0,
49.9900809273,82.6548622759,4.0,
49.990442478,82.6531695579,2.0,
49.9905886435,82.6609243549,2.0,
49.9905948266,82.5694032598,1.0,
49.9906030276,82.5707627111,4.0,
49.9906149462,82.574458042,2.0,
49.9911095042,82.5771511535,2.0,
49.9911604245,82.5762004856,1.0,
49.9912109668,82.5672960346,2.0,
49.9912914149,82.5773694456,1.0,
49.9915363584,82.6557430239,4.0,
49.9915424284,82.5736325833,4.0,
49.9916497833,82.5756655783,4.0,
49.9916506228,82.6534935463,2.0,
49.9917524452,82.5694737354,1.0,
49.9920004177,82.5735405925,1.0,
49.9921494738,82.5783055454,8.0,
49.9921899784,82.6572745729,2.0,
49.9923234491,82.5660388655,1.0,
49.9924187192,82.5767071638,8.0,
49.9926111589,82.5726082566,4.0,
49.9927741961,82.5777420074,1.0,
49.9927953879,82.5756185273,1.0,
49.9928374494,82.5637089555,1.0,
49.9929507602,82.565772503,4.0,
49.9929709269,82.6636223527,1.0,
49.9929942471,82.6609286129,4.0,
49.9933019074,82.6597893861,1.0,
49.9933604242,82.5634278693,2.0,
49.993551051,82.5679649688,1.0,
49.993570904,82.5691097711,2.0,
49.9936439444,82.5670080223,2.0,
49.993672167,82.5714034334,4.0,
49.9936809163,82.6623404073,1.0,
49.9937383746,82.5738416029,1.0,
49.9941434042,82.5759199298,2.0,
49.9941974937,82.5735026202,8.0,
49.9942338905,82.6647823263,1.0,
49.9944489061,82.5646941397,8.0,
49.99447748,82.5667158947,1.0,
49.9945523775,82.5696467641,1.0,
49.9949680573,82.5750250987,4.0,
49.9949898963,82.5711406387,2.0,
49.9953734923,82.5651250946,2.0,
49.9954127193,82.5688041483,2.0,
49.9959033239,82.5737936316,1.0,
49.995933358,82.567092873,2.0,
49.9960302645,82.5631867379,8.0,
49.9960880317,82.6595685256,2.0,
49.9962918642,82.6604845069,1.0,
49.9963373397,82.568763818,1.0,
49.9964288225,82.571645216,2.0,
49.9964386255,82.5694370702,4.0,
49.9968008637,82.5619535683,2.0,
49.997077667,82.5630292626,1.0,
49.9971783069,82.5711457429,1.0,
49.997221254,82.5810683865,1.0,
49.9972882654,82.5723370689,8.0,
49.9972967454,82.5622106843,4.0,
49.9974970386,82.5836280671,1.0,
49.9975388197,82.6633374193,1.0,
49.9976240279,82.5697090269,2.0,
49.9976577517,82.5677421265,4.0,
49.9976640012,82.5796974418,4.0,
49.9980371867,82.5822564215,4.0,
49.9981037466,82.5784879907,2.0,
49.9981352511,82.5774565279,1.0,
49.9982864001,82.5617627555,1.0,
49.9986192197,82.5813133963,2.0,
49.9989506886,82.5631399788,4.0,
49.9990496999,82.5806934222,1.0,
49.9991332338,82.5798903724,2.0,
49.9992902714,82.5683283711,2.0,
49.9992953113,82.5607231438,1.0,
49.9993872425,82.5670059607,2.0,
49.9996277996,82.5613286271,2.0,
49.9996292602,82.5688828549,1.0,
49.9996737103,82.5783270163,2.0,
49.9998017787,82.5645905119,2.0,
49.9999812683,82.5658209691,1.0,
50.0001031849,82.5812224176,1.0,
50.0001704447,82.5819030439,4.0,
50.000172206,82.5767785781,1.0,
50.0002132805,82.5623950954,1.0,
50.0003017191,82.5736556921,2.0,
50.000480373,82.5724757092,2.0,
50.0005182914,82.5801156371,2.0,
50.0007672736,82.5611101485,4.0,
50.0007802968,82.5603327207,2.0,
50.0010672434,82.5655834923,2.0,
50.0010687971,82.5623540307,4.0,
50.0014152667,82.5734602308,4.0,
50.0014832479,82.5628120972,1.0,
50.0014896862,82.6708681952,1.0,
50.0015189853,82.5808946873,2.0,
50.0019132393,82.6726740285,2.0,
50.0020211425,82.5805034676,1.0,
50.0020752817,82.5760297495,2.0,
50.0021451646,82.5747303388,4.0,
50.0022067339,82.5621071309,2.0,
50.0023527244,82.5797541587,2.0,
50.0024261762,82.5722797679,2.0,
50.0025311539,82.6801820195,2.0,
50.0028268466,82.5597128585,2.0,
50.0029361746,82.5701783504,2.0,
50.0029402264,82.5601862089,1.0,
50.0029855322,82.573865868,2.0,
50.003085972,82.5763067958,4.0,
50.0031606224,82.675541547,2.0,
50.0035775819,82.6813658401,1.0,
50.0035941661,82.5687789087,2.0,
50.0036161228,82.5769706139,1.0,
50.003643819,82.6793175935,2.0,
50.0037701482,82.6774319922,1.0,
50.003787804,82.5706343958,4.0,
50.0038335881,82.6791069256,1.0,
50.0041354467,82.5605234619,4.0,
50.0043122025,82.5586017831,2.0,
50.0044727435,82.5766984057,2.0,
50.0044778798,82.5714921601,1.0,
50.0044884769,82.5758019666,1.0,
50.0047361477,82.5690307383,2.0,
50.0048939991,82.567235431,2.0,
50.0051691897,82.5571253471,1.0,
50.0052981393,82.5661695237,2.0,
50.0053081872,82.5568973572,2.0,
50.0053359515,82.5589021193,1.0,
50.0054580917,82.5745327254,1.0,
50.0054894217,82.5738476924,4.0,
50.0055625436,82.5682272009,4.0,
50.0056493898,82.6802512425,2.0,
50.0056730778,82.5761526701,1.0,
50.0060114053,82.5598442601,4.0,
50.0061981153,82.5666710176,1.0,
50.0063880501,82.5551406936,4.0,
50.0064323706,82.5749761113,2.0,
50.0065217612,82.6815158712,4.0,
50.0065851196,82.5642101636,2.0,
50.0066230841,82.5670421265,4.0,
50.0066770783,82.5715588472,2.0,
50.0067501997,82.5589346204,4.0,
50.0068550614,82.5784646875,4.0,
50.0068901474,82.5573823594,1.0,
50.0070115643,82.5726868113,2.0,
50.0071404848,82.6837532976,2.0,
50.0072134824,82.5684133522,4.0,
50.0072505133,82.677685019,1.0,
50.0073262352,82.558588892,1.0,
50.0074085874,82.5563909619,2.0,
50.0075067647,82.6880960234,1.0,
50.0079834493,82.6867347002,1.0,
50.0080506158,82.5581303468,2.0,
50.0081335159,82.576830676,2.0,
50.0081561248,82.5558624298,1.0,
50.0082768381,82.575330737,2.0,
50.0082974381,82.6874606773,2.0,
50.0084890357,82.5714468744,1.0,
50.0086852267,82.5684490227,2.0,
50.0087376203,82.5510651354,2.0,
50.0087380446,82.5575907039,1.0,
50.0088059989,82.5475925074,2.0,
50.0091214905,82.57296918,1.0,
50.0092141415,82.5522432818,2.0,
50.0093312819,82.554671093,2.0,
50.0094132493,82.6894618882,1.0,
50.0096323706,82.5621023198,2.0,
50.0096473135,82.5458562113,2.0,
50.0097589972,82.6759795688,1.0,
50.0098263073,82.5716968335,2.0,
50.0098727294,82.5515603981,4.0,
50.0098849743,82.6846053495,4.0,
50.0099020074,82.5688399021,4.0,
50.0099174877,82.6807975461,4.0,
50.0099262919,82.5677361869,2.0,
50.0099541984,82.5500384466,2.0,
50.010055236,82.5484144746,2.0,
50.0101539815,82.5742897932,1.0,
50.0102099578,82.6747491633,2.0,
50.010345046,82.5609542744,2.0,
50.0103658107,82.5527677594,4.0,
50.0103734107,82.5772529851,1.0,
50.0104098266,82.5700930194,4.0,
50.0104910049,82.5642806186,1.0,
50.0104970371,82.5471549857,2.0,
50.0105010704,82.5555954691,2.0,
50.0105270795,82.5537125374,1.0,
50.0106234383,82.6766535992,2.0,
50.0106609802,82.5437925063,2.0,
50.0106678634,82.6909615795,2.0,
50.0107110072,82.5667980688,2.0,
50.0107260141,82.5653911197,2.0,
50.0108180892,82.5505866527,1.0,
50.0108607787,82.6724038358,4.0,
50.0110484254,82.5624042273,2.0,
50.0110519593,82.5743708009,2.0,
50.0110655274,82.5680684338,4.0,
50.0111139546,82.6713172928,2.0,
50.0111427814,82.5460324953,2.0,
50.0112389803,82.5693999819,1.0,
50.0112542669,82.5703092662,2.0,
50.0113851628,82.684930674,4.0,
50.0114251044,82.5448308674,1.0,
50.0114300468,82.5557624751,1.0,
50.0114615546,82.5542720281,2.0,
50.0114850685,82.5515456269,1.0,
50.011560586,82.6994442604,2.0,
50.0115619916,82.5659251113,1.0,
50.0117068851,82.6729528737,2.0,
50.0118640002,82.5627322295,1.0,
50.0119050514,82.5528675847,1.0,
50.0119799751,82.5670130777,1.0,
50.0120334948,82.5640075408,1.0,
50.012060317,82.6934585062,1.0,
50.0121125233,82.5697696882,4.0,
50.012153421,82.6729382528,1.0,
50.0121850071,82.5600188313,2.0,
50.0122425298,82.5372549447,1.0,
50.0122701287,82.5362766838,2.0,
50.0122819092,82.5341093602,1.0,
50.0122966539,82.531446858,2.0,
50.012472553,82.549961196,2.0,
50.0125134933,82.5611322956,2.0,
50.0125950255,82.5546645282,1.0,
50.0126060427,82.5512046523,1.0,
50.0126366238,82.5469388229,2.0,
50.0126989378,82.5709449454,1.0,
50.0127043301,82.5352733211,4.0,
50.0127079464,82.5447885363,4.0,
50.012820992,82.5599933399,4.0,
50.0129052543,82.5655792307,2.0,
50.0129155529,82.5312881622,1.0,
50.0129908259,82.5536997553,4.0,
50.0130148239,82.681316404,2.0,
50.0130271161,82.6825803741,2.0,
50.0130465809,82.5434092435,2.0,
50.0130491115,82.5361391981,1.0,
50.0132563723,82.5328276233,2.0,
50.0132751247,82.7011049004,1.0,
50.0132923538,82.6806919857,1.0,
50.0133479177,82.5719049187,1.0,
50.0133527931,82.6921895684,2.0,
50.0134432746,82.695311456,1.0,
50.0134759616,82.5627942478,1.0,
50.0134819637,82.5281951059,1.0,
50.0135091433,82.6801226151,2.0,
50.0135323574,82.5524830075,1.0,
50.0136121154,82.5327903263,1.0,
50.0137481139,82.55721082,2.0,
50.0139132549,82.696962401,1.0,
50.0140533461,82.5265659021,2.0,
50.0141738394,82.6989423595,2.0,
50.0142590489,82.5311346635,2.0,
50.0144065121,82.5557082746,4.0,
50.0144282599,82.6936795278,1.0,
50.0145105837,82.534775766,2.0,
50.014648635,82.5243231419,2.0,
50.014672736,82.5589047476,2.0,
50.0147440666,82.536890193,2.0,
50.0150460772,82.5303263574,1.0,
50.0151010742,82.5337883092,1.0,
50.0151101912,82.7038161671,1.0,
50.0151451139,82.526084585,2.0,
50.0152033262,82.5329915885,4.0,
50.0152083824,82.5215131787,4.0,
50.0152650479,82.5381201562,1.0,
50.0156171157,82.5235561813,2.0,
50.0158089316,82.5578484547,1.0,
50.0160849118,82.5379759922,4.0,
50.0161580771,82.5285545097,1.0,
50.0162882068,82.6953714882,1.0,
50.0163990918,82.524562655,1.0,
50.0164720693,82.721052555,1.0,
50.0165406656,82.7029966095,1.0,
50.0165485115,82.539241632,2.0,
50.0166270739,82.7195866104,1.0,
50.0167885487,82.5310359284,2.0,
50.0168690902,82.5227557257,1.0,
50.0170311158,82.5260828562,4.0,
50.0172319915,82.5399211153,1.0,
50.0172859134,82.6507316222,2.0,
50.0172860728,82.7166557255,1.0,
50.0173252409,82.7000617558,1.0,
50.017388617,82.7076045569,2.0,
50.0174465858,82.5209917961,2.0,
50.0174695661,82.5246896639,2.0,
50.0174990365,82.723689535,1.0,
50.0175650475,82.7203325947,1.0,
50.017579092,82.7116509116,1.0,
50.0176476254,82.7048486604,2.0,
50.0176605668,82.5235527076,2.0,
50.0176641643,82.6972494375,1.0,
50.0176941264,82.7044231763,1.0,
50.0179060763,82.7109364244,2.0,
50.0179880706,82.521429787,1.0,
50.0180190636,82.5226347442,1.0,
50.0182343557,82.7019817073,2.0,
50.0182979644,82.5403581133,1.0,
50.0183030361,82.7190096522,1.0,
50.0184005621,82.7136268499,2.0,
50.0184425974,82.706554108,2.0,
50.0185259516,82.5416330712,1.0,
50.0185590612,82.510065896,2.0,
50.0187401039,82.5115571495,1.0,
50.0187596421,82.6963749832,2.0,
50.0188616483,82.6937566459,1.0,
50.0189413749,82.650534151,1.0,
50.0192099304,82.5425940447,1.0,
50.0192970055,82.7203826149,1.0,
50.0193384174,82.5419697379,4.0,
50.0193583997,82.7105877567,1.0,
50.0193920341,82.7144088334,2.0,
50.0194209496,82.7307157389,2.0,
50.0195078806,82.7267218495,4.0,
50.0195909387,82.732063192,1.0,
50.0198069174,82.7351390811,1.0,
50.019960016,82.7153148083,1.0,
50.0200010771,82.5110491849,1.0,
50.0201019963,82.7184626948,1.0,
50.020116351,82.5410723318,4.0,
50.0202419351,82.7298012818,1.0,
50.0203669515,82.7259504247,1.0,
50.0204509241,82.7204995418,2.0,
50.0204696632,82.5096056156,2.0,
50.0205821226,82.6917736726,1.0,
50.0206108798,82.7387749582,1.0,
50.0207121066,82.6943075832,1.0,
50.0208470645,82.5094862509,1.0,
50.020871333,82.6498571993,1.0,
50.0209399076,82.7317772189,1.0,
50.0210371086,82.5001990852,2.0,
50.0210881156,82.4987411371,2.0,
50.0211841417,82.5402227941,4.0,
50.0212129238,82.7274463798,1.0,
50.0212485593,82.508731283,2.0,
50.0212746142,82.7363857111,2.0,
50.0214279333,82.72451449,1.0,
50.0214738741,82.7357610794,1.0,
50.0214803823,82.5414306152,2.0,
50.0214859089,82.7289678283,2.0,
50.0215865835,82.5025005096,2.0,
50.0216853124,82.7066543622,4.0,
50.0217428601,82.7373110271,1.0,
50.021757795,82.7245209908,2.0,
50.0218004748,82.7148188487,2.0,
50.0218358465,82.7395064472,2.0,
50.0218949987,82.7096890368,1.0,
50.0219019775,82.7138408863,1.0,
50.0219990514,82.7159155856,1.0,
50.0220079577,82.717166765,1.0,
50.022152374,82.7334609895,2.0,
50.0223618171,82.5027397252,1.0,
50.0225170908,82.4969317196,1.0,
50.0225827604,82.7528249691,2.0,
50.0225969658,82.7129069278,1.0,
50.0226405904,82.5003090752,2.0,
50.0227398602,82.7325962108,1.0,
50.0227689086,82.7232235539,1.0,
50.0228933622,82.5389017236,2.0,
50.0230338425,82.7348091343,1.0,
50.0231114915,82.5022169902,4.0,
50.0232819364,82.7268841974,2.0,
50.0233099637,82.7099640449,1.0,
50.0234680338,82.5035284961,1.0,
50.0234718091,82.7391994781,2.0,
50.0235409517,82.7112070023,1.0,
50.0235855233,82.504976446,2.0,
50.0236400913,82.7064966085,1.0,
50.0238227906,82.7411769105,2.0,
50.0239619977,82.7294253579,2.0,
50.0241532534,82.7083157024,4.0,
50.0241713278,82.6493391403,2.0,
50.0241767353,82.7450436367,2.0,
50.0243467379,82.7490516291,1.0,
50.0244758668,82.7232865728,1.0,
50.0244858543,82.7257414828,1.0,
50.0247608257,82.7299603325,1.0,
50.0247997934,82.7361191083,1.0,
50.0248794887,82.7282373737,2.0,
50.025018413,82.7083422466,1.0,
50.0250791486,82.7381324092,4.0,
50.0251660146,82.4994816627,1.0,
50.0252873355,82.7107643781,1.0,
50.025382758,82.7402449635,1.0,
50.0254138218,82.7070112212,1.0,
50.0257710889,82.7419264807,2.0,
50.0258037725,82.73558314,1.0,
50.0258128323,82.7238435694,1.0,
50.025885805,82.7288653873,1.0,
50.025891564,82.4981335453,2.0,
50.0259040501,82.7363226124,2.0,
50.0259857952,82.7302313381,1.0,
50.0259865745,82.7247247407,2.0,
50.026022221,82.7404889178,4.0,
50.0261323328,82.7216046638,2.0,
50.0262927421,82.7390800179,1.0,
50.0263499902,82.4987227042,1.0,
50.0264427251,82.7416639256,1.0,
50.0264622877,82.7316258277,2.0,
50.0265067972,82.7273854484,1.0,
50.0266260854,82.7329788198,2.0,
50.0267819903,82.7371648436,4.0,
50.0270277637,82.731553303,1.0,
50.0270341585,82.7383512087,4.0,
50.0270681712,82.7352259751,4.0,
50.0271397069,82.7301424992,2.0,
50.0271477377,82.7360501395,1.0,
50.0272067526,82.7329072555,1.0,
50.0272694329,82.7400689571,4.0,
50.0272959242,82.7413954869,4.0,
50.0274628734,82.7082381592,1.0,
50.0275024516,82.7338814716,2.0,
50.0279577146,82.736787123,2.0,
50.0280407233,82.7347721969,1.0,
50.0281106976,82.7393260309,1.0,
50.0282327995,82.7313544327,2.0,
50.0282334474,82.7325775613,4.0,
50.0284946031,82.7387679249,4.0,
50.028703651,82.7406209396,2.0,
50.028798396,82.734214485,4.0,
50.0288796504,82.6481223624,2.0,
50.0291230091,82.7381149834,2.0,
50.0296025487,82.7393087674,8.0,
50.0297286848,82.734308235,1.0,
50.030057967,82.7357035581,2.0,
50.030190568,82.737589811,4.0,
50.0303786476,82.7385780866,1.0,
49.9985216188,82.5693329,4.0,
49.9727452554,82.6082009372,4.0,
49.9602922775,82.6330052707,4.0,
50.009001231,82.5697617041,4.0,
49.9674740652,82.6053768808,4.0,
49.9507639231,82.6141135997,8.0,
49.9653118693,82.6130137356,4.0,
49.9422597769,82.5760541824,4.0,
50.0009547469,82.576893574,8.0,
49.9481346196,82.6657950288,4.0,
49.971963588,82.5843891487,8.0,
49.9953232572,82.5731231327,8.0,
49.893789541,82.6895137061,8.0,
49.9457963167,82.602988832,8.0,
50.0234673081,82.4988549135,4.0,
49.978696096,82.6484582238,4.0,
49.9449520192,82.6134354413,8.0,
49.9446758934,82.6115476457,8.0,
49.971572214,82.5618112512,4.0,
49.980280422,82.5713291972,4.0,
49.9785117825,82.589709942,4.0,
49.9541055472,82.5951293487,8.0,
49.9545270381,82.6003517549,8.0,
49.9543162879,82.5977618021,8.0,
49.9716485067,82.5903737841,8.0,
49.9633758091,82.6005707252,8.0,
49.9922092255,82.5794935834,4.0,
50.0089340824,82.5661548336,4.0,
49.9592002359,82.6095878442,8.0,
49.9483730788,82.5895618921,8.0,
49.9447854085,82.6521923485,4.0,
49.9897294928,82.5728159856,4.0,
49.9608308117,82.5828871591,8.0,
49.9531079879,82.6423971247,2.0,
49.9350419431,82.5891935119,2.0,
49.9619603048,82.5816438501,8.0,
49.9455108565,82.6492856791,4.0,
50.013876954,82.5283824479,4.0,
49.9600438246,82.6190869612,4.0,
49.9763337674,82.5782827261,2.0,
49.9545891405,82.6062504472,2.0,
49.9014065196,82.6815685651,2.0,
49.9795648361,82.5999479368,4.0,
49.9433229605,82.5738726676,4.0,
49.9442617925,82.655803107,2.0,
49.9468097339,82.6146917288,8.0,
50.0076995304,82.5760691979,2.0,
49.9802199363,82.660592682,4.0,
49.9968096598,82.5659007915,4.0,
50.0191701371,82.7250803154,2.0,
49.9613539843,82.6533760798,4.0,
50.0196458303,82.7123553548,2.0,
49.9567211182,82.5971936657,4.0,
49.9761257263,82.612205793,4.0,
49.9653203657,82.6012533548,4.0,
49.966040844,82.5804674907,4.0,
49.9610985781,82.5883976714,2.0,
49.955665719,82.6131262422,8.0,
49.9555679753,82.6114113742,8.0,
49.9665217132,82.5941994114,4.0,
49.987187453,82.5734091121,8.0,
50.0161072772,82.5286393285,4.0,
49.977449546,82.6086143565,4.0,
50.0229325328,82.5061108975,2.0,
49.9486692111,82.6198588829,2.0,
49.9289483776,82.6785135172,2.0,
49.9787797926,82.5970888674,4.0,
49.9574535895,82.6028386059,2.0,
49.9733469399,82.5759907757,8.0,
49.9625235422,82.6111028386,8.0,
49.9473853463,82.6063128343,4.0,
49.9802271169,82.5958255875,8.0,
50.0284766977,82.7376740966,2.0,
49.9520622253,82.6245143176,4.0,
49.947982164,82.6105806296,8.0,
49.944928048,82.6296619443,2.0,
49.9426680808,82.6576038182,2.0,
49.9456147922,82.6181864052,2.0,
49.94608585,82.6048993898,2.0,
49.962511356,82.6375829743,4.0,
49.9766136998,82.597942067,4.0,
49.9530337647,82.6371575508,4.0,
49.9662178653,82.6057756096,2.0,
49.9788965919,82.5917425827,4.0,
49.9768168599,82.5807051708,4.0,
49.9824834486,82.643095147,2.0,
49.99719784,82.5647414737,2.0,
49.9585073586,82.6022821187,8.0,
49.9570709602,82.6409172853,8.0,
50.0092629551,82.6797169709,2.0,
49.9503025095,82.6708357605,2.0,
49.9702976948,82.583050744,4.0,
49.9481697856,82.5980697448,4.0,
49.9704894502,82.6095467231,2.0,
49.9611573831,82.6081953645,4.0,
49.9734807108,82.6021563308,2.0,
49.8956302619,82.6613687249,2.0,
49.9598282087,82.6086032398,2.0,
49.9660298425,82.6005083597,8.0,
49.97098712,82.594414811,2.0,
