43.6380811345 51.1617339139 1.0  
43.6730330808 51.1644451769 1.0  
43.6716014057 51.1622591326 1.0  
43.6391534674 51.1725295715 1.0  
43.6543754112 51.1511542802 1.0  
43.6607403616 51.1392208127 1.0  
43.6394882948 51.1746065798 1.0  
43.6660303485 51.1604564019 1.0  
43.6647437194 51.1362222283 1.0  
43.6404207017 51.170947385 1.0  
43.6533255403 51.1447750448 1.0  
43.6572817673 51.1381873334 1.0  
43.6598972522 51.1647462141 1.0  
43.6733248647 51.1708820979 1.0  
43.6385035598 51.1831922232 1.0  
43.6630820353 51.1357901427 1.0  
43.6359467149 51.1889907888 1.0  
43.6474363669 51.1546022053 1.0  
43.634079033 51.1800481028 1.0  
43.6526911472 51.2190229875 1.0  
43.6592641904 51.1514213033 1.0  
43.6620055637 51.1429333893 1.0  
43.6677528213 51.162474177 1.0  
43.6335487799 51.1820553004 1.0  
43.6555628465 51.1524673558 1.0  
43.6459254221 51.1581992321 1.0  
43.6619307959 51.1573579028 1.0  
43.6675169549 51.1414126073 1.0  
43.6598399418 51.1535601769 1.0  
43.6675093186 51.16987571 1.0  
43.6614063041 51.1436672945 1.0  
43.6664441957 51.1715539066 1.0  
43.6656144096 51.1417435299 1.0  
43.6540602902 51.1522360086 1.0  
43.665358324 51.1341259778 1.0  
43.660473476 51.1481013384 1.0  
43.6579857681 51.1664581426 1.0  
43.6640901867 51.1540096943 1.0  
43.6679471486 51.1665003872 1.0  
43.6488874391 51.1664699905 1.0  
43.6540678703 51.1565703831 1.0  
43.6403811938 51.1723692976 1.0  
43.66470547 51.1619796925 1.0  
43.6361872378 51.1884040568 1.0  
43.6392311791 51.1577334148 1.0  
43.6372839494 51.1877674861 1.0  
43.6586004921 51.1491358708 1.0  
43.6389212585 51.1799353806 1.0  
43.6712896199 51.1691420611 1.0  
43.6508788613 51.1527320763 1.0  
43.6440203633 51.1675121672 1.0  
43.6627221856 51.158206476 1.0  
43.6400361994 51.172705554 1.0  
43.643712448 51.1554088831 1.0  
43.6361585576 51.1846380516 1.0  
43.6706799184 51.1662609078 1.0  
43.6355988089 51.1751069654 1.0  
43.6701256226 51.1708529956 1.0  
43.6527355969 51.2195791732 1.0  
43.6364103234 51.1769423248 1.0  
43.6517056221 51.1423128244 1.0  
43.6663819275 51.1370894868 1.0  
43.6634606344 51.1406974012 1.0  
43.636766093 51.1726153159 1.0  
43.6323767321 51.1807306147 1.0  
43.6571472372 51.1704423238 1.0  
43.6628715149 51.1705353817 1.0  
43.6629269051 51.1633513191 1.0  
43.6612547547 51.1634996851 1.0  
43.6398073548 51.176179903 1.0  
43.6669059732 51.1342173276 1.0  
43.6480217927 51.1668462001 1.0  
43.6569157846 51.1392567932 1.0  
43.6483778991 51.1491431344 1.0  
43.6486963415 51.1516296248 1.0  
43.6642238898 51.1636976526 1.0  
43.6622660898 51.1675227526 1.0  
43.6408554188 51.167583532 1.0  
43.635841182 51.1800951053 1.0  
43.6406068919 51.1608643306 1.0  
43.6406152057 51.1602262178 1.0  
43.6526850311 51.218034002 1.0  
43.6624486928 51.1451760688 1.0  
43.6573448305 51.1561961252 1.0  
43.6474397353 51.1657880299 1.0  
43.6359012767 51.1767699159 1.0  
43.6571958391 51.1501296146 1.0  
43.6388195378 51.1772883766 1.0  
43.6578991769 51.1425870923 1.0  
43.6427077503 51.1596413106 1.0  
43.6353840127 51.1802449307 1.0  
43.6319168841 51.1822297459 1.0  
43.6716614768 51.1754090711 1.0  
43.6371725703 51.1573085354 1.0  
43.6596480034 51.1547844299 1.0  
43.6528525737 51.2181810815 1.0  
43.6479904552 51.1633193667 1.0  
43.6331585226 51.181977344 1.0  
43.6346389923 51.164164905 1.0  
43.6645951985 51.166222721 1.0  
44.873163367 65.4862314222 1.0  
50.2019901353 57.2887070237 1.0  
50.2030159093 57.2759595595 1.0  
50.2061923353 57.2802635516 1.0  
50.2105044488 57.2716644701 1.0  
50.2120820423 57.2749027045 1.0  
50.212967695 57.2719104531 1.0  
50.2139954206 57.2764816442 1.0  
50.2153851942 57.2755029844 1.0  
50.2371223782 57.2320122511 1.0  
50.2487599396 57.2406957494 1.0  
50.2502408778 57.2425291754 1.0  
50.2503004511 57.2436902282 1.0  
50.2503810333 57.2444108422 1.0  
50.2508294726 57.2469432499 1.0  
50.2510316477 57.2440016707 1.0  
50.2510761086 57.2426316499 1.0  
50.2516811045 57.2431165645 1.0  
50.2519568244 57.248166794 1.0  
50.2527926248 57.2428947438 1.0  
50.253080785 57.2386476689 1.0  
50.2534752011 57.2373828136 1.0  
50.2535479326 57.2431600342 1.0  
50.2537464483 57.2385452291 1.0  
50.2538385981 57.2483010974 1.0  
50.2540293757 57.242281572 1.0  
50.2542659864 57.2363230649 1.0  
50.2544406103 57.2400681061 1.0  
50.2545370624 57.2393480884 1.0  
50.2549780221 57.2475616035 1.0  
50.2553499645 57.2363656018 1.0  
50.2555805382 57.2419371413 1.0  
50.2557326304 57.2408846078 1.0  
50.2557910641 57.2402221044 1.0  
50.2558673483 57.2392872622 1.0  
50.2560259547 57.2359774898 1.0  
50.2561204638 57.2350239542 1.0  
50.2561917182 57.2415244925 1.0  
50.2563914854 57.2401569722 1.0  
50.2564827714 57.2154955256 1.0  
50.256521975 57.2464566598 1.0  
50.2568685777 57.2441549589 1.0  
50.2569187037 57.2399266145 1.0  
50.2570578928 57.243195887 1.0  
50.257160848 57.2384965333 1.0  
50.2573692347 57.2402299069 1.0  
50.2576779702 57.2347978328 1.0  
50.2577582497 57.2308850535 1.0  
50.2577728751 57.2362009332 1.0  
50.2586652825 57.2383652569 1.0  
50.258724698 57.2438868161 1.0  
50.258878885 57.2307176826 1.0  
50.2592189062 57.2443942922 1.0  
50.2593185369 57.2350758822 1.0  
50.2593454672 57.2302489168 1.0  
50.2594591848 57.2358733768 1.0  
50.2595865487 57.2377408614 1.0  
50.2597899747 57.2434635113 1.0  
50.2607674892 57.2273015339 1.0  
50.2608682254 57.2321503671 1.0  
50.2609892897 57.2231327237 1.0  
50.2611394287 57.2342250118 1.0  
50.2611532631 57.2224437153 1.0  
50.2613763605 57.2057369915 1.0  
50.2614505598 57.2347854864 1.0  
50.2615786391 57.2238587202 1.0  
50.2616777151 57.2339861596 1.0  
50.2616835695 57.2316975708 1.0  
50.2617138236 57.2088881471 1.0  
50.2625504252 57.2095987083 1.0  
50.2629586011 57.2333046298 1.0  
50.2630954689 57.2338876576 1.0  
50.2631906438 57.2073956726 1.0  
50.2632596587 57.2310908344 1.0  
50.2636845357 57.2132164754 1.0  
50.2637529525 57.2341552295 1.0  
50.2638155852 57.214123216 1.0  
50.2639722308 57.232480536 1.0  
50.2639740604 57.2355304617 1.0  
50.2641374613 57.2058906015 1.0  
50.2642454631 57.2075541095 1.0  
50.2643511741 57.233211361 1.0  
50.2643773502 57.2139747336 1.0  
50.2644832152 57.2364875419 1.0  
50.2645129287 57.1988369952 1.0  
50.2648398821 57.2321366412 1.0  
50.2648665417 57.2014814834 1.0  
50.2649157954 57.2355974743 1.0  
50.2650384519 57.2068754235 1.0  
50.2651198323 57.2127168147 1.0  
50.2651500476 57.2113426897 1.0  
50.2651623446 57.2333548741 1.0  
50.2653613805 57.2485669566 1.0  
50.2653965969 57.2135067029 1.0  
50.2654835232 57.2418574871 1.0  
50.2654850041 57.2310493616 1.0  
50.2656087439 57.221670503 1.0  
50.2656204801 57.2329395215 1.0  
50.2658150033 57.2114861299 1.0  
50.2658256986 57.2394433064 1.0  
43.2879008141 76.9083533063 1.0  
51.0278388004 71.4550671068 1.0  
51.0323635555 71.4665604882 1.0  
51.0423042495 71.421686607 1.0  
51.042479211 71.4340745074 1.0  
51.0433863507 71.4242029607 1.0  
51.0434681218 71.4305933689 1.0  
51.0455942497 71.4256095686 1.0  
51.0545234528 71.3918186642 1.0  
51.0583417477 71.4312342234 1.0  
51.05912162 71.3996055606 1.0  
51.0595608958 71.3798900189 1.0  
51.0604640939 71.373071369 1.0  
51.0633029486 71.4275119851 1.0  
51.0676906346 71.3218245884 1.0  
51.0864174197 71.4075302739 1.0  
51.0876032009 71.3909548261 1.0  
51.0900753289 71.4006652357 1.0  
51.0927697926 71.4898128588 1.0  
51.0945609436 71.4855539376 1.0  
51.0946256603 71.4828272457 1.0  
51.0956130078 71.4351319204 1.0  
51.0956646892 71.4783106198 1.0  
51.0959668316 71.4912407016 1.0  
51.1020380622 71.4388459108 1.0  
51.1044025992 71.4382626216 1.0  
51.1052284357 71.414722385 1.0  
51.1059116714 71.4365520714 1.0  
51.1064086947 71.6791480516 1.0  
51.1066299106 71.6855758274 1.0  
51.1099441939 71.6131839964 1.0  
51.1100224774 71.4072998698 1.0  
51.1103800411 71.2512692909 1.0  
51.1112732838 71.4384055823 1.0  
51.1126866379 71.4324003933 1.0  
51.1128765206 71.255795181 1.0  
51.1135878059 71.2397230221 1.0  
51.1137222153 71.4388133375 1.0  
51.1139361334 71.2496315764 1.0  
51.1145158734 71.2523789681 1.0  
51.1149273855 71.3970809141 1.0  
51.116208216 71.2378553208 1.0  
51.1162175246 71.4211565591 1.0  
51.1162266182 71.4139241334 1.0  
51.1162539788 71.5353883095 1.0  
51.1167098371 71.5758255733 1.0  
51.1170799744 71.2606117153 1.0  
51.1173035078 71.4171085492 1.0  
51.1175427013 71.2557472434 1.0  
51.117617549 71.4362962337 1.0  
51.1177216668 71.427720547 1.0  
51.1182926418 71.6581709072 1.0  
51.1185246787 71.4662609219 1.0  
51.1186292496 71.5266296431 1.0  
51.1192631097 71.6117547082 1.0  
51.1199369293 71.2289265526 1.0  
51.1200253924 71.4111497309 1.0  
51.120381912 71.2346654392 1.0  
51.1204556637 71.3201255203 1.0  
51.1205045386 71.4409284196 1.0  
51.120651244 71.472033484 1.0  
51.1206688591 71.2812305109 1.0  
51.1206960723 71.4152575888 1.0  
51.1208675367 71.4244173053 1.0  
51.120960066 71.2835520402 1.0  
51.1212434147 71.5774355418 1.0  
51.1214066768 71.4184567043 1.0  
51.121554205 71.4319945497 1.0  
51.121951397 71.5812194005 1.0  
51.1221879309 71.3139527843 1.0  
51.1225285875 71.5251560547 1.0  
51.1226218113 71.5984724732 1.0  
51.1227632805 71.4417472743 1.0  
51.1227994599 71.4729485468 1.0  
51.1228892266 71.2383764608 1.0  
51.1231426079 71.3043251615 1.0  
51.1236403085 71.2789394467 1.0  
51.1238324922 71.4205949267 1.0  
51.1239248422 71.4358997506 1.0  
51.1242783498 71.3237328764 1.0  
51.1246615931 71.2920239549 1.0  
51.1247008738 71.4291297453 1.0  
51.1248787056 71.4690434757 1.0  
51.125548017 71.4407090035 1.0  
51.1255974204 71.4269065221 1.0  
51.1256161763 71.513939079 1.0  
51.1259366892 71.4903960952 1.0  
51.1261327137 71.3109484839 1.0  
51.1261805782 71.2424038376 1.0  
51.1263807533 71.5952450153 1.0  
51.1267109388 71.4348668122 1.0  
51.1274754813 71.5113756491 1.0  
51.1278067774 71.2388590789 1.0  
51.1282250799 71.4804852306 1.0  
51.1288062424 71.4831892894 1.0  
51.1290070979 71.4694638411 1.0  
51.1292552287 71.3294428424 1.0  
51.1293399017 71.5246129028 1.0  
51.1294433176 71.4349533961 1.0  
51.1295295398 71.2591043385 1.0  
47.1583167055 51.9580395506 1.0  
47.1262846517 51.9551866491 1.0  
47.0948456758 51.9252889277 1.0  
47.0912970199 51.8817520353 1.0  
47.0985728274 51.8842147175 1.0  
47.1262484497 51.9493688654 1.0  
47.1266266261 51.9407474963 1.0  
47.0888292273 51.9131932439 1.0  
47.1261927603 51.948080602 1.0  
47.0952711994 51.8707827577 1.0  
47.0992985896 51.883838284 1.0  
47.1116360269 51.8911516367 1.0  
47.0815531824 51.9082492856 1.0  
47.1012494647 51.9363992813 1.0  
47.1198787003 51.8962202552 1.0  
47.0837752926 51.903605048 1.0  
47.0778453529 51.8775387801 1.0  
47.1176834652 51.9030706436 1.0  
47.1088232307 51.9421953428 1.0  
47.0952981487 51.8783709371 1.0  
47.0482840145 51.8600069094 1.0  
47.1185817012 51.9025154642 1.0  
47.0838323025 51.9016668764 1.0  
47.0946657313 51.9200023125 1.0  
47.1048158762 51.9257750326 1.0  
47.1075503964 51.8977254022 1.0  
47.0926968961 51.8841306705 1.0  
47.1344584579 51.9414900781 1.0  
47.130508133 51.9375827828 1.0  
47.1466616992 51.9877957006 1.0  
47.0908847721 51.9173021788 1.0  
47.09597175 51.9224433656 1.0  
47.1333776803 51.917886055 1.0  
47.0790437025 51.881269675 1.0  
47.1067320274 51.8920539887 1.0  
47.1026229086 51.92744383 1.0  
47.0977921846 51.8777351706 1.0  
47.1126522952 51.9124010868 1.0  
47.1549695808 51.9410093019 1.0  
47.0944378769 51.8835820611 1.0  
47.1101536689 51.963244698 1.0  
47.0922302006 51.9346384708 1.0  
47.1000478897 51.9313478165 1.0  
47.1045286591 51.909564024 1.0  
47.0808089324 51.8796980976 1.0  
47.1550566245 51.9417434768 1.0  
47.0850749153 51.9045706324 1.0  
47.0960519451 51.8722015429 1.0  
47.1145187241 51.8910586738 1.0  
47.1255091723 51.9077597951 1.0  
47.0953701547 51.9260556334 1.0  
47.1031016893 51.8935970798 1.0  
47.1205056028 51.9352785266 1.0  
47.1219838655 51.9046623022 1.0  
47.1034990854 51.9343219129 1.0  
47.0922405322 51.9057300067 1.0  
47.1276720795 51.939630634 1.0  
47.1058138416 51.9250358091 1.0  
47.11255619 51.9358648835 1.0  
47.1049285363 51.9567078948 1.0  
47.1010911011 51.8852741382 1.0  
47.109653364 51.8859922552 1.0  
47.1011331573 51.9243760369 1.0  
47.1054031882 51.893988507 1.0  
47.1245810939 51.9074994784 1.0  
47.0842453772 51.8681748559 1.0  
47.0811223105 51.8802135029 1.0  
47.1266884964 51.9553449857 1.0  
47.1222895572 51.9635800277 1.0  
47.1155904494 51.8885448369 1.0  
47.08409326 51.8658998539 1.0  
47.0852094534 51.9059188283 1.0  
47.0971295352 51.8831038586 1.0  
47.0847734423 51.9056264146 1.0  
47.0936218614 51.8785693086 1.0  
47.1092206722 51.9237209131 1.0  
47.1178306956 51.8943350347 1.0  
47.126302249 51.926925022 1.0  
47.1199250563 51.9497020474 1.0  
47.106364892 51.9068170963 1.0  
47.1550959937 51.9385789487 1.0  
47.0888280287 51.9131937648 1.0  
47.1213081087 51.9400108486 1.0  
47.1016961035 51.8922745585 1.0  
47.1149131041 51.9363911857 1.0  
47.1149664511 51.9344353072 1.0  
47.1063873883 51.8982113329 1.0  
47.1250146381 51.9246229557 1.0  
47.0551929573 51.8617959113 1.0  
47.1184123997 51.9018447036 1.0  
47.0827839371 51.880821583 1.0  
47.0825019466 51.8932927005 1.0  
47.1180980986 51.8971422121 1.0  
47.0583150815 51.8575791425 1.0  
47.1116142742 51.9000610876 1.0  
47.1473732416 51.9823515374 1.0  
47.0749586584 51.8827910056 1.0  
47.1153689623 51.9397949252 1.0  
47.1327440459 51.9348992166 1.0  
47.1103682017 51.9100534938 1.0  
46.5752657712 74.3523088339 1.0  
46.7631353395 74.4302934899 1.0  
46.7878123455 75.0158613019 1.0  
46.7908108387 74.7352128018 1.0  
46.8098569447 75.0580695599 1.0  
46.8168040683 74.8412110986 1.0  
46.818188383 74.7394573465 1.0  
46.8204472367 74.7689162765 1.0  
46.8206454124 74.7272877003 1.0  
46.8232697301 75.0276728316 1.0  
46.8236974718 74.772465126 1.0  
46.8253080604 74.9896698575 1.0  
46.8264198929 74.9952368387 1.0  
46.8265782846 74.9511331481 1.0  
46.8274962503 74.82788039 1.0  
46.8280628885 75.011225157 1.0  
46.828090667 74.7719271066 1.0  
46.8283891311 74.9697094839 1.0  
46.8286341001 74.9469275877 1.0  
46.8287074635 74.9658624437 1.0  
46.8309376195 74.9726160472 1.0  
46.8315077658 75.005301372 1.0  
46.8317139279 74.9988183617 1.0  
46.8334776991 75.0084074653 1.0  
46.8336898603 74.9774738399 1.0  
46.8339368127 74.9643313022 1.0  
46.8340921934 75.0269589945 1.0  
46.8342053805 74.9541949863 1.0  
46.8354640504 74.9882705869 1.0  
46.8355758853 75.0177854489 1.0  
46.8358860085 74.8275312014 1.0  
46.8359202841 74.9958643456 1.0  
46.8378182571 74.9993165222 1.0  
46.8382473729 74.9593657774 1.0  
46.8383875763 75.0093634511 1.0  
46.8386686368 74.9881031572 1.0  
46.8394406224 74.9946568728 1.0  
46.8401698331 74.9826555738 1.0  
46.840775714 74.9655893512 1.0  
46.8408177565 74.8294962447 1.0  
46.8412690408 74.508067209 1.0  
46.8426477013 74.9855293451 1.0  
46.8433380932 74.8583181833 1.0  
46.843838569 74.8657461112 1.0  
46.84426375 75.007869395 1.0  
46.8460458652 74.8616837474 1.0  
46.8464778077 74.856955054 1.0  
46.8472528665 74.9692874389 1.0  
46.8483050375 75.0042934546 1.0  
46.8484985618 74.9963374225 1.0  
46.8488969122 74.8636613651 1.0  
46.8495573234 74.9900655494 1.0  
46.8495607558 74.9583777583 1.0  
46.8499801642 74.9753116632 1.0  
46.8514349208 74.9170159192 1.0  
46.8515371618 74.9871634614 1.0  
46.8537239631 75.0078915414 1.0  
46.854574486 74.9620049842 1.0  
46.85646317 74.9910724764 1.0  
46.8576507333 74.9611918501 1.0  
46.8584361328 74.9699275182 1.0  
46.8599076413 74.9820471286 1.0  
46.8632300518 74.906202314 1.0  
46.8645916097 74.9775292846 1.0  
46.8653039503 74.9449530212 1.0  
46.8653795517 74.9166634253 1.0  
46.8679503387 74.7964527027 1.0  
46.8694319009 74.9717417179 1.0  
46.8714212132 74.9765575439 1.0  
46.8768065701 74.9758316954 1.0  
46.8832119471 74.9483561255 1.0  
46.887963565 74.8787519322 1.0  
46.8909055465 75.3892602749 1.0  
46.9093333789 74.984555875 1.0  
46.9587971781 74.9964527984 1.0  
47.066430091 75.5400223908 1.0  
47.4634107643 75.626544243 1.0  
47.477247861 75.6020105799 1.0  
47.7514183304 74.4882200048 1.0  
47.7747124227 67.6961932517 1.0  
47.7801964732 67.7441938651 1.0  
47.7815431881 67.7203055378 1.0  
47.7820138738 67.7093070864 1.0  
47.7825414887 67.7405996463 1.0  
47.7843161036 67.7326132905 1.0  
47.7846055819 67.7053445783 1.0  
47.785278474 67.7374762279 1.0  
47.7856179154 67.6649067047 1.0  
47.7864400098 67.7164604129 1.0  
47.7881797685 67.7232000794 1.0  
47.7884380175 67.6855025637 1.0  
47.7899210051 67.7051457906 1.0  
47.7904502035 67.7372975475 1.0  
47.7905503694 67.7106979411 1.0  
47.7907195767 67.6930423422 1.0  
47.7923581768 67.7154467536 1.0  
47.793397158 67.6974617139 1.0  
47.793695712 67.6763701447 1.0  
47.7966688144 67.6947759862 1.0  
47.7980418082 67.7000030423 1.0  
51.0596967035 70.9770791037 1.0  
51.0598507478 70.9775423496 1.0  
51.062738956 70.9689451244 1.0  
51.0637143141 70.9537006783 1.0  
51.0649497927 70.9631585225 1.0  
51.0686249386 70.9772169436 1.0  
51.069118466 70.9825907998 1.0  
51.0692662477 70.9738612873 1.0  
51.069651648 70.9797872662 1.0  
51.0696698637 70.9797737693 1.0  
51.0697790327 70.9855310101 1.0  
51.0701246582 70.9853031379 1.0  
51.0702817921 70.9808133795 1.0  
51.0708409307 70.9849626519 1.0  
51.0713390415 70.9836992291 1.0  
51.071357984 70.9836429397 1.0  
51.0716023279 70.9835534646 1.0  
51.0717640938 70.9835603825 1.0  
51.0718001134 70.9809067696 1.0  
51.0723938838 70.9771777524 1.0  
51.0733166512 70.9773883949 1.0  
51.0733385846 70.9808725485 1.0  
51.0733790776 70.9774196074 1.0  
51.0736926015 70.97696188 1.0  
51.0737699609 70.9808909724 1.0  
51.0743944242 70.9780053784 1.0  
51.1806901774 71.4215698122 1.0  
53.2527673438 69.3665031628 1.0  
53.2528339587 69.3561581513 1.0  
53.2528533479 69.3654553596 1.0  
53.2528587503 69.3642842438 1.0  
53.2528992805 69.3672203099 1.0  
53.2530612169 69.3680052758 1.0  
53.2533291126 69.3688550292 1.0  
53.2533763363 69.3670145518 1.0  
53.2534198032 69.3674945662 1.0  
53.2534986301 69.3580681801 1.0  
53.2535511897 69.3699170633 1.0  
53.2536780004 69.371199041 1.0  
53.2537138539 69.3687103484 1.0  
53.2538276674 69.3694407292 1.0  
53.2539712536 69.3706910806 1.0  
53.2540203602 69.3660513391 1.0  
53.2540885009 69.3652412691 1.0  
53.2544433192 69.3688065454 1.0  
53.254606421 69.3839691901 1.0  
53.2546415515 69.3710078947 1.0  
53.2547219948 69.3849916805 1.0  
53.254729602 69.3567114776 1.0  
53.255192326 69.3550724381 1.0  
53.2552786605 69.3702165247 1.0  
53.2552957023 69.3811573358 1.0  
53.2554940708 69.375372455 1.0  
53.2555489795 69.3761110612 1.0  
53.2555917795 69.3645969292 1.0  
53.2556131943 69.3804388691 1.0  
53.2559648085 69.3796742648 1.0  
53.2560025054 69.3554709964 1.0  
53.2560575644 69.3570717816 1.0  
53.2561538345 69.3568064369 1.0  
53.2565270397 69.3723533123 1.0  
53.2568138464 69.3628767527 1.0  
53.2568623426 69.3695281333 1.0  
53.2569556116 69.3618995784 1.0  
53.2570168252 69.4080948062 1.0  
53.2570504553 69.4047731194 1.0  
53.2573379604 69.3626818774 1.0  
53.2573566279 69.3871249033 1.0  
53.257359183 69.3760391861 1.0  
53.2575591243 69.3689457523 1.0  
53.2576030523 69.3864288008 1.0  
53.2578299075 69.3686416524 1.0  
53.2578816216 69.4005510811 1.0  
53.257900141 69.3738143733 1.0  
53.2579214229 69.3698410086 1.0  
53.2580451301 69.3640314435 1.0  
53.2580470978 69.3711869333 1.0  
53.2580600012 69.3667165954 1.0  
53.2581063022 69.4145501687 1.0  
53.2582618004 69.3645357592 1.0  
53.2583363142 69.3591209686 1.0  
53.2588189942 69.3683513784 1.0  
53.2588532424 69.3661687775 1.0  
53.2589731688 69.3701669531 1.0  
53.2589906406 69.3654492022 1.0  
53.2590222443 69.3682910089 1.0  
53.2590239188 69.3619385158 1.0  
53.2592393353 69.3611415661 1.0  
53.2593110908 69.3710976821 1.0  
53.2594393904 69.3959145372 1.0  
53.2595925152 69.3606605934 1.0  
53.259627789 69.3610319502 1.0  
53.2597616182 69.3624243985 1.0  
53.2599636565 69.4028219596 1.0  
53.2599755647 69.3809573445 1.0  
53.2600161433 69.3680308234 1.0  
53.2600513806 69.359426211 1.0  
53.2600765858 69.3733605458 1.0  
53.2601338739 69.3620389533 1.0  
53.2601912831 69.3887101226 1.0  
53.0926809301 63.5371581953 1.0  
53.1131884304 63.5637064746 1.0  
53.1169880024 63.5664870695 1.0  
53.1178636158 63.5677227792 1.0  
53.1188860522 63.569597376 1.0  
53.1197316369 63.5849506049 1.0  
53.1201072356 63.5700126765 1.0  
53.120502239 63.5838519146 1.0  
53.1211258871 63.5872830469 1.0  
53.1213521988 63.5757378786 1.0  
53.1216711355 63.579345375 1.0  
53.1219680201 63.5832852475 1.0  
53.1222428023 63.5863502066 1.0  
53.1225716115 63.5779749424 1.0  
53.1234503004 63.5881580925 1.0  
53.1235403445 63.5828070881 1.0  
53.1236589552 63.5870096311 1.0  
53.1241387965 63.5802080691 1.0  
53.1242450258 63.5905866374 1.0  
53.1251352911 63.5915066634 1.0  
53.1254215128 63.586561188 1.0  
53.125743856 63.5818090836 1.0  
53.1262006152 63.5943953858 1.0  
53.1263766669 63.587789397 1.0  
53.1267286711 63.5910529989 1.0  
53.1268189188 63.5785617739 1.0  
53.1272823136 63.589096822 1.0  
53.1277448519 63.582739342 1.0  
53.1280834189 63.596085606 1.0  
53.1286236897 63.5794887166 1.0  
53.1296486355 63.5816671701 1.0  
53.1299188761 63.5933647844 1.0  
53.1299529227 63.5969459426 1.0  
53.1302676169 63.5842457055 1.0  
53.1305811903 63.5537681697 1.0  
53.1315588648 63.5840845917 1.0  
53.1316614629 63.5860083404 1.0  
53.1319562665 63.5930153378 1.0  
53.1323601262 63.5882909069 1.0  
53.1331181218 63.5992364587 1.0  
53.1351361627 63.5813760267 1.0  
53.1360122544 63.5798100039 1.0  
53.136962607 63.5730296918 1.0  
53.1386524536 63.5877687485 1.0  
53.1420788538 63.5934913198 1.0  
53.1483635528 63.5917092043 1.0  
53.1488196439 63.5950052555 1.0  
53.149743076 63.5925534187 1.0  
53.1512057762 63.5875182016 1.0  
53.1512669886 63.5896514748 1.0  
53.1512751915 63.596552511 1.0  
53.1516943003 63.5994342647 1.0  
53.1518664618 63.5907586985 1.0  
53.1518728847 63.6010235625 1.0  
53.1526535454 63.5972760303 1.0  
53.1528967506 63.6122340901 1.0  
53.1529410758 63.6078565791 1.0  
53.1530744957 63.6017639331 1.0  
53.1533470023 63.5780474091 1.0  
53.1536079649 63.6152346384 1.0  
53.1540544583 63.6130553188 1.0  
53.1548858017 63.6159112606 1.0  
53.1552756614 63.6095355527 1.0  
53.1553895899 63.6060815087 1.0  
53.1555117696 63.5933436153 1.0  
53.1557349237 63.6172167578 1.0  
53.156698253 63.603411591 1.0  
53.1567253379 63.6047755829 1.0  
53.1568759883 63.5847515058 1.0  
53.1578307667 63.613347342 1.0  
53.1581311232 63.5941615685 1.0  
53.1584814781 63.6171233419 1.0  
53.1591200746 63.6081581927 1.0  
53.1595097745 63.5869245061 1.0  
53.1596278061 63.6179627349 1.0  
53.1599762945 63.5919525118 1.0  
53.1604615942 63.6004421443 1.0  
53.1608870544 63.6084693952 1.0  
53.1616438033 63.6026894279 1.0  
53.1624655819 63.5873048483 1.0  
53.1624937625 63.5853752068 1.0  
53.162926629 63.589738509 1.0  
53.1630528807 63.6188658795 1.0  
53.1632799519 63.5838802864 1.0  
53.1632818085 63.6038761087 1.0  
53.1638972264 63.5980348243 1.0  
53.1639363121 63.5934479466 1.0  
53.1648444885 63.5915334408 1.0  
53.1654818322 63.600199591 1.0  
53.1664711449 63.6094956964 1.0  
53.1666241826 63.5879241435 1.0  
53.1671899706 63.6048932664 1.0  
53.167337366 63.5986426194 1.0  
53.1679608741 63.6128724058 1.0  
53.1680713829 63.5974392329 1.0  
53.1681477659 63.6097495001 1.0  
53.1684255595 63.59491882 1.0  
53.1686644647 63.5895524032 1.0  
53.1690180714 63.6158898896 1.0  
53.169208202 63.6116979615 1.0  
44.1976144542 66.5841159915 1.0  
44.2733160496 65.6624209766 1.0  
44.5851297239 65.5648573806 1.0  
44.6432864498 65.4467767709 1.0  
44.6970423438 65.3926860252 1.0  
44.7120300486 65.5793800588 1.0  
44.7147511249 65.5839666362 1.0  
44.7193540806 65.44211837 1.0  
44.7258112967 65.6555447694 1.0  
44.7316492541 65.5034849263 1.0  
44.7358090591 65.5392287474 1.0  
44.7361700205 65.5416321197 1.0  
44.7382667643 65.5433888997 1.0  
44.7382960567 65.5404948138 1.0  
44.7405899075 65.4880032061 1.0  
44.7411726891 65.5415482635 1.0  
44.7427344287 65.5024244269 1.0  
44.744149615 65.4860821562 1.0  
44.7441528559 65.522612474 1.0  
44.7462333903 65.5954628602 1.0  
44.7465740048 65.5317643719 1.0  
44.7467006118 65.492041367 1.0  
44.7467238322 65.5177716237 1.0  
44.7470414192 65.5385577812 1.0  
44.7473010561 65.5098543925 1.0  
44.7480294028 65.5227966403 1.0  
44.7486766574 65.5435004618 1.0  
44.7487993846 65.5105726006 1.0  
44.7492089992 65.5554444819 1.0  
44.7494527356 65.5346617665 1.0  
44.7497051508 65.5465467565 1.0  
44.7512370506 65.5137482563 1.0  
44.7529858203 65.5170666721 1.0  
44.7535832213 65.5186478512 1.0  
44.7536779453 65.5247063138 1.0  
44.7541192368 65.5341804183 1.0  
44.7551177054 65.5356367422 1.0  
44.7554117098 65.4834658493 1.0  
44.755717347 65.3863921675 1.0  
44.7565169819 65.5127228893 1.0  
44.7573963552 65.4397816893 1.0  
44.7577121555 65.4786640047 1.0  
44.7583355871 65.5198024996 1.0  
44.7583799176 65.5410892858 1.0  
44.758977189 65.5635309566 1.0  
44.7590500631 65.4931632354 1.0  
44.7598674268 65.5245749109 1.0  
44.7600859203 65.5219968791 1.0  
44.760268467 65.5347979071 1.0  
44.7607001834 65.5511220163 1.0  
44.7608490988 65.5551564204 1.0  
44.7609508939 65.5131760585 1.0  
44.7612114264 65.5424363771 1.0  
44.7613639719 65.4914184002 1.0  
44.7614845069 65.5363045514 1.0  
44.7617861753 65.5602559266 1.0  
44.7622183729 65.5240294578 1.0  
44.7622831297 65.599952566 1.0  
44.762681985 65.545810722 1.0  
44.762817364 65.5383981481 1.0  
44.7630812343 65.5441316235 1.0  
44.763650954 65.5872743011 1.0  
44.7639325349 65.5374722303 1.0  
44.7641188299 65.5617852852 1.0  
44.7642756141 65.5416594929 1.0  
44.7646009373 65.5280689416 1.0  
44.7649622749 65.5186586285 1.0  
44.7651879101 65.5456233006 1.0  
44.7652785948 65.5551708569 1.0  
44.7653900434 65.440351541 1.0  
44.7654340542 65.498778741 1.0  
44.7655180983 65.5345468787 1.0  
44.7661032518 65.5505853254 1.0  
44.7664253105 65.5570739081 1.0  
44.7665461048 65.5622729532 1.0  
44.7666371339 65.5453220042 1.0  
44.7669371777 65.5019986067 1.0  
44.7673392517 65.5832785175 1.0  
44.7674101679 65.5659881496 1.0  
44.7674532882 65.552362473 1.0  
44.7675471617 65.4925474116 1.0  
44.7677681112 65.5508652239 1.0  
44.7677997838 65.5554883881 1.0  
44.7683990168 65.5021124582 1.0  
44.7692126353 65.512514137 1.0  
44.7695366461 65.5471329878 1.0  
44.7700413963 65.5458103122 1.0  
44.7702275282 65.5612332731 1.0  
44.7708191539 65.5377679843 1.0  
44.7711673792 65.551939054 1.0  
44.7713620196 65.549147202 1.0  
44.7713678771 65.4838992897 1.0  
44.7715746606 65.5312270778 1.0  
44.7716159041 65.5399950903 1.0  
44.7718803721 65.490894682 1.0  
44.7721663662 65.4405666638 1.0  
44.7721780002 65.5099848462 1.0  
44.772240447 65.5723103292 1.0  
44.7722820854 65.5650158904 1.0  
44.7723533085 65.5634951335 1.0  
51.1806901774 71.4215698122 1.0  
51.7002340959 75.3402092852 1.0  
51.7011634287 75.3298626367 1.0  
51.7013625226 75.3031545577 1.0  
51.7016068711 75.3081445859 1.0  
51.7019802258 75.3485260589 1.0  
51.702445762 75.3464177399 1.0  
51.7025663829 75.341203213 1.0  
51.7029751423 75.2925979136 1.0  
51.7030870139 75.3387402355 1.0  
51.7031957194 75.3189163303 1.0  
51.7034427038 75.3108355232 1.0  
51.7035737284 75.3080714183 1.0  
51.7035741691 75.344040174 1.0  
51.7040087221 75.3408404852 1.0  
51.7045921268 75.3395456129 1.0  
51.7050410529 75.3134210384 1.0  
51.705512238 75.3180374968 1.0  
51.7056867329 75.3054535098 1.0  
51.7057497166 75.321476444 1.0  
51.7058536645 75.3465052297 1.0  
51.7065239034 75.3104688832 1.0  
51.7067217358 75.3164820263 1.0  
51.706951601 75.3450217812 1.0  
51.7070463082 75.3209767303 1.0  
51.7080130209 75.3234164351 1.0  
51.7080864052 75.3436883754 1.0  
51.7082823916 75.3448898717 1.0  
51.7087953877 75.3104238934 1.0  
51.708859853 75.3481885852 1.0  
51.7089457105 75.3146479989 1.0  
51.7089945332 75.3352356792 1.0  
51.7091130008 75.3238892913 1.0  
51.7093360353 75.3204275489 1.0  
51.7094979877 75.3114206603 1.0  
51.7096871933 75.3362459495 1.0  
51.7099300803 75.3473824084 1.0  
51.7100983709 75.3384632403 1.0  
51.7104887925 75.3262560323 1.0  
51.710578454 75.3460530995 1.0  
51.7113955064 75.2937420221 1.0  
51.711532941 75.3309245459 1.0  
51.7115937655 75.3392818846 1.0  
51.7116678264 75.3465540458 1.0  
51.7116748127 75.2918966963 1.0  
51.7118288859 75.3266176822 1.0  
51.712143089 75.3337930465 1.0  
51.7125283197 75.3356589206 1.0  
51.7132281046 75.3252192589 1.0  
51.7134186131 75.3128527617 1.0  
51.7136998506 75.3231545578 1.0  
51.7139635937 75.2958827929 1.0  
51.7140539815 75.3094192701 1.0  
51.7142651875 75.2884309016 1.0  
51.7143253757 75.3383897523 1.0  
51.7146606238 75.3268694484 1.0  
51.7147789346 75.2900969107 1.0  
51.7150119076 75.2867664607 1.0  
51.715195612 75.293735298 1.0  
51.7153186092 75.3345138657 1.0  
51.7153738649 75.2917597753 1.0  
51.7170311958 75.3319853437 1.0  
51.7174753393 75.3382520716 1.0  
51.7178758899 75.2877595397 1.0  
51.7178911093 75.2940095231 1.0  
51.718109887 75.2854147393 1.0  
51.7182814044 75.3438159708 1.0  
51.7183194292 75.292909518 1.0  
51.7183317376 75.2866488148 1.0  
51.7186102256 75.3269299886 1.0  
51.7187662517 75.3297062319 1.0  
51.7195281471 75.3374239782 1.0  
51.7199774836 75.3361098184 1.0  
51.7201098588 75.2961164335 1.0  
51.7208946451 75.2907314367 1.0  
51.7209064063 75.3050708299 1.0  
51.7209647316 75.3286806914 1.0  
51.7217457373 75.2898062068 1.0  
51.7217696272 75.3242847406 1.0  
51.721820713 75.3002983447 1.0  
51.721930463 75.3349631288 1.0  
51.721986248 75.2883464696 1.0  
51.7224960545 75.3326648279 1.0  
51.7225077442 75.3272877267 1.0  
51.7228007552 75.291620436 1.0  
51.7229533209 75.2943093024 1.0  
51.7230281916 75.3214889467 1.0  
51.723145733 75.3358005829 1.0  
51.7232746067 75.3047346643 1.0  
51.7235861779 75.3017915636 1.0  
51.7240933341 75.3127650922 1.0  
51.7242951742 75.316200448 1.0  
51.7245353685 75.3372425081 1.0  
51.7246430045 75.3219325555 1.0  
51.7248279156 75.2874084429 1.0  
51.7249075968 75.2971480197 1.0  
51.7250326725 75.3345430519 1.0  
51.7250531281 75.2830467708 1.0  
51.7251149696 75.3150247693 1.0  
51.7251321121 75.3250457934 1.0  
46.0314060884 73.6902887781 1.0  
54.8327310991 69.1027487475 1.0  
54.8360495394 69.0749660243 1.0  
54.8376671192 69.1479576385 1.0  
54.8379805769 69.1499081867 1.0  
54.8379863119 69.1517661796 1.0  
54.8387912109 69.151328014 1.0  
54.8388126875 69.1447316389 1.0  
54.8388475981 69.1493352187 1.0  
54.8395937658 69.1548814967 1.0  
54.8401536881 69.1610337606 1.0  
54.8412179249 69.1563192005 1.0  
54.8413460906 69.1496485515 1.0  
54.841690951 69.1643489922 1.0  
54.8419696027 69.1536289258 1.0  
54.8424053425 69.1677552924 1.0  
54.8424600063 69.1619763377 1.0  
54.8425889984 69.1830062453 1.0  
54.8426652626 69.1845591869 1.0  
54.8426715175 69.1924388736 1.0  
54.8428154986 69.1964704231 1.0  
54.8428951029 69.156228592 1.0  
54.8430659055 69.1805438052 1.0  
54.8432265103 69.2040568621 1.0  
54.8433074444 69.190055782 1.0  
54.843402502 69.1791056012 1.0  
54.8434634938 69.1589758445 1.0  
54.8435098484 69.1929823899 1.0  
54.8435129206 69.1960341403 1.0  
54.8436583028 69.1651707053 1.0  
54.8436947659 69.1917407338 1.0  
54.8437770793 69.1563117726 1.0  
54.8438069339 69.1946688547 1.0  
54.8438636518 69.2243032325 1.0  
54.843881118 69.1623614252 1.0  
54.8439162447 69.2006391876 1.0  
54.8439196447 69.1797792361 1.0  
54.8443136692 69.1975329844 1.0  
54.8444099048 69.1600477951 1.0  
54.8445693955 69.1986635474 1.0  
54.8445835621 69.1753701697 1.0  
54.8445858562 69.1617348796 1.0  
54.8445916927 69.2031178435 1.0  
54.8447077355 69.1549642349 1.0  
54.8448119987 69.1814298302 1.0  
54.8449004704 69.1916315768 1.0  
54.8449733263 69.1690522098 1.0  
54.8450068693 69.1541797476 1.0  
54.8451098369 69.1643860694 1.0  
54.8451522391 69.1727956108 1.0  
54.8453039533 69.1631940902 1.0  
54.8453210643 69.1608471196 1.0  
54.8454213433 69.18627929 1.0  
54.8454226487 69.2036426724 1.0  
54.8456099228 69.168283576 1.0  
54.8456296633 69.1516494895 1.0  
54.8457364223 69.1978379457 1.0  
54.8458019228 69.1735487522 1.0  
54.8458445688 69.2029052927 1.0  
54.8460272534 69.1829659673 1.0  
54.8461919285 69.1843008589 1.0  
54.8461954688 69.1765238706 1.0  
54.8462040312 69.1559888559 1.0  
54.8462855493 69.1638888878 1.0  
54.8465278895 69.1590190381 1.0  
54.8466445594 69.2015036537 1.0  
54.846656994 69.154739146 1.0  
54.8468673734 69.1720983717 1.0  
54.847066751 69.1737258819 1.0  
54.8471137993 69.1792086202 1.0  
54.8471958154 69.1509989367 1.0  
54.8472631954 69.1602481283 1.0  
54.8472705387 69.1695471883 1.0  
54.8474083654 69.1975334266 1.0  
54.847533704 69.1949923675 1.0  
54.8475384671 69.1612661124 1.0  
54.8476150475 69.1659069065 1.0  
54.8476268697 69.1498721462 1.0  
54.8476598956 69.1995356321 1.0  
54.8478258786 69.1882072825 1.0  
54.8478770303 69.1757757787 1.0  
54.847899905 69.1896935786 1.0  
54.8479104392 69.1740919461 1.0  
54.8479595726 69.1907362354 1.0  
54.847982795 69.1011678164 1.0  
54.8482036943 69.1558684585 1.0  
54.8482136603 69.1674048532 1.0  
54.8482245982 69.1970106457 1.0  
54.8482343031 69.1980795 1.0  
54.8483149203 69.205305557 1.0  
54.8484077477 69.1710340204 1.0  
54.8491411583 69.1897562621 1.0  
54.8491440724 69.166104514 1.0  
54.8491717985 69.1583667275 1.0  
54.8494071789 69.1887712655 1.0  
54.8494417634 69.1508291524 1.0  
54.8495263237 69.1736234924 1.0  
54.8496751094 69.1868195811 1.0  
54.8497070692 69.1219952836 1.0  
54.8497190146 69.1953825984 1.0  
41.6067568729 68.7696985832 1.0  
41.6090458964 68.7748391001 1.0  
42.1241449981 69.5300848824 1.0  
42.1818545873 69.8877023912 1.0  
42.2702945306 69.6323667878 1.0  
42.2706850016 69.6159200025 1.0  
42.2708733602 69.635185856 1.0  
42.2714588594 69.6367924102 1.0  
42.2719307764 69.6180268876 1.0  
42.272156671 69.6219433358 1.0  
42.2726500003 69.6115866607 1.0  
42.272689975 69.5540530685 1.0  
42.2734527019 69.6156777425 1.0  
42.276042023 69.6104739969 1.0  
42.2771704692 69.6556716704 1.0  
42.2785101575 69.6086267837 1.0  
42.2798150104 69.6321951618 1.0  
42.280279554 69.5375769108 1.0  
42.2804304163 69.6049253239 1.0  
42.2806891742 69.5999607455 1.0  
42.2808940335 69.6125043046 1.0  
42.2812120976 69.6033894349 1.0  
42.2818131604 69.596190452 1.0  
42.2818768704 69.6594802459 1.0  
42.281939579 69.6080081223 1.0  
42.2825708677 69.6562491863 1.0  
42.282881692 69.6198062148 1.0  
42.2831759119 69.6543876656 1.0  
42.2834902285 69.649794167 1.0  
42.2835280795 69.6015310656 1.0  
42.2835289062 69.652499251 1.0  
42.2842144851 69.5491448456 1.0  
42.2843050071 69.5968249987 1.0  
42.2845787077 69.5830701598 1.0  
42.284605874 69.5686272032 1.0  
42.2850272096 69.5505709908 1.0  
42.2852449694 69.5952845731 1.0  
42.2853407445 69.5565169348 1.0  
42.2854375805 69.5419386962 1.0  
42.2860654914 69.5828556848 1.0  
42.2863876926 69.6518252599 1.0  
42.286394058 69.5396423439 1.0  
42.2864328251 69.5972321848 1.0  
42.2866061994 69.5845587635 1.0  
42.2874383893 69.608109626 1.0  
42.2874832754 69.6064361995 1.0  
42.2875349954 69.5569950126 1.0  
42.2875486401 69.6345856493 1.0  
42.2881300042 69.6003499981 1.0  
42.2881705652 69.6423098297 1.0  
42.2882375026 69.5847208697 1.0  
42.2882476727 69.6318450232 1.0  
42.2882612514 69.544740571 1.0  
42.2883938455 69.5979592091 1.0  
42.2885018986 69.5812292794 1.0  
42.288754001 69.6045682923 1.0  
42.2891434601 69.6023090134 1.0  
42.2892978459 69.5464476702 1.0  
42.2895498084 69.5483784889 1.0  
42.2895611827 69.5535095007 1.0  
42.2896115721 69.542969121 1.0  
42.2900030486 69.627869155 1.0  
42.2902818369 69.560890823 1.0  
42.2905054122 69.550060718 1.0  
42.2905648916 69.5958398794 1.0  
42.2906420762 69.6367793973 1.0  
42.2906916038 69.5991768307 1.0  
42.2908254377 69.5854711401 1.0  
42.2909445356 69.5900422929 1.0  
42.2909646641 69.6338229097 1.0  
42.291062649 69.6241683406 1.0  
42.2912395781 69.5453120909 1.0  
42.2913942895 69.5599302798 1.0  
42.2915396094 69.5559771229 1.0  
42.2915785944 69.6137748903 1.0  
42.2919595307 69.5491999906 1.0  
42.2921305171 69.5771596689 1.0  
42.2922775197 69.5752111363 1.0  
42.2926127767 69.5899395492 1.0  
42.2926426279 69.5963568099 1.0  
42.2934923225 69.5817232343 1.0  
42.2935217892 69.5507406119 1.0  
42.2938569556 69.547918497 1.0  
42.2941450029 69.6276250039 1.0  
42.2942988672 69.6202942065 1.0  
42.294405266 69.5721119573 1.0  
42.2945789979 69.5457048228 1.0  
42.2946739532 69.6074271231 1.0  
42.2950699981 69.6264850032 1.0  
42.2951753675 69.5886792709 1.0  
42.2958283495 69.586354519 1.0  
42.2960129891 69.5693727605 1.0  
42.2962164755 69.603547869 1.0  
42.2963791338 69.5627039409 1.0  
42.296956282 69.5643831896 1.0  
42.2975384971 69.5830221339 1.0  
42.2976892145 69.6192553863 1.0  
42.2978305876 69.6133533173 1.0  
42.2980876171 69.546499398 1.0  
42.2981742861 69.6045977392 1.0  
44.6740978066 78.9054939226 1.0  
44.6750486718 78.9105650703 1.0  
44.8084402332 78.8686638773 1.0  
44.8088328259 78.866847277 1.0  
44.8120329834 78.8607084057 1.0  
44.8143044775 78.8529294251 1.0  
44.8162768502 78.8478555634 1.0  
44.8308507629 78.8313099152 1.0  
44.8338969969 78.8304413408 1.0  
44.8346849239 78.8303868589 1.0  
44.8480981661 78.3446185864 1.0  
44.8482966302 78.8220950185 1.0  
44.8504238941 78.817916978 1.0  
44.8513852524 78.82135966 1.0  
44.8524900403 78.83298994 1.0  
44.8529231003 78.8227246789 1.0  
44.853398091 78.7789159987 1.0  
44.853911914 78.8217047876 1.0  
44.8542849428 78.8160609777 1.0  
44.854343041 78.7714206276 1.0  
44.8543820751 78.819089771 1.0  
44.8545204174 78.8179111906 1.0  
44.8552516337 78.7780937297 1.0  
44.8556085254 78.793215682 1.0  
44.8556640735 78.8172847922 1.0  
44.8556690138 78.7437399921 1.0  
44.8557689236 78.7742966497 1.0  
44.8557896516 78.8158382083 1.0  
44.855996306 78.7883207665 1.0  
44.8561247831 78.7450326167 1.0  
44.8571006182 78.8135951034 1.0  
44.8571377625 78.7994640305 1.0  
44.8571565402 78.7989356688 1.0  
44.8574001124 78.8115960971 1.0  
44.8574364822 78.8104505761 1.0  
44.8576916506 78.8142533883 1.0  
44.8578617866 78.7627821473 1.0  
44.8580327547 78.8088694734 1.0  
44.8582063479 78.7635876979 1.0  
44.8584957413 78.8092399686 1.0  
44.8587101281 78.8012648654 1.0  
44.8589670042 78.7685398362 1.0  
44.8600780363 78.7633881815 1.0  
44.8600881389 78.7548209332 1.0  
44.8601003386 78.7506081419 1.0  
44.8602081768 78.7653216441 1.0  
44.8604105454 78.7291308814 1.0  
44.860500076 78.7637133566 1.0  
44.8605751024 78.7720167478 1.0  
44.8608257591 78.7684901672 1.0  
44.8609172416 78.7643035119 1.0  
44.8610012897 78.7629128777 1.0  
44.8610596226 78.7392659886 1.0  
44.8610639678 78.7666701923 1.0  
44.861163997 78.7559157255 1.0  
44.8613534818 78.7685296519 1.0  
44.8614839308 78.7697290837 1.0  
44.8615225432 78.7573945222 1.0  
44.8616260427 78.7631840496 1.0  
44.8617309109 78.7669739252 1.0  
44.8618838948 78.7949735245 1.0  
44.8620310746 78.8003402858 1.0  
44.8622339736 78.7394279431 1.0  
44.8622340563 78.7791733081 1.0  
44.8624129349 78.7671030325 1.0  
44.8624282744 78.7493973915 1.0  
44.8624300912 78.7259554693 1.0  
44.8624431615 78.7663360674 1.0  
44.8625045712 78.7718780189 1.0  
44.8626534078 78.8020924369 1.0  
44.8626904702 78.7624290387 1.0  
44.8628502006 78.7555704046 1.0  
44.8628791818 78.8004223096 1.0  
44.8630431289 78.7740838984 1.0  
44.8632394778 78.7709782687 1.0  
44.8636179147 78.748650792 1.0  
44.863628886 78.7981077574 1.0  
44.8636661867 78.769165105 1.0  
44.8637605375 78.7295360615 1.0  
44.8637881683 78.7263888952 1.0  
44.8639364585 78.746312692 1.0  
44.8640415396 78.7703431303 1.0  
44.8642004312 78.7633956022 1.0  
44.8642031807 78.7234468103 1.0  
44.8642159497 78.7240312575 1.0  
44.86423209 78.7658440401 1.0  
44.8643014568 78.7732736029 1.0  
44.8643129407 78.7596932883 1.0  
44.8643290902 78.7621137654 1.0  
44.8643315988 78.7444433096 1.0  
44.8645445994 78.768479685 1.0  
44.864648473 78.7322946955 1.0  
44.8646759759 78.7673755323 1.0  
44.8646818668 78.7756424154 1.0  
44.8646840041 78.7639465013 1.0  
44.8647361685 78.7395375121 1.0  
44.8647815028 78.760001087 1.0  
44.8648570762 78.777052121 1.0  
44.8649165869 78.7843788296 1.0  
44.8649510383 78.7764858974 1.0  
42.8397045894 71.3892916125 1.0  
42.8420649783 71.3950229378 1.0  
42.8429892132 71.3904752312 1.0  
42.8435276306 71.3861682528 1.0  
42.8435735627 71.3948048999 1.0  
42.845278564 71.3946454212 1.0  
42.8470442238 71.3958818874 1.0  
42.8480022352 71.394722206 1.0  
42.8487382629 71.3615770448 1.0  
42.8492284932 71.3634907098 1.0  
42.8493280272 71.3606310163 1.0  
42.8495678034 71.3625126799 1.0  
42.849812488 71.3883806056 1.0  
42.8501478927 71.367052974 1.0  
42.8501812192 71.3926638858 1.0  
42.8502134138 71.3969212376 1.0  
42.8504117435 71.3864107137 1.0  
42.8504572061 71.3660884861 1.0  
42.8510677538 71.3706991932 1.0  
42.8512919223 71.3885050825 1.0  
42.851515548 71.387748452 1.0  
42.8515796094 71.3629150518 1.0  
42.8515942788 71.3911203912 1.0  
42.851693785 71.3953217322 1.0  
42.852057268 71.3665996708 1.0  
42.8526069879 71.3974863155 1.0  
42.852937377 71.3880772808 1.0  
42.8530346247 71.3821093932 1.0  
42.8530580477 71.3657464326 1.0  
42.8534609343 71.3995334183 1.0  
42.8538105824 71.3814056 1.0  
42.8538815852 71.3949386462 1.0  
42.8539253888 71.3802929638 1.0  
42.8540776637 71.3652304934 1.0  
42.8540846539 71.3960698755 1.0  
42.8542002584 71.4004178412 1.0  
42.8542053474 71.4049278995 1.0  
42.8544251942 71.3900141867 1.0  
42.8546111376 71.3986819282 1.0  
42.8547822261 71.3871386953 1.0  
42.8548858594 71.3830347148 1.0  
42.8549807483 71.3862074423 1.0  
42.8550731435 71.3920167607 1.0  
42.8556063969 71.3907976405 1.0  
42.8557909249 71.3996724133 1.0  
42.8558325693 71.4008703408 1.0  
42.8558451999 71.4039026102 1.0  
42.855892558 71.378127938 1.0  
42.8559332698 71.381941406 1.0  
42.85597183 71.3936842656 1.0  
42.8560404671 71.3928329984 1.0  
42.8563944489 71.403042977 1.0  
42.8565369645 71.3949396245 1.0  
42.8566160395 71.4020854113 1.0  
42.8568817214 71.3956937077 1.0  
42.8569435058 71.3818896835 1.0  
42.8569795631 71.3984611742 1.0  
42.8571497471 71.3916934804 1.0  
42.857150023 71.3796007193 1.0  
42.8575254056 71.3855719555 1.0  
42.8575332323 71.3837506828 1.0  
42.8576894701 71.39942063 1.0  
42.8577127035 71.3752001134 1.0  
42.8582692764 71.391102743 1.0  
42.858600689 71.3963467924 1.0  
42.858631654 71.3989286077 1.0  
42.858731662 71.3795352021 1.0  
42.8591667251 71.3911871185 1.0  
42.8593937889 71.3798850334 1.0  
42.85941957 71.3751752411 1.0  
42.8595013417 71.3921741362 1.0  
42.8597011521 71.3718734494 1.0  
42.8598474564 71.3982729398 1.0  
42.8600255494 71.3943465031 1.0  
42.8602453337 71.3723829833 1.0  
42.8602617021 71.3817360192 1.0  
42.860376977 71.3504667254 1.0  
42.8604846145 71.3808406213 1.0  
42.8605102476 71.3823971248 1.0  
42.8605594515 71.392401426 1.0  
42.8606196378 71.384846658 1.0  
42.8606352877 71.4026322359 1.0  
42.8606406654 71.3889360937 1.0  
42.8609609868 71.3559762513 1.0  
42.8610346543 71.3832374002 1.0  
42.8610916156 71.3812768701 1.0  
42.8611529229 71.3747999184 1.0  
42.8612043352 71.3934484693 1.0  
42.8614899219 71.3788060505 1.0  
42.8616829612 71.3822785512 1.0  
42.8618675757 71.3958253772 1.0  
42.8619103472 71.3693989384 1.0  
42.8619380258 71.377074172 1.0  
42.8619810569 71.3759025176 1.0  
42.861982395 71.385186857 1.0  
42.8620267343 71.3934833084 1.0  
42.8620365222 71.3564663754 1.0  
42.8620592157 71.3722254658 1.0  
42.8621547174 71.3729553807 1.0  
42.8622006832 71.3912821792 1.0  
50.272386318 57.2360624963 1.0  
51.0432611759 51.2364538372 1.0  
51.0436425301 51.2420127332 1.0  
51.0448381763 51.2405622968 1.0  
51.0451655171 51.238462517 1.0  
51.0465996265 51.2384158444 1.0  
51.0470601138 51.2369054597 1.0  
51.047367618 51.2405080424 1.0  
51.048419785 51.2407757082 1.0  
51.0485222923 51.2420960684 1.0  
51.0488172614 51.2357890416 1.0  
51.0494919575 51.2430861081 1.0  
51.049706715 51.2352669141 1.0  
51.049926868 51.2363216885 1.0  
51.0736183283 51.2898103912 1.0  
51.0737087378 51.2846927648 1.0  
51.0739201677 51.2834195953 1.0  
51.0747896609 51.2911960406 1.0  
51.0754076909 51.2827634815 1.0  
51.0764355037 51.2762838576 1.0  
51.0772648738 51.2881145916 1.0  
51.077443507 51.2794929194 1.0  
51.0777251231 51.2917078826 1.0  
51.0782858656 51.2898350597 1.0  
51.0790171847 51.2882502734 1.0  
51.0801416446 51.2991946497 1.0  
51.0802337982 51.289764067 1.0  
51.08078516 51.2931126485 1.0  
51.0809162136 51.3016238685 1.0  
51.0809467025 51.2911539345 1.0  
51.0812162733 51.2970539617 1.0  
51.0820453422 51.2974659634 1.0  
51.0820627965 51.2941768818 1.0  
51.0821867018 51.2914833056 1.0  
51.083609572 51.2982159955 1.0  
51.0839422153 51.2940175131 1.0  
51.1587660045 51.3013687389 1.0  
51.1667368978 51.2925464448 1.0  
51.1674384675 51.2933683546 1.0  
51.1690942857 51.2976755006 1.0  
51.1744980819 51.2972741294 1.0  
51.1754419968 51.3398153964 1.0  
51.1754795314 51.3029340991 1.0  
51.1764894881 51.3051352133 1.0  
51.1765739273 51.2798415859 1.0  
51.1766078117 51.3407295146 1.0  
51.1767425071 51.377954691 1.0  
51.1769142869 51.3415409246 1.0  
51.1770774602 51.3798408484 1.0  
51.1776871488 51.3036525078 1.0  
51.1778595702 51.2778853513 1.0  
51.1781026664 51.3783299534 1.0  
51.1783133175 51.3396513516 1.0  
51.1783298188 51.2858314868 1.0  
51.178418237 51.2815132199 1.0  
51.1795245707 51.3055738613 1.0  
51.179696896 51.3093548403 1.0  
51.1797660104 51.3035682713 1.0  
51.1798607091 51.3780872525 1.0  
51.1800042804 51.3103909403 1.0  
51.1802030247 51.2753651789 1.0  
51.1804670509 51.3075309037 1.0  
51.1808106243 51.3111199575 1.0  
51.1810719761 51.3342475372 1.0  
51.1816356365 51.3104115884 1.0  
51.1828783194 51.3760861813 1.0  
51.1833749916 51.2988410958 1.0  
51.183383187 51.2648282282 1.0  
51.1842359689 51.3771624716 1.0  
51.1850522543 51.378364439 1.0  
51.1870218622 51.3756989477 1.0  
51.1870863833 51.2971552696 1.0  
51.1872541944 51.3727449404 1.0  
51.1872608387 51.3319881477 1.0  
51.1872696562 51.3267080529 1.0  
51.1876346975 51.3195612556 1.0  
51.1877384962 51.3252064499 1.0  
51.1880270198 51.3302292336 1.0  
51.1880513874 51.3228905195 1.0  
51.1882283708 51.3740187497 1.0  
51.1882893817 51.3728708327 1.0  
51.1882918552 51.3290439988 1.0  
51.1883349237 51.3239576741 1.0  
51.1885093866 51.3313712565 1.0  
51.1885132438 51.3165348627 1.0  
51.1885406828 51.3784571958 1.0  
51.1886682236 51.3770394273 1.0  
51.1887719124 51.3492138297 1.0  
51.1887763182 51.3278936076 1.0  
51.1888392512 51.324916231 1.0  
51.1890222569 51.3005622394 1.0  
51.1891688562 51.3045333125 1.0  
51.1891940836 51.3790743491 1.0  
51.1892274203 51.3172238605 1.0  
51.1894991463 51.3213512979 1.0  
51.1898202667 51.3765238412 1.0  
51.1898283924 51.2980705348 1.0  
51.1900663002 51.3730627202 1.0  
51.1900994232 51.3746666127 1.0  
51.1901169804 51.3822164142 1.0  
49.8877325471 82.6427218006 1.0  
49.8908323368 82.6689668903 1.0  
49.8918454363 82.6451897624 1.0  
49.8920081643 82.6970998858 1.0  
49.892198271 82.6753956751 1.0  
49.8926693854 82.651191556 1.0  
49.892965172 82.6911431135 1.0  
49.8931833885 82.6481536728 1.0  
49.8935751183 82.698726845 1.0  
49.8938341655 82.6883182264 1.0  
49.8940623382 82.6538024789 1.0  
49.8943127352 82.6906842812 1.0  
49.8944121168 82.6951379864 1.0  
49.8946792127 82.7047586371 1.0  
49.894804645 82.6517622974 1.0  
49.895371089 82.6961159621 1.0  
49.8956488837 82.6985860287 1.0  
49.8959110709 82.6971589316 1.0  
49.8959280279 82.7052656375 1.0  
49.8959450062 82.7095044829 1.0  
49.8960723022 82.6515005867 1.0  
49.8961109954 82.6901672179 1.0  
49.8962132871 82.6537715073 1.0  
49.8964060424 82.7002708241 1.0  
49.8966952124 82.6955286955 1.0  
49.8967231026 82.6872033031 1.0  
49.8970834367 82.6209677018 1.0  
49.8971560001 82.7050266615 1.0  
49.8973401581 82.6234482833 1.0  
49.8974852375 82.6574793886 1.0  
49.897647563 82.6189176141 1.0  
49.8978970679 82.6884592714 1.0  
49.8980901921 82.6635541761 1.0  
49.8984923873 82.6239256119 1.0  
49.898640981 82.7018027965 1.0  
49.898826414 82.6172598562 1.0  
49.8988653891 82.621937689 1.0  
49.8991108504 82.6878550669 1.0  
49.8991381759 82.6617892534 1.0  
49.8993870171 82.6913461856 1.0  
49.8996429678 82.6998558796 1.0  
49.8999389849 82.6950870565 1.0  
49.9000930482 82.682127529 1.0  
49.9006720651 82.6186516233 1.0  
49.9007279794 82.6925751575 1.0  
49.9009299808 82.6912782066 1.0  
49.9009486477 82.6891130817 1.0  
49.9010793294 82.6231876713 1.0  
49.9011329129 82.6069418773 1.0  
49.9012783941 82.6097851557 1.0  
49.9014102964 82.687230462 1.0  
49.9015943388 82.6850997646 1.0  
49.9017740038 82.6829225205 1.0  
49.9019739518 82.6920691913 1.0  
49.9024010152 82.6777637156 1.0  
49.9026338906 82.6193372237 1.0  
49.9029807612 82.6974688298 1.0  
49.9030259879 82.6802536329 1.0  
49.903103355 82.6090342058 1.0  
49.9031804241 82.613648421 1.0  
49.9033824947 82.6924050802 1.0  
49.9034128627 82.6147958515 1.0  
49.9036128765 82.6907916483 1.0  
49.9043103052 82.612908082 1.0  
49.9043902122 82.6306544428 1.0  
49.9049027375 82.6909678384 1.0  
49.9051792588 82.6179159117 1.0  
49.9055062631 82.6156039987 1.0  
49.9055859309 82.6793296985 1.0  
49.9061659321 82.6765398066 1.0  
49.9070558997 82.6126666112 1.0  
49.907348225 82.6145600596 1.0  
49.9084108358 82.6848335333 1.0  
49.9086598747 82.6760178559 1.0  
49.9086668365 82.6835475833 1.0  
49.9090625346 82.6137470051 1.0  
49.9095958242 82.6815906659 1.0  
49.9122503474 82.6703215653 1.0  
49.9177186771 82.6724410973 1.0  
49.9179426557 82.6755279889 1.0  
49.9187586284 82.6771169406 1.0  
49.9191306398 82.673127091 1.0  
49.9193773985 82.6747424838 1.0  
49.9200337154 82.6605496465 1.0  
49.9205696918 82.6565037098 1.0  
49.9210296633 82.6598495951 1.0  
49.9212896016 82.6706802064 1.0  
49.9216326584 82.6580846658 1.0  
49.9221456574 82.6558217543 1.0  
49.9226629786 82.5968591337 1.0  
49.922665625 82.6597766178 1.0  
49.9233943396 82.6723155881 1.0  
49.9235591317 82.6605568593 1.0  
49.9236225159 82.6763750284 1.0  
49.9240775948 82.6590076623 1.0  
49.9243474941 82.6773200037 1.0  
49.9247575222 82.6700142735 1.0  
49.925190883 82.6533659877 1.0  
49.9253764625 82.6786649671 1.0  
49.9262764553 82.6759150779 1.0  
