-7984705509.67,-8044732196.77,1.0,
-19268479.7552,-20007176.1563,1.0,
-19267562.5872,-20007516.9029,1.0,
44.1976144542,66.5841159915,1.0,
44.2733160496,65.6624209766,1.0,
44.5851297239,65.5648573806,1.0,
44.6432864498,65.4467767709,1.0,
44.6970423438,65.3926860252,1.0,
44.7120300486,65.5793800588,1.0,
44.7147511249,65.5839666362,1.0,
44.7193540806,65.44211837,1.0,
44.7258112967,65.6555447694,1.0,
44.7316492541,65.5034849263,1.0,
44.7358090591,65.5392287474,1.0,
44.7361700205,65.5416321197,1.0,
44.7382667643,65.5433888997,1.0,
44.7382960567,65.5404948138,1.0,
44.7405899075,65.4880032061,1.0,
44.7411726891,65.5415482635,1.0,
44.7417027611,65.5416618808,2.0,
44.7427344287,65.5024244269,1.0,
44.7436378812,65.5420958407,1.0,
44.744149615,65.4860821562,1.0,
44.7441528559,65.522612474,1.0,
44.7442493136,65.5408846083,1.0,
44.7462333903,65.5954628602,1.0,
44.7465740048,65.5317643719,1.0,
44.7467006118,65.492041367,1.0,
44.7467238322,65.5177716237,1.0,
44.7470414192,65.5385577812,1.0,
44.7473010561,65.5098543925,1.0,
44.7480294028,65.5227966403,1.0,
44.7486766574,65.5435004618,1.0,
44.7487993846,65.5105726006,1.0,
44.7492089992,65.5554444819,1.0,
44.7494527356,65.5346617665,1.0,
44.7497051508,65.5465467565,1.0,
44.7502456735,65.532908885,2.0,
44.7512370506,65.5137482563,1.0,
44.7524222559,65.5432264044,1.0,
44.7526097871,65.5443648539,1.0,
44.7529858203,65.5170666721,1.0,
44.7535832213,65.5186478512,1.0,
44.7536779453,65.5247063138,1.0,
44.7537712807,65.5147832746,1.0,
44.7540435271,65.5278428113,1.0,
44.7541192368,65.5341804183,1.0,
44.7543445039,65.5149825039,2.0,
44.7546047706,65.5152511038,1.0,
44.7547680006,65.5268012983,1.0,
44.7550009629,65.5158068473,8.0,
44.7551177054,65.5356367422,1.0,
44.7554117098,65.4834658493,1.0,
44.7556910652,65.4786605639,2.0,
44.755717347,65.3863921675,1.0,
44.7559718502,65.5169786859,4.0,
44.7563687365,65.4780129116,1.0,
44.7564788527,65.4764774668,2.0,
44.7565169819,65.5127228893,1.0,
44.7566963229,65.5351506407,2.0,
44.7570397876,65.5181968445,4.0,
44.7573114961,65.4770585253,1.0,
44.7573963552,65.4397816893,1.0,
44.7577121555,65.4786640047,1.0,
44.7578022386,65.5191396533,2.0,
44.7583355871,65.5198024996,1.0,
44.7583405695,65.5340098967,2.0,
44.7583799176,65.5410892858,1.0,
44.7585722423,65.5432762411,1.0,
44.758977189,65.5635309566,1.0,
44.7590500631,65.4931632354,1.0,
44.7595614588,65.5402732452,1.0,
44.7596308545,65.5434531097,1.0,
44.7598674268,65.5245749109,1.0,
44.7600859203,65.5219968791,1.0,
44.760268467,65.5347979071,1.0,
44.7606202518,65.5395655873,1.0,
44.7607001834,65.5511220163,1.0,
44.7608490988,65.5551564204,1.0,
44.7609508939,65.5131760585,1.0,
44.761193096,65.5339718176,2.0,
44.7612114264,65.5424363771,1.0,
44.7613639719,65.4914184002,1.0,
44.7614845069,65.5363045514,1.0,
44.7617861753,65.5602559266,1.0,
44.7622183729,65.5240294578,1.0,
44.7622831297,65.599952566,1.0,
44.7625978276,65.547281102,2.0,
44.762681985,65.545810722,1.0,
44.762817364,65.5383981481,1.0,
44.7630812343,65.5441316235,1.0,
44.7635479283,65.5488421992,1.0,
44.7635854705,65.5451755709,2.0,
44.763650954,65.5872743011,1.0,
44.7639325349,65.5374722303,1.0,
44.7641188299,65.5617852852,1.0,
44.7641358749,65.5510184429,1.0,
44.7642756141,65.5416594929,1.0,
44.7646009373,65.5280689416,1.0,
44.7646268553,65.5486985214,1.0,
44.7648197502,65.5593554363,1.0,
44.7649622749,65.5186586285,1.0,
44.76498761,65.550275748,1.0,
44.7651879101,65.5456233006,1.0,
44.7652785948,65.5551708569,1.0,
44.7653900434,65.440351541,1.0,
44.7654318844,65.5584597928,1.0,
44.7654340542,65.498778741,1.0,
44.7654886579,65.5386175118,1.0,
44.7655180983,65.5345468787,1.0,
44.7655496205,65.5550536398,2.0,
44.7661032518,65.5505853254,1.0,
44.7662151958,65.5394207101,1.0,
44.7664253105,65.5570739081,1.0,
44.7665461048,65.5622729532,1.0,
44.7666371339,65.5453220042,1.0,
44.7668726388,65.5478951473,4.0,
44.7668962333,65.5488258224,2.0,
44.7669371777,65.5019986067,1.0,
44.7669914294,65.5562946811,2.0,
44.7671683567,65.5477038953,1.0,
44.7672658575,65.5615225585,4.0,
44.7672720822,65.5392438003,2.0,
44.7673392517,65.5832785175,1.0,
44.7674101679,65.5659881496,1.0,
44.7674532882,65.552362473,1.0,
44.7675471617,65.4925474116,1.0,
44.767683316,65.549549739,2.0,
44.7677681112,65.5508652239,1.0,
44.7677997838,65.5554883881,1.0,
44.7680261335,65.5604538196,2.0,
44.7681193382,65.5475966335,1.0,
44.7681331282,65.55460293,2.0,
44.7682163605,65.5530373263,2.0,
44.7683575229,65.548328003,2.0,
44.7683990168,65.5021124582,1.0,
44.7686085056,65.5631993405,2.0,
44.768739186,65.5591730291,1.0,
44.7689099207,65.5634536238,4.0,
44.7689339973,65.5507199329,1.0,
44.7689953344,65.5533447768,1.0,
44.7690342411,65.5498672791,1.0,
44.7692126353,65.512514137,1.0,
44.7693020402,65.5599867322,2.0,
44.7693863053,65.5534731423,2.0,
44.7694121005,65.5493689906,2.0,
44.7695338493,65.5586582186,1.0,
44.7695366461,65.5471329878,1.0,
44.7695471841,65.5525410526,1.0,
44.7698166245,65.5519247384,2.0,
44.7698372269,65.5645417544,2.0,
44.7698516992,65.5477270985,2.0,
44.76987396,65.557399552,1.0,
44.7700413963,65.5458103122,1.0,
44.7701110498,65.5622760691,2.0,
44.7701647336,65.5500400047,1.0,
44.7702275282,65.5612332731,1.0,
44.7702494269,65.5635821303,2.0,
44.7703590713,65.5669245088,1.0,
44.7704540833,65.553655992,2.0,
44.7706483198,65.552785086,2.0,
44.7708191539,65.5377679843,1.0,
44.7709071222,65.5576287649,1.0,
44.7709077881,65.5513921517,2.0,
44.7709764799,65.5548570389,1.0,
44.7710207147,65.5586447718,2.0,
44.7710873772,65.5408228448,2.0,
44.7711673792,65.551939054,1.0,
44.7712179556,65.5506343786,1.0,
44.7712427419,65.5526454244,4.0,
44.7712458329,65.5497702073,4.0,
44.7712541283,65.5613766187,4.0,
44.7713558958,65.5662461463,1.0,
44.7713620196,65.549147202,1.0,
44.7713678771,65.4838992897,1.0,
44.7713874492,65.5556476989,2.0,
44.7714675248,65.5535634353,1.0,
44.7715746606,65.5312270778,1.0,
44.7716159041,65.5399950903,1.0,
44.7717212372,65.5541808292,2.0,
44.7717661256,65.5575077966,2.0,
44.7718057751,65.5471524336,8.0,
44.7718803721,65.490894682,1.0,
44.77203491,65.552942619,2.0,
44.7721123701,65.546574926,2.0,
44.7721663662,65.4405666638,1.0,
44.7721780002,65.5099848462,1.0,
44.772240447,65.5723103292,1.0,
44.7722820854,65.5650158904,1.0,
44.7723533085,65.5634951335,1.0,
44.7724307455,65.5600909766,1.0,
44.7725115604,65.5547151154,1.0,
44.7725544512,65.5558373248,2.0,
44.7725900642,65.548527399,4.0,
44.7726263531,65.5499501469,4.0,
44.7726360821,65.5509416355,2.0,
44.7726729924,65.5520136505,1.0,
44.7726733983,65.5585852922,1.0,
44.7726845065,65.5536523101,4.0,
44.7727114682,65.5659814422,4.0,
44.7727162074,65.5611987774,1.0,
44.7727191826,65.5629371009,2.0,
44.772770122,65.5519509939,2.0,
44.7731216335,65.5472034718,2.0,
44.7731417056,65.5472717829,1.0,
44.7732346642,65.5500465844,1.0,
44.7732459015,65.5593600792,2.0,
44.7732787125,65.559851009,1.0,
44.7733342811,65.5625901444,1.0,
44.7734451761,65.5576105097,2.0,
44.7736135986,65.5514141795,2.0,
44.7736381338,65.5605752891,2.0,
44.7736684353,65.5422230602,2.0,
44.7737021546,65.5664355374,1.0,
44.7739417339,65.5617386739,1.0,
44.7739506689,65.5484209809,4.0,
44.7739788924,65.5568015218,4.0,
44.7741191571,65.546031803,4.0,
44.7741224285,65.513810688,1.0,
44.7744177036,65.5499476268,4.0,
44.7747694604,65.5746882049,1.0,
44.7747886401,65.5627565302,1.0,
44.7747932633,65.5655998695,1.0,
44.7747947871,65.5560957896,1.0,
44.7748194553,65.5453012235,1.0,
44.7748253343,65.559942331,2.0,
44.774890035,65.5431737757,2.0,
44.7752008241,65.5518061768,2.0,
44.7752394366,65.5073610197,1.0,
44.7753182482,65.5460171135,1.0,
44.7753276255,65.5498965424,1.0,
44.7754051332,65.5485901649,1.0,
44.7754227029,65.4217879137,1.0,
44.7755315673,65.5566459521,1.0,
44.7755367578,65.5547309186,2.0,
44.7756347707,65.5535054717,1.0,
44.7757199832,65.5435286321,1.0,
44.7758430229,65.5587633294,2.0,
44.7760336148,65.5301383111,1.0,
44.7760397061,65.5528900925,2.0,
44.7761526328,65.5494934779,1.0,
44.776197522,65.557832271,1.0,
44.7762550033,65.5510924767,1.0,
44.7762576849,65.5481003462,1.0,
44.7764413278,65.5444587233,1.0,
44.7767578855,65.5107955741,1.0,
44.7767808928,65.5425931944,1.0,
44.7767956863,65.5450126258,2.0,
44.7768039658,65.5446130556,4.0,
44.7768085656,65.5499571725,4.0,
44.7769008042,65.5611523453,1.0,
44.7770761787,65.5630882964,1.0,
44.7772176519,65.5411136362,2.0,
44.777239687,65.5115374908,1.0,
44.7773467517,65.5464142331,1.0,
44.7773569735,65.5618014153,2.0,
44.7776254154,65.5339356454,1.0,
44.7777281586,65.5546559656,2.0,
44.7777657047,65.5464023484,4.0,
44.7779119614,65.5436757624,1.0,
44.7779651629,65.555553223,1.0,
44.7780260567,65.5484844021,2.0,
44.7780550028,65.5624108511,1.0,
44.7780693986,65.5476855606,1.0,
44.7780852085,65.5517796545,1.0,
44.7781487794,65.5580574581,1.0,
44.7781767174,65.5586497459,4.0,
44.778194244,65.5378449499,1.0,
44.7782328985,65.5468416299,1.0,
44.7783815513,65.5612981731,2.0,
44.7783948147,65.5063363919,1.0,
44.7784145596,65.5502540014,2.0,
44.7785204279,65.5703963919,1.0,
44.7785528376,65.5397983557,4.0,
44.7786383905,65.5608594997,1.0,
44.778667652,65.5493272607,1.0,
44.778946617,65.5528784896,1.0,
44.7790207397,65.5576861835,1.0,
44.7790257264,65.5510284524,1.0,
44.7790510354,65.5310822646,1.0,
44.7790810547,65.5386639959,4.0,
44.779097525,65.5432889675,1.0,
44.7793186309,65.5602726583,1.0,
44.7793820977,65.5618461129,2.0,
44.7794656276,65.5302105765,1.0,
44.7794883478,65.5483681187,2.0,
44.7795230943,65.5448560986,1.0,
44.7797374341,65.5647692597,2.0,
44.7798696026,65.5706576912,1.0,
44.7798872568,65.5619733775,1.0,
44.7799318223,65.5371090153,2.0,
44.7799395366,65.5541591159,1.0,
44.7799474636,65.5508471181,1.0,
44.7799559373,65.5294607282,1.0,
44.7802639014,65.5262697476,1.0,
44.7803732616,65.5530210103,1.0,
44.7804424201,65.5570994553,1.0,
44.7805460008,65.5518858006,1.0,
44.7806051162,65.5358616423,2.0,
44.7806546083,65.5665285863,1.0,
44.7806855648,65.5339166521,1.0,
44.7808498076,65.5504710194,2.0,
44.7808601731,65.5378876694,1.0,
44.7809055802,65.5614422133,2.0,
44.7809864875,65.5688812763,1.0,
44.7810392285,65.5443863748,1.0,
44.7810810753,65.5208867524,1.0,
44.7812672226,65.5305449279,1.0,
44.7813569098,65.5554077052,1.0,
44.7814363549,65.536702977,1.0,
44.7815708122,65.5673590026,1.0,
44.7815839131,65.5525696942,1.0,
44.7815882222,65.5083176086,1.0,
44.7816505345,65.5655215041,1.0,
44.7817010344,65.5351929412,8.0,
44.7817334921,65.5136554763,1.0,
44.781755636,65.5244106151,1.0,
44.7818467466,65.5519374188,2.0,
44.7822820178,65.5286892073,1.0,
44.782301426,65.5346555674,2.0,
44.7823023614,65.5163640609,1.0,
44.7824703794,65.5646869205,2.0,
44.7825259929,65.5664933756,1.0,
44.7826829228,65.5341761973,1.0,
44.7831898875,65.5333811015,2.0,
44.7832757618,65.5333376293,8.0,
44.7836406305,65.5325135184,1.0,
44.7837985606,65.538305929,1.0,
44.7838013615,65.5035703488,1.0,
44.7838742851,65.5664260014,1.0,
44.783907251,65.5114388399,1.0,
44.7839474443,65.4848918245,1.0,
44.7840177665,65.525677793,1.0,
44.7841312314,65.5276302294,1.0,
44.7844878245,65.5610932588,1.0,
44.7853791254,65.5251536151,1.0,
44.7855053109,65.4246657414,1.0,
44.7857622704,65.514107927,1.0,
44.7861109034,65.5158692663,4.0,
44.7868519383,65.5339137917,1.0,
44.7869540463,65.5224802609,1.0,
44.787292601,65.5302720569,8.0,
44.7873043571,65.55598319,1.0,
44.7875066867,65.5311693729,1.0,
44.7878446848,65.5106704613,1.0,
44.7880398641,65.5276863577,1.0,
44.7882822247,65.511731214,1.0,
44.7883972981,65.5292260962,2.0,
44.7884954469,65.5346749213,1.0,
44.7889155205,65.5165473099,1.0,
44.7889371779,65.5314375482,1.0,
44.7889834758,65.5299999734,2.0,
44.7894206168,65.5251383831,1.0,
44.7901689588,65.5101383583,1.0,
44.7903524093,65.5427681273,1.0,
44.7907744912,65.5359100164,2.0,
44.7907971725,65.5277736687,1.0,
44.7909727408,65.5296973281,1.0,
44.7911492295,65.524554143,1.0,
44.7911552848,65.5047186968,1.0,
44.7911844763,65.5227568796,1.0,
44.7914036669,65.4966760702,1.0,
44.7920423131,65.3306093804,1.0,
44.7921864234,65.5277218737,2.0,
44.792334133,65.5076436375,1.0,
44.7924026346,65.5218176563,2.0,
44.7925208592,65.5237764035,2.0,
44.7926531031,65.5396723324,1.0,
44.7927009038,65.5270272696,1.0,
44.7928040529,65.5209591282,2.0,
44.7928870461,65.529298017,2.0,
44.793134189,65.5531834516,1.0,
44.7934984731,65.5266127471,1.0,
44.7937203198,65.539836044,1.0,
44.7937246296,65.5210364971,1.0,
44.7937477847,65.5144231129,1.0,
44.794197923,65.5285935444,1.0,
44.7943853137,65.526284508,8.0,
44.7944946116,65.5906635369,1.0,
44.794593817,65.5244482877,1.0,
44.794920072,65.5274755686,1.0,
44.7949260692,65.5405603939,2.0,
44.7949688965,65.6229503366,1.0,
44.7949934082,65.5204291787,1.0,
44.7950208854,65.5192643962,1.0,
44.7952296364,65.5264076319,1.0,
44.7954292941,65.4374409265,1.0,
44.7954745967,65.5383150889,1.0,
44.795616739,65.5057765509,1.0,
44.7956640703,65.5257083054,8.0,
44.7956878594,65.5113351099,1.0,
44.795709481,65.5413100304,1.0,
44.7957358024,65.523519941,1.0,
44.7958730575,65.5085614647,2.0,
44.7960216349,65.514007918,1.0,
44.7960276217,65.5304433674,1.0,
44.796495318,65.5265844678,1.0,
44.7965054445,65.5285435295,2.0,
44.7965191738,65.4976304785,1.0,
44.7967754887,65.5252906858,4.0,
44.7969218127,65.507385549,2.0,
44.7969858227,65.5063891969,1.0,
44.7970851843,65.4908573928,1.0,
44.7971235786,65.5091244422,1.0,
44.7972450732,65.5248958181,1.0,
44.7974087103,65.4943525778,1.0,
44.7974219813,65.5434581029,1.0,
44.7974989545,65.5019836305,1.0,
44.797745718,65.5268507309,1.0,
44.7978423534,65.4976261963,1.0,
44.7979039702,65.5175736561,1.0,
44.7979223579,65.524374669,1.0,
44.7979315996,65.55942148,1.0,
44.7980320887,65.5260559635,2.0,
44.7983193909,65.5080470984,2.0,
44.7983508062,65.5039297621,1.0,
44.7984048551,65.5071632176,1.0,
44.7984633209,65.5478210704,1.0,
44.7986442725,65.5061625624,1.0,
44.7987246526,65.5822085032,1.0,
44.7987303385,65.5092676684,1.0,
44.7987770023,65.5140314632,1.0,
44.7987833366,65.5445652202,2.0,
44.7989839839,65.5116736007,2.0,
44.7991145965,65.5050594374,1.0,
44.7991790739,65.5622805769,1.0,
44.7994354754,65.508188318,1.0,
44.7994410746,65.5239925781,1.0,
44.799447225,65.5422623281,1.0,
44.7994555515,65.6054802655,1.0,
44.7998984994,65.5122885497,2.0,
44.7999120034,65.5116997993,1.0,
44.8000007548,65.5238957136,2.0,
44.8000199931,65.4973046349,1.0,
44.8001403646,65.5179952945,1.0,
44.8002493504,65.5357659939,1.0,
44.8003225177,65.5977166048,1.0,
44.8003541657,65.5300476939,2.0,
44.800410937,65.5077058392,2.0,
44.8005625913,65.5592017119,1.0,
44.8005631051,65.530095361,1.0,
44.8005886545,65.5146935201,1.0,
44.8006792019,65.5229698494,1.0,
44.8007052207,65.501005735,2.0,
44.800862034,65.567946181,1.0,
44.8008808654,65.5111482328,2.0,
44.8009709051,65.5427844449,2.0,
44.8011181364,65.5249665012,1.0,
44.8012042385,65.5098010916,2.0,
44.8013227712,65.5465250247,1.0,
44.8013250691,65.5231902134,2.0,
44.8014845387,65.5435439922,1.0,
44.8016895778,65.5083050705,1.0,
44.8018448036,65.5117602083,2.0,
44.8019035674,65.651146592,1.0,
44.8019846114,65.5303640897,1.0,
44.8021539146,65.5052424027,1.0,
44.8024824239,65.5390461708,1.0,
44.8025956957,65.5325805109,4.0,
44.8027281636,65.5110620478,1.0,
44.8027540225,65.5182425101,2.0,
44.8028176977,65.5204767367,1.0,
44.8028287055,65.5224612486,2.0,
44.8030707179,65.5002050621,1.0,
44.8032393537,65.593498723,1.0,
44.8032399855,65.5098425769,1.0,
44.8032634992,65.5117884129,1.0,
44.8034110777,65.5070504477,2.0,
44.8035742869,65.5190150085,1.0,
44.8037482442,65.5918502272,1.0,
44.8038702927,65.5210456192,1.0,
44.8039179426,65.5329526557,1.0,
44.8039368243,65.5224894296,4.0,
44.8039702709,65.5151787975,2.0,
44.804045152,65.5164513977,2.0,
44.8040455058,65.517937127,1.0,
44.804050796,65.5231274527,2.0,
44.8042150661,65.5347380784,2.0,
44.8042588637,65.5196186709,1.0,
44.8042922337,65.5445520963,2.0,
44.8044762705,65.5180407909,4.0,
44.8044981588,65.5124220258,1.0,
44.8045831113,65.5187393039,1.0,
44.8046773278,65.547905249,1.0,
44.804679844,65.5318145534,2.0,
44.8047305451,65.528302569,1.0,
44.804792143,65.5356581738,2.0,
44.8048404276,65.5112506954,1.0,
44.8051895161,65.5224614961,4.0,
44.8052077292,65.5179682841,1.0,
44.8053042333,65.5344388608,1.0,
44.8055025553,65.5297103838,1.0,
44.8056318864,65.5213221222,4.0,
44.8056435605,65.5164688862,2.0,
44.8057130255,65.5127027963,2.0,
44.805898627,65.536818442,1.0,
44.8059311615,65.5417480834,1.0,
44.8059618278,65.5315229667,2.0,
44.8060279837,65.521838866,1.0,
44.8060367776,65.5357353302,1.0,
44.8061970618,65.5306423702,1.0,
44.8065374153,65.5209799514,2.0,
44.8068068205,65.5329325099,1.0,
44.8068927924,65.5342804023,1.0,
44.8069039865,65.5324271924,2.0,
44.8070097918,65.5363133341,1.0,
44.8071033619,65.5456738935,1.0,
44.8072234488,65.535386018,1.0,
44.8073435917,65.584443028,1.0,
44.8073570129,65.5243891469,1.0,
44.8077128282,65.5317906581,2.0,
44.8077258544,65.520265877,16.0,
44.8078177155,65.5303554217,1.0,
44.808011047,65.5488948535,1.0,
44.8080165899,65.532762277,2.0,
44.8084749638,65.5158872734,1.0,
44.8086540342,65.5575124489,2.0,
44.8087087591,65.5200810413,4.0,
44.8088891693,65.5490574052,1.0,
44.8090574385,65.5668652787,1.0,
44.8091297576,65.5462989021,1.0,
44.8092157068,65.519509913,1.0,
44.8095585363,65.5359424356,1.0,
44.8096574077,65.5895670165,1.0,
44.8098560967,65.5260472531,1.0,
44.8099649585,65.5222342683,1.0,
44.8100699777,65.519110708,4.0,
44.8101152556,65.5526894898,1.0,
44.8101923144,65.5200960545,2.0,
44.8103290233,65.519708442,1.0,
44.8105707203,65.5181890006,1.0,
44.8106023906,65.5862485598,1.0,
44.8106131558,65.5189894736,2.0,
44.81088115,65.5364486215,1.0,
44.8109218587,65.5891223448,2.0,
44.8109256306,65.5262864797,1.0,
44.8110991774,65.5426655722,1.0,
44.8113519997,65.5194539883,4.0,
44.8114310423,65.5207170213,1.0,
44.811484552,65.5405305848,1.0,
44.811521802,65.527228027,4.0,
44.8115592377,65.5337982629,1.0,
44.8117666325,65.5453825589,1.0,
44.8118181826,65.5488698829,1.0,
44.8118415335,65.5374614357,1.0,
44.8119871123,65.5185842397,1.0,
44.8120997683,65.5836434774,1.0,
44.8121608176,65.5151339372,1.0,
44.8121718386,65.5397433057,1.0,
44.8121858809,65.5351644404,2.0,
44.8122527875,65.527613219,1.0,
44.8123428894,65.528781188,1.0,
44.8125785737,65.515101967,4.0,
44.812684618,65.5185422241,8.0,
44.8126865825,65.5190859093,1.0,
44.8127196328,65.5247827888,8.0,
44.8128426062,65.5287419144,8.0,
44.8129258693,65.5132412782,1.0,
44.8129270427,65.5343738573,1.0,
44.8129387945,65.5300227085,1.0,
44.81301185,65.5891540963,1.0,
44.8130536726,65.5376543972,1.0,
44.8130773528,65.5252592421,2.0,
44.8131043388,65.5862272549,1.0,
44.8131370259,65.5305467116,8.0,
44.8131389415,65.5478931036,1.0,
44.8134451862,65.52591606,1.0,
44.8136432284,65.5294843692,1.0,
44.8136516298,65.5252721401,4.0,
44.8136753133,65.5868068991,2.0,
44.8136895717,65.5422956199,1.0,
44.8136935564,65.5117821834,1.0,
44.8137047376,65.5184523186,4.0,
44.8137052397,65.5276369493,2.0,
44.813747286,65.5306056064,2.0,
44.8137880574,65.5404574011,1.0,
44.8138488512,65.5544017641,1.0,
44.8138992449,65.584814443,1.0,
44.8139663382,65.526811945,1.0,
44.8139794396,65.5441373661,2.0,
44.8140164876,65.5284593483,2.0,
44.8140377144,65.5254607628,2.0,
44.8141250631,65.5258902485,8.0,
44.8141666458,65.5296266864,8.0,
44.8142651041,65.5269158691,2.0,
44.8142995738,65.5103003124,1.0,
44.8143077213,65.5166043193,2.0,
44.8143706148,65.5211724019,1.0,
44.8143977888,65.5359677089,1.0,
44.8144194845,65.5162845705,4.0,
44.8144317913,65.5412773217,2.0,
44.8144440324,65.5147306753,1.0,
44.8144444723,65.5607150341,1.0,
44.8144526613,65.5098218502,8.0,
44.814513519,65.5120302876,2.0,
44.8148777738,65.5184322396,8.0,
44.8148888249,65.5136731152,2.0,
44.8149111393,65.5179401553,1.0,
44.814937042,65.53297597,2.0,
44.8150565684,65.5520659284,1.0,
44.8151614886,65.5283684369,4.0,
44.8151734609,65.5145918314,2.0,
44.815212131,65.536993904,1.0,
44.815281539,65.4629786167,1.0,
44.8153022616,65.5301843319,1.0,
44.8153483016,65.5272600718,1.0,
44.815371949,65.5317357506,2.0,
44.8155062122,65.5168259967,4.0,
44.8155305987,65.5113622037,1.0,
44.8155776113,65.5305753783,2.0,
44.8156224089,65.514406664,1.0,
44.8156905174,65.5160466975,1.0,
44.8157492474,65.5428300454,1.0,
44.8157750155,65.518371861,4.0,
44.8157841869,65.5490377625,1.0,
44.8158449022,65.5329633309,4.0,
44.8158881139,65.5340571678,2.0,
44.8159255697,65.5290718872,1.0,
44.816047263,65.5096066751,2.0,
44.81606936,65.5894985124,2.0,
44.8160695439,65.5084228045,1.0,
44.8160844715,65.5363724995,2.0,
44.8161197955,65.5868206229,1.0,
44.8161457579,65.5315754836,1.0,
44.8161671535,65.5107541873,2.0,
44.8161785621,65.534431816,1.0,
44.8162155934,65.5281301065,1.0,
44.8162508404,65.5162658642,2.0,
44.8162732866,65.5310997791,4.0,
44.816384645,65.5858943684,2.0,
44.8164724891,65.5373716717,4.0,
44.8165585338,65.5681397399,1.0,
44.8165770947,65.5203186706,1.0,
44.8166835105,65.5111302068,1.0,
44.8167380367,65.5900345107,1.0,
44.8167655817,65.5860647373,4.0,
44.8167814709,65.5148490507,2.0,
44.8167876982,65.540263719,1.0,
44.8168053952,65.5319532588,2.0,
44.8168663879,65.5913169828,1.0,
44.8168894002,65.5367922132,1.0,
44.8168906023,65.5087779152,1.0,
44.8169187641,65.5303528692,1.0,
44.8169380968,65.5336864267,4.0,
44.8172012566,65.5359451076,2.0,
44.8172039031,65.5166700448,2.0,
44.8173114993,65.5279776889,1.0,
44.8173420484,65.5463772669,1.0,
44.8173540873,65.5139159306,2.0,
44.817360042,65.5109397332,2.0,
44.8173685772,65.5526109547,1.0,
44.8175482164,65.5295783949,4.0,
44.817594387,65.519435315,1.0,
44.8175992649,65.5216610096,1.0,
44.817730976,65.5097642529,1.0,
44.8177814113,65.5149467639,1.0,
44.8178409412,65.5174853641,1.0,
44.8178455127,65.5859788052,2.0,
44.817874766,65.5366319772,1.0,
44.8179374251,65.5182131182,4.0,
44.8179752213,65.5286831727,1.0,
44.8180515325,65.5091664207,2.0,
44.8180633582,65.5085420348,1.0,
44.8180748648,65.5204308434,1.0,
44.818076892,65.5125385155,1.0,
44.8181228394,65.5115185666,1.0,
44.8181898584,65.5161616137,4.0,
44.8182294079,65.5722142856,1.0,
44.8182710678,65.5889195764,1.0,
44.8183037625,65.5391990678,1.0,
44.8184703662,65.5778409366,1.0,
44.8186128701,65.5106734194,1.0,
44.8187714043,65.5177391614,4.0,
44.8187983767,65.514790569,2.0,
44.818816213,65.5125761055,2.0,
44.8188500125,65.525778511,2.0,
44.8188589338,65.5441491058,1.0,
44.8189392111,65.5292260386,4.0,
44.8189483031,65.5346324959,1.0,
44.8189801799,65.5173534631,2.0,
44.8189913286,65.519273164,4.0,
44.8189936829,65.5365712374,2.0,
44.8190407184,65.6639525912,1.0,
44.8192461191,65.5391046838,1.0,
44.8192540569,65.6173955092,1.0,
44.8192601676,65.5147310957,1.0,
44.8193151195,65.5224304361,1.0,
44.8193861493,65.5076658833,1.0,
44.8195106676,65.5180329445,8.0,
44.8195476316,65.5158900286,2.0,
44.8195563062,65.5186884484,16.0,
44.8196095262,65.5433706248,1.0,
44.8196199337,65.5099969685,2.0,
44.8196715915,65.5285180222,1.0,
44.8196978527,65.5081399638,2.0,
44.819703947,65.5195359107,1.0,
44.8197742723,65.5375236525,2.0,
44.8197885353,65.5089728871,1.0,
44.8198688477,65.5422736938,2.0,
44.8199136164,65.534975811,2.0,
44.8199301172,65.5100081672,4.0,
44.8199311077,65.5172455565,1.0,
44.8199345987,65.5191870591,8.0,
44.8200563178,65.510700361,1.0,
44.8200599717,65.511299459,4.0,
44.8201686192,65.5226699771,1.0,
44.8202024598,65.5244688024,4.0,
44.8202833264,65.5246614968,2.0,
44.8202948915,65.5175141493,2.0,
44.8203122301,65.5505254467,1.0,
44.8203516528,65.5074444355,2.0,
44.8205498815,65.532828921,2.0,
44.8205752277,65.5079861107,1.0,
44.8205878176,65.5181893792,4.0,
44.8206708244,65.5448249354,1.0,
44.8206962643,65.5139095452,2.0,
44.8207277929,65.5332109689,1.0,
44.8207787386,65.5143454215,4.0,
44.8209206192,65.5240097183,2.0,
44.8210358759,65.5369737355,1.0,
44.8210897442,65.5145068993,1.0,
44.8212211526,65.5502182149,1.0,
44.8212214065,65.5090980662,1.0,
44.8212404878,65.521214138,1.0,
44.8214252409,65.5404603575,2.0,
44.821431535,65.5103755175,1.0,
44.8214821746,65.520299812,2.0,
44.82169618,65.5219975068,8.0,
44.8217060443,65.5116941203,4.0,
44.8217130163,65.5097924935,4.0,
44.8217793052,65.5107086728,2.0,
44.8217988893,65.533560677,1.0,
44.8218679373,65.5143862337,4.0,
44.8218720566,65.5230391714,1.0,
44.8218885631,65.5176714543,4.0,
44.8218902424,65.5363533406,1.0,
44.8220232417,65.5134877739,2.0,
44.8220291922,65.5320381508,2.0,
44.8221066188,65.5155356488,4.0,
44.8221244391,65.5123496512,1.0,
44.8221654849,65.5196659011,1.0,
44.822166496,65.5206459606,4.0,
44.8222085455,65.506938743,1.0,
44.8222525656,65.5051431319,4.0,
44.8222841155,65.5259198564,1.0,
44.8222952211,65.5089759121,1.0,
44.8223088657,65.5223008414,1.0,
44.8223651926,65.5301868572,1.0,
44.8224003707,65.518302081,2.0,
44.8225108583,65.5209542409,2.0,
44.8225783342,65.5174183578,16.0,
44.8226250011,65.5238123128,1.0,
44.8227635032,65.5147882653,2.0,
44.822772431,65.5198981582,4.0,
44.8228328081,65.5243149228,8.0,
44.8228799299,65.5139208832,2.0,
44.8228896308,65.5210648934,8.0,
44.822985878,65.5227981868,4.0,
44.823019037,65.5156232665,4.0,
44.8230358089,65.5124574654,2.0,
44.8230384848,65.5064079083,1.0,
44.8230647299,65.5165883845,8.0,
44.8231121189,65.5217781576,2.0,
44.8231453101,65.5379604006,1.0,
44.8231656163,65.5251393516,4.0,
44.8231729964,65.5051588016,4.0,
44.8231755215,65.5190859734,4.0,
44.8232901396,65.5184660758,2.0,
44.8233273195,65.5102124835,2.0,
44.8233291625,65.5234990839,8.0,
44.8234592276,65.5172226131,1.0,
44.8234668675,65.5316546037,1.0,
44.8235007492,65.5208693336,4.0,
44.823556109,65.5146775128,4.0,
44.8235822511,65.5153101386,2.0,
44.8236317568,65.5135203763,8.0,
44.8236318323,65.5090283148,1.0,
44.823634851,65.527116182,1.0,
44.8236617559,65.5163376238,2.0,
44.8236776304,65.5182962783,8.0,
44.8238007916,65.5192701372,2.0,
44.8238017067,65.5246142944,1.0,
44.8238370072,65.5116152922,2.0,
44.8238389529,65.5110902403,1.0,
44.8238816316,65.5203203424,2.0,
44.823892332,65.5098189503,4.0,
44.8239179443,65.506242889,4.0,
44.8239271981,65.5120627016,1.0,
44.8239527388,65.5048094376,1.0,
44.8239772974,65.5161776877,16.0,
44.8240389365,65.5252356392,8.0,
44.8240812702,65.5296571108,1.0,
44.8241876397,65.5130180136,2.0,
44.8242006928,65.5232212413,2.0,
44.824236466,65.5051085001,2.0,
44.8242782489,65.5195020567,4.0,
44.824309253,65.5265001064,4.0,
44.8243480349,65.5138183702,4.0,
44.8244323315,65.5306922277,2.0,
44.8244627347,65.5135318061,1.0,
44.8245473115,65.5216095317,1.0,
44.824565356,65.5083520945,1.0,
44.8246219692,65.509613593,1.0,
44.8246277189,65.5157346811,8.0,
44.8246711933,65.535737569,2.0,
44.824709744,65.5191141796,2.0,
44.8247384697,65.5283274117,2.0,
44.8247390263,65.5205164796,2.0,
44.8247877029,65.4623966304,1.0,
44.8249022822,65.5212024046,8.0,
44.8249033035,65.5276059853,4.0,
44.8250036135,65.5123749286,8.0,
44.8250136624,65.5143270859,2.0,
44.8250264407,65.5372088842,2.0,
44.8250451288,65.5031495357,1.0,
44.8250795112,65.5287369937,1.0,
44.825107775,65.5040185459,2.0,
44.825176614,65.5226152105,2.0,
44.8251781492,65.522127974,4.0,
44.8252015984,65.4757669202,1.0,
44.8252100506,65.5114754617,1.0,
44.8252233583,65.5294800475,4.0,
44.8252333977,65.5286170659,8.0,
44.8252854912,65.5429298364,1.0,
44.8253159964,65.5163042783,8.0,
44.8253238308,65.5052672446,4.0,
44.8254672493,65.5275752506,1.0,
44.8254759009,65.5135747139,4.0,
44.8254837828,65.5063011421,4.0,
44.8254932387,65.5057281859,1.0,
44.8255472544,65.5301303657,8.0,
44.8255554667,65.5043804224,4.0,
44.8255663977,65.5066471675,1.0,
44.825576638,65.5086627746,8.0,
44.8256536753,65.5006840093,1.0,
44.8256781362,65.5232952896,4.0,
44.8257072752,65.5168467467,1.0,
44.8257630826,65.5150521713,16.0,
44.825799133,65.5172017177,2.0,
44.8258810942,65.5249066339,1.0,
44.8259132767,65.5301036369,1.0,
44.8259238145,65.5610689562,1.0,
44.8259530518,65.5178217666,8.0,
44.8259600514,65.5310495397,1.0,
44.8259642663,65.5103715439,8.0,
44.8259939257,65.5109094957,1.0,
44.8260014366,65.520585914,2.0,
44.8260432132,65.5101665228,2.0,
44.8260688149,65.5253064508,2.0,
44.8261129036,65.5116345556,8.0,
44.8261638019,65.515288626,1.0,
44.82620124,65.531876252,2.0,
44.8262685316,65.533497681,1.0,
44.8262742181,65.5124600061,16.0,
44.8262944445,65.527498286,4.0,
44.8264199169,65.5197337414,8.0,
44.8265175795,65.5261491197,4.0,
44.8265338901,65.5280149957,8.0,
44.8265552987,65.5086619048,1.0,
44.8265851912,65.5141279014,4.0,
44.8266165895,65.5057392963,4.0,
44.82663097,65.5371316794,1.0,
44.8266691906,65.5221142506,1.0,
44.8266900861,65.5282670504,2.0,
44.8266973971,65.5239497193,1.0,
44.8266981144,65.5325263399,4.0,
44.8267168614,65.5560251294,1.0,
44.8267377433,65.517319922,4.0,
44.8267640882,65.5335122179,2.0,
44.8267719022,65.5104450673,1.0,
44.8268566611,65.5183051479,8.0,
44.8269668969,65.5163787117,8.0,
44.8270153921,65.5229128178,4.0,
44.8270688918,65.5206829026,4.0,
44.8271300528,65.5132407328,8.0,
44.8271406475,65.5149718162,16.0,
44.8271774161,65.5302301006,1.0,
44.8272151436,65.5287344735,8.0,
44.8272159781,65.5546671471,1.0,
44.8273451759,65.5009483872,2.0,
44.8273460638,65.5020045915,4.0,
44.8273974196,65.509117,1.0,
44.8274613784,65.5075507436,1.0,
44.8275184423,65.5349005383,2.0,
44.8275343442,65.5150668005,1.0,
44.8275413104,65.5177759311,1.0,
44.827584808,65.5280867797,2.0,
44.827593196,65.5025778443,1.0,
44.8276124085,65.5043792863,2.0,
44.8276398878,65.5157775224,16.0,
44.827650634,65.55594416,1.0,
44.8276625591,65.5296064165,2.0,
44.8276727331,65.52253083,2.0,
44.8277450364,65.57013171,1.0,
44.8277858676,65.5162280666,1.0,
44.8278430973,65.5213478285,1.0,
44.8279062235,65.513096277,1.0,
44.8279952867,65.5098272157,1.0,
44.8280208612,65.5115460634,1.0,
44.8280642224,65.5063526823,4.0,
44.8280768614,65.5129190838,2.0,
44.8281143049,65.5237476402,1.0,
44.8281161669,65.5135852159,16.0,
44.8281386521,65.5171681883,2.0,
44.8281389139,65.5090785142,2.0,
44.8281885222,65.5365449599,1.0,
44.8282228253,65.5081436686,1.0,
44.8282586463,65.5486594579,1.0,
44.8282600769,65.5314933187,2.0,
44.8283116791,65.5231348868,2.0,
44.8283374695,65.2747567406,1.0,
44.8283651348,65.5322839621,1.0,
44.828372192,65.5292601821,1.0,
44.8284371883,65.5382125059,1.0,
44.8284504891,65.5104835516,8.0,
44.82846445,65.5209119331,2.0,
44.8284768439,65.5221080988,8.0,
44.8284828837,65.5179711246,8.0,
44.8284881407,65.501378828,2.0,
44.8285470456,65.5099867912,4.0,
44.8285940978,65.5173431286,1.0,
44.8286753646,65.5189732535,4.0,
44.8286844661,65.5054339418,2.0,
44.8287189584,65.5093533865,1.0,
44.8287348796,65.5139950128,1.0,
44.8287467179,65.512148294,8.0,
44.8287476516,65.5250234067,4.0,
44.8287485624,65.5072327047,2.0,
44.828765118,65.5308473444,4.0,
44.8287710752,65.5260989875,2.0,
44.8288012782,65.5041049373,2.0,
44.8288488905,65.5109521011,1.0,
44.8288508722,65.5189721641,1.0,
44.8288861802,65.5230813313,1.0,
44.8290960566,65.5096152272,2.0,
44.8291007576,65.5108856206,2.0,
44.8291130912,65.5153984955,4.0,
44.8291151584,65.5198891893,8.0,
44.8291475979,65.5127351301,16.0,
44.8292041849,65.5169517964,4.0,
44.8292112652,65.5124988382,1.0,
44.829220584,65.5069195324,1.0,
44.8292334592,65.5023457014,2.0,
44.8292545338,65.520105332,2.0,
44.8292806115,65.5369348871,1.0,
44.8292825645,65.5117932602,4.0,
44.8292862872,65.5050970891,4.0,
44.8292893768,65.5280293724,2.0,
44.8293176982,65.5306012211,2.0,
44.8293975975,65.5400670886,2.0,
44.8294309313,65.5099681741,1.0,
44.829506124,65.5143369402,8.0,
44.8295071942,65.5048149047,1.0,
44.8295153465,65.5131699202,4.0,
44.829544074,65.5080764458,1.0,
44.8295568342,65.4835847246,1.0,
44.8295770111,65.5038619083,1.0,
44.8296184951,65.5220944117,8.0,
44.8296964378,65.521312116,2.0,
44.8297025237,65.533487681,2.0,
44.8297307549,65.525687061,1.0,
44.8298281256,65.5194319335,2.0,
44.8298594776,65.5145883118,2.0,
44.8298895424,65.4847409524,1.0,
44.8299554071,65.5124365143,8.0,
44.8299560091,65.5162489837,2.0,
44.8299920696,65.5265821705,1.0,
44.83009415,65.5302319989,1.0,
44.8300993791,65.5384038471,1.0,
44.8301066626,65.5067520928,1.0,
44.8301340776,65.5049287754,4.0,
44.8301347494,65.5089926799,4.0,
44.8301544469,65.5112830424,4.0,
44.8301933258,65.5231418028,4.0,
44.8302451609,65.5349035894,1.0,
44.8302668294,65.5267364289,2.0,
44.830420163,65.5251205974,2.0,
44.8304264555,65.5805862461,1.0,
44.8304668301,65.5120498393,2.0,
44.8304683589,65.5280336354,2.0,
44.8305391047,65.5241005091,4.0,
44.8305723807,65.5117399151,8.0,
44.8306370714,65.5188012629,2.0,
44.830669866,65.5095643996,1.0,
44.830698446,65.5110870621,2.0,
44.8307480859,65.5029702662,2.0,
44.8307485965,65.5178837028,2.0,
44.830749729,65.5145312384,1.0,
44.8307618139,65.5161055024,4.0,
44.8307844568,65.5136056522,1.0,
44.8308024794,65.5169949141,2.0,
44.8308112412,65.5210781466,2.0,
44.8308356071,65.485644816,1.0,
44.8308504115,65.5139681843,16.0,
44.8308715557,65.5059446237,2.0,
44.830895858,65.5157416195,8.0,
44.8309067122,65.5028958809,1.0,
44.8309189856,65.5268679955,1.0,
44.8309242384,65.5231990095,1.0,
44.8309255705,65.5323088895,2.0,
44.8309817272,65.531573817,8.0,
44.8310232684,65.52571052,4.0,
44.8311161221,65.5335727436,2.0,
44.8312203141,65.5046100317,2.0,
44.8312207956,65.51445503,2.0,
44.8312266835,65.5044134623,4.0,
44.8312608142,65.5292257649,1.0,
44.8313143519,65.5100330591,8.0,
44.831352156,65.510725613,4.0,
44.8313679157,65.5210691258,4.0,
44.8314014241,65.5129849887,2.0,
44.8314138053,65.5068121934,1.0,
44.8314380033,65.5065735292,4.0,
44.8315724151,65.5014133908,2.0,
44.8315963507,65.5172039974,1.0,
44.8316056242,65.5309250078,8.0,
44.8316115147,65.5119490848,4.0,
44.8316561118,65.533047838,1.0,
44.8316691362,65.498991239,1.0,
44.8316777921,65.5163760858,8.0,
44.8316780822,65.5179666079,8.0,
44.8317144862,65.5139922897,1.0,
44.8317204564,65.5156157228,1.0,
44.831775443,65.5329015166,4.0,
44.8317784398,65.381636094,1.0,
44.8318243506,65.5218670971,2.0,
44.8318541938,65.5315684562,1.0,
44.8318621906,65.5265650654,2.0,
44.8318687622,65.5060888835,1.0,
44.8318746715,65.5084527294,4.0,
44.8319035427,65.5198888029,2.0,
44.8319483661,65.5122197108,1.0,
44.8319495248,65.5277485117,2.0,
44.831973198,65.5348916374,8.0,
44.8319852097,65.4832218126,1.0,
44.8320323965,65.509301783,4.0,
44.8321559043,65.5044427147,4.0,
44.832194345,65.5233830949,1.0,
44.8322157657,65.5136475303,8.0,
44.8322347477,65.5162886491,2.0,
44.8322559448,65.5084438259,2.0,
44.8322825582,65.5287453053,8.0,
44.83229816,65.5242643196,4.0,
44.8323378302,65.510698157,4.0,
44.8323470846,65.499962215,1.0,
44.8323549202,65.5189543862,1.0,
44.8323560549,65.5153233855,8.0,
44.83237716,65.5177096111,1.0,
44.8323829785,65.53378033,4.0,
44.8324054901,65.5300676174,8.0,
44.8324287915,65.5074251642,8.0,
44.8324545737,65.5412609618,1.0,
44.8324802744,65.5069501058,1.0,
44.8324902524,65.5166808561,4.0,
44.8324980889,65.5020141417,2.0,
44.832553137,65.5008099919,1.0,
44.832569387,65.512730943,8.0,
44.8325975597,65.5218821927,1.0,
44.8326212752,65.5304470591,1.0,
44.8326553481,65.5320923895,2.0,
44.8326587792,65.5183093657,4.0,
44.8326650293,65.5361816443,4.0,
44.8326903172,65.5356804152,1.0,
44.8327446888,65.5648629834,1.0,
44.832781919,65.5326228054,8.0,
44.8328070518,65.530043718,2.0,
44.8328098637,65.5342816344,1.0,
44.8328211532,65.5284361933,1.0,
44.8328302068,65.5119134371,1.0,
44.83283321,65.5311997133,2.0,
44.8328364606,65.5251298048,2.0,
44.83285878,65.5218062079,2.0,
44.8328679107,65.5105921797,2.0,
44.8328933924,65.5279813156,2.0,
44.8329984184,65.5134403791,2.0,
44.8330044883,65.4970379373,1.0,
44.8330378618,65.5053160245,2.0,
44.8330538144,65.5145647923,4.0,
44.8330633187,65.533735081,2.0,
44.8330732727,65.5146141227,2.0,
44.8330907511,65.5053375615,16.0,
44.833101103,65.5054703361,1.0,
44.8331086991,65.5024873868,4.0,
44.8331472289,65.5277865063,4.0,
44.8331645395,65.5344648581,4.0,
44.8331827197,65.5118130776,8.0,
44.8332377818,65.5209849577,2.0,
44.8332443023,65.503386892,1.0,
44.8332899917,65.5064203913,8.0,
44.8332900346,65.5290532157,2.0,
44.8332949461,65.5065086489,1.0,
44.8333089528,65.4849882671,1.0,
44.8333299395,65.5158936585,1.0,
44.8333774557,65.5265669586,1.0,
44.8334615633,65.5179193887,4.0,
44.8334618819,65.4350955192,1.0,
44.83349806,65.5102031496,1.0,
44.8335106131,65.5084407609,2.0,
44.8335328948,65.5326726652,4.0,
44.8335346834,65.5093406578,1.0,
44.8336540722,65.5308847359,4.0,
44.8337037416,65.5321847892,8.0,
44.8337083603,65.5256438798,2.0,
44.8337165249,65.4871141641,1.0,
44.833734305,65.5756209057,1.0,
44.8337414643,65.5187602829,4.0,
44.8337417412,65.52053711,1.0,
44.8337555616,65.5351863767,1.0,
44.8337722724,65.5156392518,2.0,
44.8337792225,65.5006496731,4.0,
44.833803247,65.537093563,8.0,
44.8338166635,65.5223267946,2.0,
44.8338235671,65.4981383939,1.0,
44.8338459507,65.5275016582,1.0,
44.8338470824,65.5151413404,1.0,
44.8338880035,65.5127983925,2.0,
44.8338976314,65.5039229672,4.0,
44.8338987675,65.5168334877,1.0,
44.8339406657,65.5026497775,1.0,
44.8341367201,65.4881892666,1.0,
44.8341485287,65.5052804445,1.0,
44.8341488332,65.4967224173,1.0,
44.8341893548,65.521193312,2.0,
44.8342206262,65.5362717911,1.0,
44.8342723387,65.5255403685,1.0,
44.8342759403,65.5241488496,4.0,
44.8342761537,65.500047726,1.0,
44.8342766798,65.5144702012,2.0,
44.8342843952,65.5318526542,2.0,
44.8342938449,65.4618143556,1.0,
44.83432214,65.5230387338,4.0,
44.8343238868,65.5291555485,2.0,
44.8343313863,65.5081132186,2.0,
44.8344093186,65.5266746939,1.0,
44.8344520266,65.5178533453,4.0,
44.8344854449,65.5360319197,8.0,
44.8345012853,65.5190459414,2.0,
44.8345160726,65.5288150626,1.0,
44.8345206233,65.529852202,1.0,
44.8345284547,65.5040919449,8.0,
44.834536079,65.5025053177,2.0,
44.8345476337,65.5127849708,4.0,
44.8345653229,65.5012573853,1.0,
44.834578608,65.5161626562,4.0,
44.8346070157,65.5117302135,1.0,
44.834633205,65.5245318483,2.0,
44.8346558719,65.526162516,2.0,
44.8346794593,65.5095371436,2.0,
44.8346878612,65.5220425561,2.0,
44.8347172905,65.5330633352,4.0,
44.8347256504,65.5035502304,1.0,
44.8347403031,65.5349501769,16.0,
44.8347581393,65.5072551315,1.0,
44.8347974093,65.5349594033,2.0,
44.8348466559,65.5025054856,1.0,
44.8348575655,65.5139808872,1.0,
44.834915399,65.5144182385,4.0,
44.8349344173,65.5168469329,1.0,
44.8349514592,65.4956546938,1.0,
44.8349709057,65.5003716747,2.0,
44.8349722598,65.5367448246,4.0,
44.8349886202,65.5130229171,2.0,
44.8351084771,65.497542891,2.0,
44.8351199573,65.4885469745,1.0,
44.8351285505,65.542163547,1.0,
44.8351310427,65.509666168,8.0,
44.8351669112,65.5318629137,1.0,
44.8351741316,65.4990950459,1.0,
44.8352451109,65.5355174644,8.0,
44.8352463092,65.5304114706,8.0,
44.8352773696,65.5159912462,1.0,
44.8352941335,65.4971394333,1.0,
44.8352979133,65.5293626917,2.0,
44.8353376765,65.5111167589,4.0,
44.8353472491,65.511944858,2.0,
44.8353812077,65.5121656516,1.0,
44.8353947289,65.507245095,4.0,
44.8354035787,65.5037875198,2.0,
44.8354090416,65.5228643835,4.0,
44.8354142463,65.5321516979,2.0,
44.8354480428,65.5063404468,4.0,
44.8354494184,65.5346419474,1.0,
44.8354509192,65.4957465603,2.0,
44.8354591902,65.4966182814,4.0,
44.8354718059,65.5291583414,4.0,
44.8354913345,65.5341697419,8.0,
44.8355441475,65.520751628,2.0,
44.8355504835,65.5153257527,4.0,
44.8355912472,65.5052848623,4.0,
44.8355916716,65.5167029152,4.0,
44.8356089586,65.510935899,1.0,
44.8356136861,65.5269679005,2.0,
44.8356251924,65.4947808779,4.0,
44.8356259856,65.5219657682,1.0,
44.835649789,65.4981679449,1.0,
44.8356709446,65.5255920119,1.0,
44.8356856941,65.4999243442,1.0,
44.8356889483,65.5144355682,1.0,
44.8357135932,65.536487002,2.0,
44.8357145407,65.5129595781,4.0,
44.8357393867,65.5022616437,1.0,
44.8357660034,65.5364700912,1.0,
44.8357983971,65.503599145,4.0,
44.835802596,65.534266508,2.0,
44.8358307094,65.5090627068,1.0,
44.8359482126,65.5205686406,1.0,
44.8359518583,65.5077269559,2.0,
44.8359649185,65.4993264918,2.0,
44.8359793815,65.5242484063,1.0,
44.8360180492,65.5279405752,4.0,
44.8360667028,65.5343865086,4.0,
44.8360824161,65.5014344868,4.0,
44.8360876438,65.5266204136,1.0,
44.8362095962,65.4936805837,2.0,
44.8362182988,65.5123160792,1.0,
44.8362561994,65.5118252015,4.0,
44.836265466,65.5301989601,8.0,
44.836271064,65.5356236769,4.0,
44.8362724943,65.5035008555,2.0,
44.8362918251,65.5061881848,1.0,
44.8363074426,65.4947376212,1.0,
44.8363249167,65.5339985341,8.0,
44.8363316322,65.5287729485,4.0,
44.8363527334,65.5099420776,1.0,
44.8363783633,65.513944818,4.0,
44.8363816791,65.5191381753,1.0,
44.8363902516,65.5109791931,4.0,
44.8363965941,65.522578562,2.0,
44.8364298683,65.521319479,4.0,
44.8364976327,65.5324029351,1.0,
44.8365055349,65.505156784,4.0,
44.8365298056,65.515586738,2.0,
44.8366052919,65.5362426282,1.0,
44.8366516651,65.4862524142,1.0,
44.8366685334,65.5149710785,1.0,
44.8366747082,65.5034069167,1.0,
44.8367007469,65.5234015957,4.0,
44.8367160158,65.5759881331,1.0,
44.836721513,65.5075791958,1.0,
44.8367256746,65.526085632,4.0,
44.8367261813,65.5164162374,2.0,
44.8367530606,65.5420030165,1.0,
44.8367646865,65.5084748674,4.0,
44.8367798943,65.5094497233,8.0,
44.8367831235,65.5318958942,8.0,
44.8368122023,65.49732569,1.0,
44.836825548,65.5298808546,2.0,
44.8368435633,65.5020144743,4.0,
44.8368716931,65.5133710053,2.0,
44.8369167482,65.5166134978,1.0,
44.8369393938,65.5350590809,8.0,
44.8369441374,65.5287300173,2.0,
44.8369480611,65.5191931679,2.0,
44.8369629656,65.5160635148,4.0,
44.8370147993,65.5279361858,8.0,
44.8370164772,65.5698088294,1.0,
44.8370477761,65.5124769295,4.0,
44.8370751924,65.5198734143,1.0,
44.8370898323,65.5090245452,1.0,
44.837118383,65.492056561,1.0,
44.8371204939,65.5003308048,1.0,
44.8371249866,65.503265784,2.0,
44.8371333632,65.5047139251,2.0,
44.837192037,65.534221076,1.0,
44.8372069823,65.5343253533,4.0,
44.8372283346,65.5294933862,4.0,
44.8372666461,65.5066435224,4.0,
44.8373202612,65.5103770296,1.0,
44.8373214311,65.5027731129,1.0,
44.837321519,65.5174873723,1.0,
44.8373335063,65.4965473598,4.0,
44.837409025,65.5324747275,1.0,
44.8374302917,65.5126616183,1.0,
44.8374333421,65.5081912165,2.0,
44.8374740844,65.4930850703,1.0,
44.8374740976,65.5190944667,4.0,
44.8374983199,65.5169310657,2.0,
44.8375043853,65.4917769783,2.0,
44.8375719887,65.4992027138,1.0,
44.8376030079,65.5659657207,1.0,
44.8376239353,65.5642691001,1.0,
44.8376476856,65.5113694078,1.0,
44.8376600467,65.5286857924,4.0,
44.8376625433,65.5542084084,1.0,
44.8376874587,65.5076865945,8.0,
44.8377036533,65.5032750252,4.0,
44.8377059292,65.5065074924,1.0,
44.8377209462,65.5180389529,2.0,
44.8377507223,65.5224084531,1.0,
44.8377970417,65.5009336843,4.0,
44.8377974937,65.5165143146,1.0,
44.8378440727,65.5105794387,2.0,
44.8379083966,65.5045215121,4.0,
44.8379337219,65.5183740563,1.0,
44.8379351028,65.4955236233,1.0,
44.837962141,65.521370898,1.0,
44.8379705981,65.4960597971,2.0,
44.8379973924,65.5088147467,4.0,
44.8379986904,65.500109449,4.0,
44.8380083218,65.5241993263,1.0,
44.8380181463,65.5115142952,2.0,
44.8380298638,65.5153317444,1.0,
44.8380422292,65.5122755041,8.0,
44.8380515614,65.5234768805,4.0,
44.8380788988,65.525349294,4.0,
44.8381604413,65.5179868162,4.0,
44.8382764433,65.5213456377,2.0,
44.8383018234,65.5067118326,2.0,
44.8383370047,65.4928239014,4.0,
44.838375625,65.4864005535,1.0,
44.8383968666,65.4913793795,8.0,
44.8384055282,65.5126014972,1.0,
44.8384217765,65.5073817094,1.0,
44.8384268192,65.5173801935,1.0,
44.8384413739,65.494063204,8.0,
44.8384739214,65.5079223627,2.0,
44.8385025571,65.5163660082,4.0,
44.8385113125,65.5057628925,1.0,
44.8385544545,65.4870918715,2.0,
44.8385698741,65.5150391621,4.0,
44.8386149165,65.5227863704,2.0,
44.8386292728,65.5016817211,1.0,
44.8386407155,65.5041102655,1.0,
44.838644214,65.5004088771,1.0,
44.8386465567,65.5101266494,4.0,
44.8386659161,65.4989610783,8.0,
44.8387056347,65.5001088923,2.0,
44.8387260823,65.5174957854,2.0,
44.8387268644,65.5188498405,1.0,
44.8387303222,65.4879794852,2.0,
44.8387524664,65.4802286036,1.0,
44.8387527383,65.5030659933,2.0,
44.8387636364,65.5118745027,4.0,
44.8388184031,65.5132977436,2.0,
44.838871153,65.5116371031,1.0,
44.8388730404,65.5202324127,2.0,
44.8389426873,65.4967814058,8.0,
44.8389936548,65.5244971506,1.0,
44.8390139316,65.501667423,8.0,
44.8390142644,65.5029710787,8.0,
44.8390323542,65.5141863054,4.0,
44.8391393258,65.5063075952,4.0,
44.8391614318,65.504578508,4.0,
44.8391685296,65.4922736252,1.0,
44.8392300189,65.4890055686,2.0,
44.8393171541,65.5162156428,1.0,
44.8393843447,65.5178974137,4.0,
44.8393843901,65.5010602853,2.0,
44.8393908392,65.4821002087,2.0,
44.839473452,65.5180914298,1.0,
44.8394764397,65.5193691485,1.0,
44.839487153,65.487964293,16.0,
44.8395279737,65.4931311359,8.0,
44.8395523254,65.4979708564,4.0,
44.8395645421,65.4949065886,1.0,
44.8395671239,65.551399775,1.0,
44.8395798858,65.5119991653,2.0,
44.8396164384,65.4857683387,2.0,
44.8396410453,65.487297793,2.0,
44.8396605425,65.5223060844,2.0,
44.8396613508,65.5074016814,1.0,
44.8396702835,65.5084591411,2.0,
44.8396902106,65.4890408481,1.0,
44.8397181221,65.5228781858,1.0,
44.8397427923,65.4843182607,1.0,
44.8397587815,65.5087066099,16.0,
44.8397784555,65.5143156768,2.0,
44.8398058558,65.5151953044,16.0,
44.8398092186,65.4906921274,4.0,
44.8398191449,65.5109300323,4.0,
44.8398383368,65.5003052559,1.0,
44.8398431729,65.4875765046,1.0,
44.8398556352,65.5129917203,8.0,
44.8398664578,65.5096696009,4.0,
44.8398763707,65.4993445203,4.0,
44.8399071123,65.5160788273,2.0,
44.839938746,65.5059295613,1.0,
44.8399500694,65.5017812647,16.0,
44.8399915687,65.5005388491,8.0,
44.8400090712,65.5210860776,8.0,
44.8400325205,65.5243207468,1.0,
44.8400338938,65.4959725445,2.0,
44.8400583905,65.504252179,4.0,
44.840060175,65.4972678407,1.0,
44.840071016,65.5184662368,8.0,
44.8400940661,65.491926389,2.0,
44.8401383257,65.4949033884,4.0,
44.8401590016,65.4746367563,2.0,
44.8402227968,65.5053440824,8.0,
44.8402231074,65.506783149,16.0,
44.8402414946,65.4958920712,8.0,
44.8402680017,65.4876692793,8.0,
44.8402995943,65.4938323676,4.0,
44.840315085,65.4901858733,2.0,
44.8403490886,65.4810713755,1.0,
44.8403494435,65.4976589659,16.0,
44.8403552004,65.4890742589,2.0,
44.8403964021,65.512965909,16.0,
44.840407589,65.515738639,4.0,
44.8404444064,65.4980543025,1.0,
44.8404809183,65.4773143412,1.0,
44.8404960217,65.5079961846,8.0,
44.8405069064,65.5177380971,1.0,
44.8405118617,65.5217360488,1.0,
44.8405368555,65.4884706049,1.0,
44.8405390869,65.509366397,2.0,
44.8405427314,65.5086766046,4.0,
44.8405772283,65.5147351647,1.0,
44.8406456546,65.5102013603,1.0,
44.840692444,65.4964576671,4.0,
44.8407142968,65.4848790895,2.0,
44.8407149618,65.4764396758,1.0,
44.8407275122,65.4984791859,16.0,
44.8407324941,65.5117160218,8.0,
44.8407625935,65.5005022891,1.0,
44.8407652231,65.5038171492,1.0,
44.8407980031,65.4896432902,16.0,
44.8408133093,65.5239709873,4.0,
44.8408231115,65.4855620401,4.0,
44.8408441475,65.5027210691,4.0,
44.8408467335,65.5158956037,2.0,
44.8408563597,65.5191594368,1.0,
44.8408613322,65.48147287,2.0,
44.8408938645,65.4912485284,8.0,
44.8409576982,65.4801384423,1.0,
44.8409581654,65.4882480722,32.0,
44.8409706003,65.5137624608,2.0,
44.8409974737,65.4887573289,16.0,
44.8410071256,65.514117535,4.0,
44.8410091283,65.5085471801,1.0,
44.8410108625,65.4873283299,32.0,
44.8410225075,65.4736229203,2.0,
44.8410410381,65.4835053468,1.0,
44.8410609712,65.5025392434,16.0,
44.8410634927,65.5150347855,2.0,
44.8410676296,65.5036976151,2.0,
44.8410715199,65.4918037352,1.0,
44.8410924048,65.5058281147,2.0,
44.8410995672,65.4828613165,4.0,
44.8411296371,65.5054272975,1.0,
44.8411694639,65.5226322762,2.0,
44.8411698704,65.5167491502,2.0,
44.8411793111,65.5113141869,2.0,
44.8412061497,65.4935824549,8.0,
44.8412103084,65.4782660977,4.0,
44.8412151603,65.5201500333,2.0,
44.841229086,65.4921705833,4.0,
44.8412390302,65.5169162558,1.0,
44.8412478137,65.4790821692,1.0,
44.8412636547,65.492196952,2.0,
44.8412654752,65.4738628551,1.0,
44.8412827815,65.4906604451,32.0,
44.8412876628,65.5104284356,2.0,
44.8412946729,65.5150880501,16.0,
44.8413196058,65.5154621772,1.0,
44.841324003,65.5131021514,4.0,
44.8413384218,65.5082030375,8.0,
44.8413552746,65.4937128943,4.0,
44.8413659153,65.4879140667,8.0,
44.8413724614,65.5250663235,1.0,
44.8413784022,65.5148805763,4.0,
44.8413845669,65.5186214772,4.0,
44.841396583,65.4952034252,4.0,
44.8414085908,65.4898853211,1.0,
44.8414303969,65.5356495095,1.0,
44.841434609,65.5260204035,1.0,
44.8414563839,65.4774193123,1.0,
44.8414635558,65.4938676425,2.0,
44.8414864784,65.4981302794,2.0,
44.8415088238,65.4926765107,16.0,
44.8415331492,65.4955185298,16.0,
44.8415424539,65.4946155248,16.0,
44.8415506449,65.4901866813,4.0,
44.8415546993,65.54152566,1.0,
44.8415585658,65.4749642913,2.0,
44.841711598,65.4723904571,4.0,
44.841716083,65.4972726465,16.0,
44.8417336762,65.5009052636,2.0,
44.8417413955,65.5104134957,1.0,
44.8417677994,65.5158969617,16.0,
44.8417703495,65.5231532845,1.0,
44.8417721831,65.485029783,1.0,
44.8417768703,65.5246965542,2.0,
44.8418284359,65.5249117142,4.0,
44.8418410193,65.4915418773,8.0,
44.8418681527,65.4901926855,2.0,
44.8418778262,65.4840579852,4.0,
44.8418784207,65.4891734957,32.0,
44.8418984507,65.4967419318,4.0,
44.841913128,65.4758857385,1.0,
44.8419574265,65.4875364535,1.0,
44.8419759743,65.4989736475,1.0,
44.8419964226,65.5128654201,1.0,
44.842007483,65.5195645261,2.0,
44.8420341893,65.5020448018,2.0,
44.8420514551,65.4960082626,2.0,
44.8420636354,65.5159487005,1.0,
44.8420662812,65.4985015096,8.0,
44.8421017432,65.4995261776,8.0,
44.8421111444,65.5080819677,4.0,
44.8421260818,65.5095994302,2.0,
44.8421352272,65.4921439984,1.0,
44.8421397027,65.5149378335,1.0,
44.8421574321,65.5062128429,2.0,
44.8421689469,65.4902772063,8.0,
44.8421863335,65.4738551421,2.0,
44.8422225374,65.5156987034,2.0,
44.8422335178,65.510462833,4.0,
44.8422345277,65.5082896078,2.0,
44.8422346724,65.4950861213,1.0,
44.8422438698,65.4864972909,32.0,
44.842258613,65.5121663174,4.0,
44.842264533,65.5011278174,8.0,
44.8422696209,65.500695639,4.0,
44.8422718818,65.4915511058,16.0,
44.8422939093,65.4850169991,2.0,
44.842295346,65.4868168127,4.0,
44.842305616,65.4714015692,2.0,
44.8423191626,65.5254182994,8.0,
44.8423903158,65.492814606,16.0,
44.8424174634,65.5021066262,16.0,
44.8424506039,65.4827994906,1.0,
44.8425115985,65.5214827186,2.0,
44.8425316842,65.4837669636,8.0,
44.8425326164,65.4892602454,1.0,
44.8425874023,65.5144556553,4.0,
44.8425915286,65.4978060652,32.0,
44.842593485,65.4936535128,4.0,
44.8425935235,65.5064901287,1.0,
44.842648243,65.5080972762,8.0,
44.8427324069,65.4712299726,1.0,
44.8427449349,65.4879693633,1.0,
44.8427579652,65.4978822364,8.0,
44.842765526,65.5012349753,2.0,
44.8427687521,65.4962083754,4.0,
44.8427747989,65.4939145445,1.0,
44.8427812992,65.4903206442,1.0,
44.8427883405,65.4890137745,4.0,
44.8428087872,65.4795155854,2.0,
44.8428217323,65.4753665606,2.0,
44.8428809206,65.4970569335,4.0,
44.8428857014,65.5626274141,1.0,
44.8429027459,65.5170431799,2.0,
44.8429367879,65.4943135769,16.0,
44.842964585,65.5263775337,4.0,
44.8429655829,65.5184868478,1.0,
44.8429774227,65.5054309148,8.0,
44.8429864634,65.5073425877,4.0,
44.8429886391,65.5039608786,2.0,
44.8429895167,65.4982668708,1.0,
44.8429897753,65.5203249709,2.0,
44.8429904925,65.522065522,1.0,
44.8430855601,65.4949458925,1.0,
44.8431017073,65.4835677385,1.0,
44.8431184982,65.4943333728,4.0,
44.8431250606,65.4930813793,2.0,
44.8431297883,65.5241912321,2.0,
44.8431347284,65.4912125084,32.0,
44.8431459118,65.4729571755,2.0,
44.8432291732,65.5131599978,4.0,
44.8432295393,65.4970237552,16.0,
44.8432433263,65.4755261683,1.0,
44.8432433984,65.4958346931,2.0,
44.8432509156,65.4842311685,2.0,
44.8432876852,65.528933041,1.0,
44.8432917275,65.5444837082,1.0,
44.8433114221,65.4922778705,4.0,
44.8433164382,65.4714853009,2.0,
44.8433190924,65.4858592936,1.0,
44.8433311927,65.5553125823,1.0,
44.8433368271,65.4955427423,16.0,
44.8433381923,65.4771400005,1.0,
44.8433480256,65.508761938,4.0,
44.8433775116,65.4886331411,2.0,
44.8433807363,65.4916634152,2.0,
44.8433903878,65.5004758681,2.0,
44.8434137519,65.4820077045,2.0,
44.8434270043,65.4785547452,1.0,
44.8434356139,65.4865734412,2.0,
44.8434544604,65.5320483889,1.0,
44.8434568722,65.511205031,8.0,
44.8435002482,65.5251753275,8.0,
44.8435147664,65.5017063333,8.0,
44.8435289341,65.5141141116,1.0,
44.843546296,65.5178478759,8.0,
44.8435519879,65.507216639,1.0,
44.8435960465,65.4842109982,16.0,
44.8436248023,65.5102205725,8.0,
44.84365258,65.4925263055,8.0,
44.8436664366,65.4790243044,2.0,
44.8436773739,65.5319780586,2.0,
44.8437033346,65.4901341022,16.0,
44.8437061693,65.5050499075,2.0,
44.8437124065,65.4763500109,4.0,
44.8437164699,65.5207919387,4.0,
44.8437343559,65.4876580827,4.0,
44.843743307,65.4861877666,4.0,
44.8437626014,65.5122241361,8.0,
44.8437858021,65.4931882853,4.0,
44.8437917886,65.5061550611,4.0,
44.8438326115,65.5258381506,1.0,
44.8438788552,65.5036349227,2.0,
44.8438825852,65.527191092,4.0,
44.8438959246,65.4952446628,2.0,
44.8439096766,65.4977072936,16.0,
44.8439169482,65.4965150572,2.0,
44.8439310022,65.5166789789,2.0,
44.8439361692,65.4898202194,1.0,
44.8439381932,65.5078860498,8.0,
44.8439745739,65.5154411232,1.0,
44.8439805386,65.5224080636,2.0,
44.8440076221,65.5051929905,4.0,
44.8440282071,65.4802348584,2.0,
44.8440606232,65.5017828341,4.0,
44.8440729122,65.5223663484,1.0,
44.8441279404,65.4981092451,1.0,
44.8441372825,65.5275659979,1.0,
44.8441478302,65.5113362759,2.0,
44.8441873986,65.4868693328,1.0,
44.844204187,65.4999246567,4.0,
44.8442117746,65.498787449,2.0,
44.8442312842,65.4678864033,1.0,
44.844262129,65.4927718489,2.0,
44.8442672177,65.4758903699,1.0,
44.8442707733,65.5018839823,1.0,
44.8442708358,65.4917738186,2.0,
44.8442760552,65.5168744259,4.0,
44.8443033111,65.5105876351,1.0,
44.8443033676,65.4840595197,2.0,
44.8443216142,65.4850896712,2.0,
44.8443297186,65.5193105808,8.0,
44.8443401851,65.4673648826,8.0,
44.8443428805,65.5334375251,1.0,
44.8443576187,65.4732263184,8.0,
44.8444530577,65.5213847222,2.0,
44.8444553257,65.5284769049,4.0,
44.8444565767,65.5045679321,2.0,
44.8444734119,65.4830052455,1.0,
44.8444794402,65.5084005769,2.0,
44.8445147504,65.5186857941,1.0,
44.8445339804,65.5010466289,8.0,
44.8445443201,65.5208351192,1.0,
44.8445527794,65.5310144148,2.0,
44.844576394,65.5119740949,8.0,
44.8446099339,65.5129606308,1.0,
44.8446173723,65.4989301252,4.0,
44.8446225843,65.5072689124,4.0,
44.8446620968,65.4864987977,4.0,
44.8446685473,65.513994686,1.0,
44.8446820069,65.5063219354,16.0,
44.8446821468,65.4997499961,8.0,
44.8447032632,65.509684035,4.0,
44.844704924,65.4875970556,1.0,
44.8447123273,65.5157425914,2.0,
44.8447406916,65.4972495906,1.0,
44.8447511195,65.4940728989,1.0,
44.8447523347,65.5008551664,1.0,
44.8447932956,65.5106967744,16.0,
44.8448234801,65.4669517619,1.0,
44.8448341066,65.5262081064,2.0,
44.8448414748,65.5164137433,1.0,
44.8448684729,65.5172978696,1.0,
44.8448736522,65.4904465141,1.0,
44.8449839045,65.5054723747,1.0,
44.8449989237,65.5068443886,2.0,
44.8450185146,65.4931076339,1.0,
44.8450206238,65.4655390056,2.0,
44.8450249321,65.513726419,2.0,
44.8450331106,65.4678868701,2.0,
44.845042342,65.5253604331,1.0,
44.8450477991,65.4987493992,1.0,
44.8450541894,65.4956963094,8.0,
44.8450758632,65.5198160972,2.0,
44.8450822492,65.5241779164,2.0,
44.8450909032,65.4950234351,4.0,
44.8450923465,65.4764679723,2.0,
44.8451234028,65.4836489463,1.0,
44.8451464645,65.4994710035,2.0,
44.8451783831,65.546142304,1.0,
44.8452198044,65.5005591298,16.0,
44.8452449558,65.4830657975,2.0,
44.8452886272,65.4646772556,2.0,
44.8452904184,65.505339937,2.0,
44.8453070305,65.4919512703,1.0,
44.8453076124,65.5014225614,8.0,
44.8453508262,65.4808069794,2.0,
44.8454006554,65.4896544597,16.0,
44.8454090551,65.514513063,4.0,
44.8454193601,65.5236496368,4.0,
44.8454258593,65.5022695255,1.0,
44.8454453005,65.4692557432,4.0,
44.8454550763,65.4660494568,8.0,
44.8454941622,65.5088065097,8.0,
44.8455118912,65.5069842882,8.0,
44.8455346943,65.5060880882,8.0,
44.8455387338,65.4662120282,1.0,
44.8455482451,65.4735000317,1.0,
44.8455518897,65.5116763152,1.0,
44.8455807352,65.4663328318,4.0,
44.8455890051,65.5102410291,4.0,
44.8456003213,65.4799945801,2.0,
44.8456438358,65.4966490965,8.0,
44.8456540327,65.5046472724,4.0,
44.8456607359,65.4818028429,4.0,
44.8456715529,65.5038237132,2.0,
44.8456781022,65.4752256727,2.0,
44.8457003089,65.5126612894,8.0,
44.8457003916,65.5079977309,2.0,
44.845718874,65.5030181188,16.0,
44.8457475783,65.5227236851,4.0,
44.8457619205,65.4650755765,4.0,
44.8457940062,65.4677338446,8.0,
44.8457959819,65.516009516,4.0,
44.8457996245,65.5025434569,4.0,
44.8458002293,65.5152360226,2.0,
44.8458120039,65.517115439,2.0,
44.8458142706,65.546034664,2.0,
44.8458307862,65.4803158545,1.0,
44.8458317054,65.5207753912,4.0,
44.8458357961,65.5301337977,1.0,
44.8458358657,65.4845672413,1.0,
44.8458423807,65.4690405585,1.0,
44.8458565401,65.5095700183,2.0,
44.8458599487,65.4690501106,2.0,
44.845863005,65.5280695817,1.0,
44.8458944656,65.4974453148,2.0,
44.8459310977,65.4721986017,1.0,
44.8459336708,65.4976960137,1.0,
44.8459613963,65.5110337627,4.0,
44.8459744986,65.4791511037,2.0,
44.8459916095,65.5132504619,2.0,
44.8460332929,65.5009420229,1.0,
44.8460567553,65.4637665766,2.0,
44.8460575319,65.5415849136,1.0,
44.8460746845,65.49974469,4.0,
44.8461495724,65.5437305681,1.0,
44.8461631412,65.4959696781,8.0,
44.846173243,65.5049195294,2.0,
44.8461827192,65.5031727124,1.0,
44.8462036156,65.4918335156,1.0,
44.8462075849,65.5175207769,1.0,
44.8462628509,65.4760639966,1.0,
44.8462755456,65.4983490953,4.0,
44.8462816387,65.5073577352,8.0,
44.8463101774,65.4944211022,1.0,
44.8463131792,65.5515156173,1.0,
44.8463271538,65.5427582343,1.0,
44.8463291955,65.4895513336,4.0,
44.8463709831,65.4697817587,2.0,
44.8463916359,65.4688266425,4.0,
44.8464011549,65.5150162645,1.0,
44.8464626628,65.5112859488,2.0,
44.8464626765,65.4670394869,8.0,
44.8465058194,65.528448788,2.0,
44.8465089712,65.4877150601,1.0,
44.846521007,65.4986473926,1.0,
44.8465344711,65.4786152736,1.0,
44.8465404694,65.4858150415,1.0,
44.8465486998,65.528711659,1.0,
44.8465523838,65.4754791486,4.0,
44.8465753817,65.4768791771,2.0,
44.8465758987,65.5039587527,1.0,
44.8465827091,65.4625733574,2.0,
44.8466055668,65.5495747382,1.0,
44.8466261288,65.4948890956,2.0,
44.8466327426,65.5006652518,16.0,
44.8466454346,65.464723687,4.0,
44.8466587451,65.5086265956,2.0,
44.8466723051,65.4900967363,1.0,
44.8466774952,65.4658307113,16.0,
44.8467014361,65.5028972071,2.0,
44.8467047261,65.5215469173,8.0,
44.8467048303,65.4743954243,4.0,
44.8467486612,65.4975959512,8.0,
44.8467695773,65.5097676342,2.0,
44.8468445487,65.4926234065,2.0,
44.8468496137,65.5145489496,4.0,
44.846908336,65.464235003,8.0,
44.8469357693,65.5103494762,4.0,
44.8469358898,65.4969139241,1.0,
44.8469411206,65.4962049773,2.0,
44.8469461609,65.512683072,4.0,
44.8469507497,65.4808698366,4.0,
44.8469693312,65.491704729,2.0,
44.8469699959,65.4900438366,8.0,
44.8470162708,65.4678333281,1.0,
44.8470376723,65.5119851371,2.0,
44.8470596099,65.4962160042,4.0,
44.8470611486,65.5470040259,4.0,
44.8470979262,65.5177049123,1.0,
44.8471303508,65.4950894612,4.0,
44.8471517808,65.4636520493,4.0,
44.8471738698,65.5051120283,2.0,
44.8471836452,65.5222198567,2.0,
44.8472000403,65.467242873,2.0,
44.847231309,65.5437796906,2.0,
44.8472409054,65.5482586919,1.0,
44.8472579687,65.5227397793,4.0,
44.8472609212,65.4958163004,1.0,
44.8473000568,65.4882346447,4.0,
44.8473085382,65.4704567222,1.0,
44.8473438164,65.4616440859,4.0,
44.8474010857,65.4615418093,2.0,
44.8474097356,65.5153223471,1.0,
44.8474209229,65.4769691249,8.0,
44.8474315648,65.492906135,4.0,
44.8474452493,65.4694929696,2.0,
44.847448816,65.5080466461,1.0,
44.847456284,65.4848608386,1.0,
44.8474891329,65.4962377037,8.0,
44.8475242496,65.4994331118,4.0,
44.8475541484,65.5003922745,8.0,
44.8475568048,65.4753307285,2.0,
44.8475579036,65.5270510675,4.0,
44.8475599531,65.5085667733,4.0,
44.8475840901,65.5018287239,4.0,
44.8476295201,65.5017690266,2.0,
44.8476392654,65.4902182641,4.0,
44.8476398991,65.5447865473,2.0,
44.8476830346,65.5266440725,1.0,
44.847702889,65.4953615199,2.0,
44.8477093076,65.468572039,1.0,
44.8477241096,65.4664701315,8.0,
44.8477478133,65.5098798892,4.0,
44.847806893,65.5025643269,8.0,
44.8478383158,65.4882036179,1.0,
44.8478455074,65.4873574496,8.0,
44.8478775841,65.523278974,1.0,
44.8478848278,65.4654447033,8.0,
44.8478914938,65.5113514461,2.0,
44.8478988538,65.4930971539,1.0,
44.8479145475,65.5209483531,1.0,
44.8479328908,65.4779101152,4.0,
44.8479415798,65.5138729567,1.0,
44.8479578946,65.5045520597,2.0,
44.8479614311,65.4639251313,1.0,
44.8480016431,65.5108322885,1.0,
44.848012232,65.496977239,4.0,
44.8480658871,65.4831723233,2.0,
44.8481216929,65.5307050376,1.0,
44.8482332645,65.463111252,2.0,
44.8482399071,65.4660846261,2.0,
44.8482404265,65.4793463914,1.0,
44.8482558704,65.4958274409,4.0,
44.8482575744,65.5083112486,1.0,
44.8482894931,65.498108701,2.0,
44.8483038593,65.4764446646,1.0,
44.8483171921,65.4926130157,8.0,
44.8483247204,65.4668632012,4.0,
44.8483570032,65.4682666708,2.0,
44.8484189921,65.4836759684,1.0,
44.8484367537,65.5053120284,4.0,
44.8484573395,65.4906209175,2.0,
44.8484595605,65.5252433226,1.0,
44.8484657739,65.5037936746,2.0,
44.84846693,65.4997587355,4.0,
44.8485566183,65.5101407102,1.0,
44.8485645752,65.4847525037,2.0,
44.8485858196,65.4883606114,2.0,
44.8486002498,65.547962282,1.0,
44.8486313014,65.5062746129,2.0,
44.8486318593,65.5258310202,4.0,
44.8486568349,65.4777339443,1.0,
44.8486883026,65.4971199641,2.0,
44.8486957313,65.5010179039,4.0,
44.8487058714,65.5139913062,2.0,
44.848711974,65.4801721135,2.0,
44.8487272718,65.531377293,1.0,
44.8487374256,65.4894839656,2.0,
44.8487390026,65.4893889609,1.0,
44.8487527733,65.4748038118,4.0,
44.8487941591,65.5007050654,2.0,
44.8487989328,65.5092339169,2.0,
44.8487998873,65.5234132406,1.0,
44.8488027744,65.5075949252,1.0,
44.8488473852,65.5109646566,2.0,
44.8488584236,65.4935640178,2.0,
44.8488928953,65.4940997414,1.0,
44.8489189415,65.4641765085,2.0,
44.8489471522,65.4933023734,4.0,
44.8490120075,65.5508608614,1.0,
44.8490501109,65.5295609445,1.0,
44.8490596111,65.5432146556,1.0,
44.8490792066,65.4673796926,4.0,
44.8490953769,65.5017575816,1.0,
44.8491187878,65.5199962773,2.0,
44.8491295587,65.4959424266,4.0,
44.8491324928,65.4954518836,1.0,
44.8491438851,65.4965288293,8.0,
44.8491517024,65.5124589963,1.0,
44.8491532886,65.4986205951,2.0,
44.8491721196,65.5132445944,2.0,
44.849188263,65.5187329567,1.0,
44.8491948264,65.5491668754,1.0,
44.84922236,65.4738323648,1.0,
44.8492329831,65.484091437,4.0,
44.8492500774,65.4840619231,2.0,
44.8492812639,65.4769038379,1.0,
44.8492821693,65.4813075891,1.0,
44.849288055,65.4913819497,8.0,
44.8493709367,65.4683105725,8.0,
44.8494105163,65.5086274714,2.0,
44.8494459348,65.5000897652,1.0,
44.8494518996,65.4801850828,1.0,
44.8494644918,65.5005995116,4.0,
44.8495003481,65.4749838341,2.0,
44.8495113986,65.4662806487,8.0,
44.8495390488,65.4779637504,1.0,
44.849548473,65.5069669374,1.0,
44.8495762739,65.5043401627,2.0,
44.8496116038,65.5444976867,1.0,
44.849630655,65.4882337712,1.0,
44.849642139,65.5022009073,8.0,
44.8496671699,65.4979123963,2.0,
44.8496814806,65.4622605298,2.0,
44.8496875071,65.4894957828,1.0,
44.8497020826,65.4770220153,2.0,
44.8497378491,65.5531333035,1.0,
44.8497421643,65.5015954845,4.0,
44.8497469987,65.4969110171,4.0,
44.849747729,65.4681183006,2.0,
44.8497643332,65.5000514766,2.0,
44.8498359994,65.5208713523,2.0,
44.8498549783,65.4925986635,2.0,
44.8499040034,65.4671420913,4.0,
44.8499111513,65.4996636481,4.0,
44.8499132438,65.5247951524,8.0,
44.8499185001,65.5285153343,2.0,
44.8499472101,65.5297220281,1.0,
44.8500121567,65.5206574112,1.0,
44.8500138783,65.4959444718,4.0,
44.8500767883,65.5479688893,2.0,
44.8500881636,65.4905217625,1.0,
44.850117808,65.483600967,1.0,
44.8501640994,65.5249034334,4.0,
44.8501685168,65.5385361899,1.0,
44.8502288448,65.4756690992,2.0,
44.8502357186,65.4705055112,1.0,
44.8502513362,65.469146185,4.0,
44.8502582623,65.5057925766,4.0,
44.8502806719,65.5086706837,2.0,
44.8503086037,65.4652939183,16.0,
44.8503104389,65.5317820221,2.0,
44.8503212443,65.4691968323,1.0,
44.8503379544,65.5109884485,2.0,
44.8503675065,65.4913755619,2.0,
44.8503726362,65.4928583207,8.0,
44.8503982434,65.4716851295,1.0,
44.8504403269,65.4961570772,8.0,
44.8504468981,65.4672701013,1.0,
44.850482915,65.4661455916,8.0,
44.8505190143,65.4974367712,4.0,
44.8505198709,65.4684886626,2.0,
44.85052009,65.4913939969,1.0,
44.8505252252,65.4800130966,2.0,
44.8505267673,65.5429116574,1.0,
44.8505435621,65.5272809749,4.0,
44.8505596169,65.4632344489,1.0,
44.8505787122,65.5050324181,1.0,
44.8506034814,65.4946918585,1.0,
44.8506138284,65.5034121848,4.0,
44.8506142473,65.4982662168,2.0,
44.8506165881,65.4649166097,8.0,
44.8506280639,65.4941080336,8.0,
44.8506631108,65.4989782553,1.0,
44.850669827,65.5354619929,1.0,
44.8506879787,65.4950980119,4.0,
44.85073281,65.5223423686,1.0,
44.8507377131,65.4829683981,4.0,
44.8507447421,65.4672473747,4.0,
44.8507488408,65.5377065966,2.0,
44.8507699787,65.5012876278,1.0,
44.8507915681,65.4683961086,1.0,
44.8508295341,65.4963359296,2.0,
44.8508380842,65.4824376371,1.0,
44.8508421449,65.5254415744,1.0,
44.8508598181,65.5042657288,8.0,
44.850896563,65.4894111524,1.0,
44.8509013822,65.5095433598,2.0,
44.8509034575,65.4968376408,1.0,
44.8509156919,65.4932808499,2.0,
44.8509231373,65.4920591927,2.0,
44.8509255102,65.4775311336,2.0,
44.8509415218,65.469823274,4.0,
44.850961478,65.524630799,2.0,
44.8509694256,65.4898562582,4.0,
44.8509728317,65.54366955,1.0,
44.851016842,65.4981848438,1.0,
44.8510328523,65.4654327296,1.0,
44.8510660806,65.4997890426,1.0,
44.8511158035,65.4657817168,2.0,
44.8511399219,65.4972092668,2.0,
44.851151263,65.5474806846,1.0,
44.8512150917,65.493503105,1.0,
44.8512704876,65.5039591421,2.0,
44.8512759581,65.4992702792,2.0,
44.8513037567,65.4698200998,1.0,
44.8513093818,65.4884634667,4.0,
44.8513232613,65.5266196952,4.0,
44.8513833767,65.4684651927,16.0,
44.8514128399,65.4832594549,2.0,
44.8514318523,65.4684328603,2.0,
44.8514508575,65.5018411428,4.0,
44.8514695426,65.4670337472,8.0,
44.8514797657,65.4709261467,4.0,
44.8514881572,65.5029841689,2.0,
44.8515065654,65.4854240945,2.0,
44.8515284777,65.5238879715,4.0,
44.8515361412,65.4863840819,1.0,
44.8515706364,65.4910137558,1.0,
44.8515728129,65.5051262188,2.0,
44.8516361069,65.4758069686,2.0,
44.8516451241,65.4936921165,16.0,
44.8516495257,65.4809149299,1.0,
44.8516526357,65.5257471273,1.0,
44.8516553492,65.4676779086,4.0,
44.8517367184,65.4912915631,8.0,
44.8517373551,65.4989018731,16.0,
44.8517405346,65.5000750882,4.0,
44.851781983,65.5065850097,2.0,
44.8517980829,65.4872228803,2.0,
44.8518292471,65.4953261032,2.0,
44.8519267823,65.5329820551,1.0,
44.8519823612,65.4977466061,4.0,
44.8519852736,65.5083388417,2.0,
44.851994781,65.4682971727,1.0,
44.8520018025,65.4977201159,1.0,
44.8520209352,65.4618793771,1.0,
44.8520325034,65.4915425045,2.0,
44.8520416351,65.477089685,1.0,
44.852063427,65.5358598015,1.0,
44.8520716795,65.4780585316,2.0,
44.8521203464,65.5033445049,1.0,
44.8521355247,65.5383718413,4.0,
44.8521910326,65.4961140707,2.0,
44.852193982,65.5262492361,4.0,
44.8522102576,65.5196770008,2.0,
44.8522136662,65.5005167277,1.0,
44.8523133638,65.4684105578,2.0,
44.8523263272,65.4966721809,8.0,
44.8523263593,65.4761801078,4.0,
44.8523762977,65.4652112447,1.0,
44.8524071801,65.5286503933,1.0,
44.8524246346,65.4820981993,1.0,
44.852458853,65.4955283216,4.0,
44.8524631063,65.4691765328,4.0,
44.8525064599,65.466506771,1.0,
44.8525432428,65.5086775543,4.0,
44.8525550755,65.5270022679,2.0,
44.8525647605,65.4783834069,1.0,
44.8525699503,65.5393506893,1.0,
44.852574588,65.5240970563,1.0,
44.8525854583,65.4666216826,4.0,
44.8525877746,65.5351823453,1.0,
44.8525887513,65.4677830868,4.0,
44.852590948,65.5314361721,1.0,
44.8526013645,65.4716796086,4.0,
44.8526287981,65.4708209989,4.0,
44.8526454045,65.5143228549,1.0,
44.8527144896,65.4658435632,8.0,
44.8527272579,65.491740722,4.0,
44.8527292849,65.4729954916,4.0,
44.8527363855,65.5020036779,1.0,
44.852799579,65.4748160703,1.0,
44.8528088984,65.5185076148,4.0,
44.8528323376,65.5229998597,2.0,
44.8528527362,65.4912838284,2.0,
44.8528723209,65.516087479,2.0,
44.8529246305,65.537784758,2.0,
44.852928171,65.527171594,8.0,
44.8529492786,65.4860228741,1.0,
44.8529674233,65.4887287764,4.0,
44.8529750948,65.5221746208,1.0,
44.8529754687,65.4832844634,2.0,
44.8529799485,65.5081900767,1.0,
44.8529824598,65.5123915281,1.0,
44.8529911572,65.4976917166,4.0,
44.8530197723,65.4946871881,16.0,
44.8530219295,65.4885442436,8.0,
44.8530378713,65.4697140276,1.0,
44.8530788483,65.5067160606,1.0,
44.8530836936,65.4808100556,4.0,
44.8530888655,65.5418723677,2.0,
44.8530891294,65.4935712568,1.0,
44.8530900512,65.5369554085,4.0,
44.8531235418,65.5011987378,4.0,
44.8531265824,65.4864763064,4.0,
44.8531379829,65.5202180858,2.0,
44.8531397764,65.4875373365,4.0,
44.8531679914,65.5037492844,1.0,
44.8531977103,65.4702974752,8.0,
44.8532010643,65.5152732591,4.0,
44.8532797151,65.4722436829,2.0,
44.8532890175,65.5272537531,1.0,
44.8533093023,65.5174909277,2.0,
44.8533269116,65.4857427127,2.0,
44.8533746454,65.5196493516,1.0,
44.8533808407,65.5148226247,1.0,
44.8533920176,65.5244077852,1.0,
44.853400476,65.4772041347,1.0,
44.8534608268,65.4784457845,1.0,
44.8534700851,65.4767896617,4.0,
44.8534798294,65.5281049657,1.0,
44.8535023933,65.469179726,2.0,
44.8535158881,65.5007098604,2.0,
44.8535277782,65.478919043,2.0,
44.8535420581,65.4711290923,8.0,
44.8535805272,65.516421094,1.0,
44.8536307162,65.4951407735,4.0,
44.8536715032,65.4958090424,1.0,
44.8536847374,65.5386980207,2.0,
44.8536976167,65.4919728138,1.0,
44.8537094983,65.5049693831,1.0,
44.8537252915,65.4663309005,1.0,
44.8537305011,65.4672791075,4.0,
44.8537329531,65.4868324942,2.0,
44.8537341061,65.4704464706,2.0,
44.8537791485,65.4984348723,1.0,
44.8537971554,65.487309499,1.0,
44.8538252138,65.484521817,1.0,
44.8538256318,65.4880253666,2.0,
44.8538442226,65.4842195894,2.0,
44.8538908586,65.4798369742,1.0,
44.8539132039,65.4736826125,8.0,
44.8539400666,65.4908329809,2.0,
44.8539628949,65.4929163247,8.0,
44.8539630456,65.4909442277,1.0,
44.8539935295,65.4903534703,4.0,
44.8540414053,65.4951031763,2.0,
44.8541207735,65.4829383981,2.0,
44.8541829473,65.4690933934,8.0,
44.8542040627,65.5232142634,1.0,
44.8542383595,65.4750572323,1.0,
44.8543046089,65.4726554768,8.0,
44.8543629738,65.4697721803,1.0,
44.8543669933,65.5112842615,1.0,
44.8544690116,65.4968616686,1.0,
44.8544792229,65.4734573866,4.0,
44.8544915341,65.4791738737,2.0,
44.8545066038,65.4664159447,2.0,
44.8545230722,65.467674185,1.0,
44.8545301581,65.4803349773,2.0,
44.8545524969,65.5007545798,1.0,
44.8545715452,65.526485792,4.0,
44.8545958614,65.4816796824,1.0,
44.8546106016,65.5380603258,2.0,
44.8546502587,65.5349193086,1.0,
44.854666941,65.5283626008,1.0,
44.8546675855,65.5312958184,2.0,
44.8546898408,65.5242106122,4.0,
44.854747302,65.4980091109,1.0,
44.8547597217,65.5159203688,1.0,
44.8549009255,65.4686255552,4.0,
44.8549081074,65.5138410476,2.0,
44.8549661848,65.5178022611,1.0,
44.8549870256,65.5049312191,2.0,
44.8550950153,65.5300362826,2.0,
44.8551006425,65.5061491135,4.0,
44.8551429306,65.4795707608,1.0,
44.8551718029,65.4690013143,2.0,
44.855205225,65.5272671229,2.0,
44.8552658902,65.5214290864,2.0,
44.8552915148,65.5062151026,2.0,
44.8553513178,65.4892525065,1.0,
44.8553537517,65.5081670396,1.0,
44.855640882,65.507775953,2.0,
44.8556642183,65.4703068786,8.0,
44.855749525,65.5324821325,2.0,
44.8557758865,65.5408633448,1.0,
44.8558241446,65.4809340253,1.0,
44.8559013637,65.46945026,1.0,
44.8559164226,65.471090458,4.0,
44.8559873289,65.4703372548,2.0,
44.8560259581,65.4686769442,4.0,
44.8560699213,65.5240038453,2.0,
44.8560844801,65.5219998922,1.0,
44.8561057855,65.5040987286,2.0,
44.8561069714,65.5283163044,1.0,
44.8561643784,65.5187171387,1.0,
44.8561938845,65.5014397309,1.0,
44.856203937,65.53162706,4.0,
44.8562421267,65.5177252688,1.0,
44.8562475857,65.4990824315,1.0,
44.8562929258,65.4600101226,2.0,
44.856295554,65.470261449,1.0,
44.8563686925,65.4928112313,2.0,
44.8563844561,65.5050288601,1.0,
44.8565386261,65.530520211,8.0,
44.8565421083,65.4996771974,2.0,
44.8566442939,65.4923632153,1.0,
44.8566632259,65.5133442436,2.0,
44.8567327377,65.5097728474,2.0,
44.8567463515,65.4758152834,1.0,
44.8567665599,65.4837621814,1.0,
44.8568579256,65.4611018708,1.0,
44.856864029,65.4566591417,1.0,
44.8568698112,65.5244331924,1.0,
44.8568700219,65.5265088108,1.0,
44.8570024902,65.535600729,1.0,
44.8570201346,65.5058046853,1.0,
44.8570227493,65.5317005186,2.0,
44.8571112089,65.5190650209,2.0,
44.8571141838,65.5023555859,4.0,
44.8571559331,65.4588117802,2.0,
44.8571604232,65.4580141548,4.0,
44.8571635253,65.5294970276,2.0,
44.8571703042,65.4741792136,1.0,
44.8572152576,65.5337148137,1.0,
44.8574084433,65.4903480505,2.0,
44.8574264033,65.4870632648,1.0,
44.8574377156,65.4908680877,1.0,
44.8574557204,65.4897699526,1.0,
44.8574808285,65.493805823,1.0,
44.8574810384,65.5089262142,2.0,
44.8574901351,65.5114675144,8.0,
44.8575248058,65.4957902511,4.0,
44.8576284791,65.4592447406,1.0,
44.8577111594,65.5233775433,2.0,
44.8577359719,65.4872298618,2.0,
44.857783686,65.5287518982,4.0,
44.8578010949,65.5287056217,1.0,
44.8578059212,65.5325602841,1.0,
44.8578238928,65.5344882695,1.0,
44.8578259537,65.4886672049,1.0,
44.8578270103,65.4862300764,2.0,
44.857858645,65.5052370011,1.0,
44.8578747062,65.4972497727,1.0,
44.857899968,65.5040211524,4.0,
44.8579616613,65.4916166995,2.0,
44.8579778498,65.519505602,1.0,
44.8580075863,65.5276521996,4.0,
44.8580316409,65.4959113096,1.0,
44.8581535424,65.5092818993,1.0,
44.8581624575,65.5042820147,1.0,
44.8582034352,65.5011863643,1.0,
44.8582623453,65.5207646115,2.0,
44.8583496063,65.5270589068,2.0,
44.8584213444,65.4948244877,2.0,
44.8584515828,65.4871893683,1.0,
44.8584917847,65.4941873764,1.0,
44.8585370886,65.5224279439,2.0,
44.8585463422,65.5265724414,1.0,
44.8585877298,65.5160336237,4.0,
44.8585991519,65.5238733924,1.0,
44.8585991594,65.4977877177,4.0,
44.8586229069,65.5031200873,2.0,
44.8586788931,65.5081385208,1.0,
44.8587649597,65.4924946271,4.0,
44.8587734654,65.51705388,1.0,
44.8587737639,65.5183825199,1.0,
44.8588291696,65.4916924898,2.0,
44.8588372836,65.5322884223,1.0,
44.8588425702,65.5057659462,2.0,
44.8588456406,65.5260544844,2.0,
44.8588672602,65.5294262006,1.0,
44.8588869271,65.4606356969,1.0,
44.858902209,65.5249562714,1.0,
44.8590235875,65.5115327956,1.0,
44.8590514384,65.5340032009,2.0,
44.8590608179,65.4846191396,4.0,
44.859079313,65.4907554001,8.0,
44.8591093268,65.5273232726,1.0,
44.8591200294,65.471566547,1.0,
44.8591573485,65.491794489,1.0,
44.8591838136,65.4882978911,1.0,
44.8592226187,65.4784611944,1.0,
44.859305728,65.470888094,2.0,
44.8593131367,65.5093826687,2.0,
44.8593208243,65.4832489721,4.0,
44.8593248061,65.5068067277,1.0,
44.8593262702,65.4824037975,1.0,
44.8593543649,65.5049882012,4.0,
44.8593606199,65.4698208127,1.0,
44.8593731809,65.5309652191,1.0,
44.8593739365,65.4970961504,2.0,
44.8593795441,65.4947066791,2.0,
44.8594090102,65.5484674837,1.0,
44.8594232207,65.4984277831,2.0,
44.8594476057,65.4819597391,2.0,
44.8594646984,65.4688208818,2.0,
44.859493993,65.4806912246,2.0,
44.8594966685,65.481507429,1.0,
44.8595948831,65.4994854375,4.0,
44.8596238996,65.4909728668,1.0,
44.8597550634,65.4668602736,4.0,
44.8597917393,65.503380562,4.0,
44.8598009715,65.5226935082,2.0,
44.8598247933,65.5074151508,2.0,
44.8598549679,65.46514547,2.0,
44.8598850445,65.4963176887,2.0,
44.8599091516,65.5232154172,4.0,
44.8599677391,65.4953804137,2.0,
44.8599923171,65.538307012,1.0,
44.8600002856,65.4855456453,2.0,
44.8600411059,65.5183187062,1.0,
44.860072905,65.521721518,1.0,
44.8601467802,65.4806957075,1.0,
44.8601819943,65.5291446099,1.0,
44.8602207531,65.5115765167,1.0,
44.8602284712,65.4988535534,1.0,
44.860243705,65.5005233566,1.0,
44.8602569948,65.5056549764,2.0,
44.8603355957,65.4928138803,1.0,
44.8603810495,65.5271075065,1.0,
44.8603811911,65.5296262527,2.0,
44.8604085894,65.4731337389,2.0,
44.8604373131,65.4822348057,1.0,
44.860515076,65.5105566251,1.0,
44.8605406953,65.4731643316,1.0,
44.8605917003,65.4854909254,1.0,
44.8606450458,65.4624643854,1.0,
44.8606564782,65.4916889672,1.0,
44.8606665473,65.5177134165,1.0,
44.860689396,65.5209688179,4.0,
44.8606920194,65.4596263097,1.0,
44.8607204792,65.5356053277,1.0,
44.8607245689,65.5147587811,1.0,
44.8607763223,65.5377410325,1.0,
44.860798271,65.4929334031,2.0,
44.8608916648,65.5035330113,2.0,
44.8609521759,65.4863802847,1.0,
44.8609555152,65.5053296866,1.0,
44.8610307514,65.5209549722,1.0,
44.8610420086,65.5168086995,1.0,
44.8610458733,65.5264726018,2.0,
44.8610505269,65.4587056492,1.0,
44.8611700295,65.4889237792,2.0,
44.8611948668,65.5092371316,1.0,
44.8612250069,65.515817075,1.0,
44.8612508627,65.5196126886,1.0,
44.8612668828,65.4907593857,2.0,
44.8612742587,65.5021316085,1.0,
44.86148909,65.5216677871,2.0,
44.8615099811,65.5042980502,2.0,
44.8615155465,65.511774506,1.0,
44.8615166614,65.5010532331,1.0,
44.861525309,65.5106221006,1.0,
44.8615443364,65.4983180408,1.0,
44.8615788779,65.5190043368,2.0,
44.8616057564,65.4898811832,2.0,
44.8616472479,65.5270059777,1.0,
44.8616793723,65.5113150062,2.0,
44.8617142852,65.5377986645,1.0,
44.861721833,65.4855769756,2.0,
44.8617235195,65.4971173747,1.0,
44.8617889701,65.504010351,1.0,
44.8618074085,65.3426291254,1.0,
44.8618498079,65.4941349301,2.0,
44.8618887923,65.5063219198,2.0,
44.8618940414,65.4748933036,2.0,
44.8619195312,65.5368497009,1.0,
44.861974499,65.4702178041,1.0,
44.8620292853,65.4889094599,1.0,
44.862045713,65.4738234499,4.0,
44.862049481,65.4879961432,8.0,
44.8621049604,65.5097073517,2.0,
44.8621059293,65.5235989835,1.0,
44.8621305802,65.5152560909,2.0,
44.8621372644,65.4877384039,1.0,
44.8621481683,65.4907248973,1.0,
44.8621495139,65.335898995,1.0,
44.8622540666,65.524273924,2.0,
44.8622758385,65.3361884218,2.0,
44.8623461646,65.5009845075,2.0,
44.8623828193,65.5210126761,2.0,
44.8623835564,65.4893055971,2.0,
44.8624686699,65.50585645,1.0,
44.8625002156,65.475716113,2.0,
44.86256029,65.5252106049,2.0,
44.8625741042,65.5079765309,2.0,
44.8626043053,65.4995637645,2.0,
44.8626158714,65.5033160252,1.0,
44.8626594678,65.49650139,2.0,
44.8626949926,65.5422332514,1.0,
44.8627237976,65.4746527405,1.0,
44.8627245817,65.4983227154,2.0,
44.8627546002,65.5231351403,2.0,
44.8627555062,65.5193145993,2.0,
44.8628211248,65.4600652469,1.0,
44.8628265859,65.5048928154,1.0,
44.862826598,65.3376407081,1.0,
44.8628612548,65.4692015725,1.0,
44.8629691068,65.5016209907,1.0,
44.86299784,65.5100875498,2.0,
44.8630335793,65.4746757513,2.0,
44.863115412,65.5184468678,2.0,
44.8631425464,65.4762599909,1.0,
44.8632495073,65.5212177172,2.0,
44.8633161644,65.4734464087,2.0,
44.8633588893,65.5203272607,4.0,
44.8633609824,65.50812555,1.0,
44.8634174042,65.4763614708,2.0,
44.863422094,65.495267478,1.0,
44.8634235708,65.5086937823,2.0,
44.8635819303,65.5173171151,2.0,
44.8635902818,65.4729795987,1.0,
44.8636480547,65.4868110147,1.0,
44.8637028254,65.5028454237,4.0,
44.8637426297,65.4744132733,1.0,
44.8637921633,65.4857479107,1.0,
44.8639433732,65.4768313106,1.0,
44.8639512726,65.5157726811,2.0,
44.8639812125,65.5021333881,2.0,
44.8639853376,65.5197537978,1.0,
44.8640358585,65.5231602113,1.0,
44.8641004996,65.5119663059,2.0,
44.8641690119,65.4981713911,2.0,
44.8641700742,65.5053356134,4.0,
44.8641973121,65.5221801431,1.0,
44.8642067694,65.4754432061,2.0,
44.8642117958,65.47296753,2.0,
44.8642453867,65.4741842476,2.0,
44.8642514143,65.4736192322,1.0,
44.8642836608,65.4703676505,1.0,
44.8642850955,65.5005060593,1.0,
44.8644021737,65.5160935426,1.0,
44.8644319803,65.5155221349,4.0,
44.8644687325,65.5135579317,1.0,
44.8644858421,65.500335257,4.0,
44.8644901196,65.5181111032,1.0,
44.8645633622,65.4762111801,1.0,
44.8647970106,65.4885728177,1.0,
44.8647971139,65.5215126448,2.0,
44.8648593765,65.4904840276,1.0,
44.8649106116,65.4775443806,1.0,
44.8649156435,65.4967213939,1.0,
44.8649529053,65.4697984784,1.0,
44.864996274,65.5013869579,1.0,
44.8650067093,65.4687158357,1.0,
44.8650845993,65.540140684,2.0,
44.8651077739,65.4848107471,1.0,
44.8651255932,65.4979294675,2.0,
44.865155779,65.50247854,1.0,
44.8651885195,65.5141346794,1.0,
44.8652143021,65.4876532486,4.0,
44.8653569199,65.5062679794,4.0,
44.8653977748,65.5093499078,2.0,
44.8654126869,65.5085135669,1.0,
44.8654570143,65.469923077,2.0,
44.8654773007,65.4768474915,2.0,
44.8654819161,65.4911378187,2.0,
44.8655562735,65.487973283,1.0,
44.865646308,65.4780520047,4.0,
44.8656634984,65.5196946272,1.0,
44.865670097,65.4759030698,1.0,
44.8657032582,65.4688830655,2.0,
44.8657079588,65.512352971,2.0,
44.8657493029,65.4904425458,1.0,
44.8657963618,65.4861232203,2.0,
44.865844175,65.5001984553,2.0,
44.8659792616,65.499390624,1.0,
44.8661319807,65.4930656914,4.0,
44.8661412,65.5116608428,4.0,
44.8662601588,65.4737363056,1.0,
44.8663309134,65.4973566044,1.0,
44.8663416636,65.4728746677,2.0,
44.8663808101,65.5027966769,1.0,
44.8664042585,65.4959344121,1.0,
44.8664928122,65.5143373544,2.0,
44.8665736836,65.5130606413,2.0,
44.8666035305,65.5363533243,1.0,
44.8666794838,65.4779806811,1.0,
44.866680493,65.4749107739,1.0,
44.8667044423,65.4789348705,2.0,
44.8667316905,65.4912119068,2.0,
44.8667364803,65.470769187,2.0,
44.8667783793,65.5134310021,1.0,
44.8667855441,65.4978516939,2.0,
44.86688574,65.5216651887,2.0,
44.8668968251,65.5084743729,1.0,
44.8669370228,65.50613861,1.0,
44.8669627004,65.5113628544,2.0,
44.8669722323,65.491861847,1.0,
44.8669775241,65.5178874195,1.0,
44.8670723123,65.510678994,1.0,
44.8671012913,65.5098607661,2.0,
44.8671449803,65.469452046,2.0,
44.867170845,65.4717490732,2.0,
44.8673797659,65.4887230476,1.0,
44.8674930806,65.5117801593,1.0,
44.8675682737,65.5182188593,2.0,
44.8676170263,65.4679800685,2.0,
44.8677211992,65.4656761417,1.0,
44.8677558273,65.4746490227,2.0,
44.8677580189,65.4793832347,1.0,
44.8678108189,65.5198245327,1.0,
44.8679991226,65.5040464997,1.0,
44.8680079776,65.4770178706,1.0,
44.8681071772,65.3257732942,1.0,
44.8681903139,65.4648372361,1.0,
44.8682360248,65.5149681241,1.0,
44.8684025596,65.4724195203,2.0,
44.8684269514,65.5068500375,2.0,
44.8684355504,65.5166980864,1.0,
44.8686572616,65.480227129,1.0,
44.8688026165,65.4764355989,2.0,
44.8688440771,65.4701500015,4.0,
44.8688588531,65.5087362793,1.0,
44.8689000136,65.5042679788,1.0,
44.8690364227,65.4642537023,1.0,
44.8690972384,65.4685413661,1.0,
44.8691217528,65.5030048687,1.0,
44.8691366392,65.5104781645,1.0,
44.8691505367,65.5064658762,4.0,
44.8691562002,65.5135927659,1.0,
44.8691664274,65.4771832192,1.0,
44.869250508,65.5144968408,1.0,
44.8692768218,65.5162421948,1.0,
44.8692870833,65.4462498777,1.0,
44.8692904424,65.4611240131,1.0,
44.8693025245,65.5124736588,2.0,
44.8693305254,65.5093605636,2.0,
44.869475517,65.5233445856,1.0,
44.8695560866,65.5054855339,2.0,
44.8695565926,65.5144973334,2.0,
44.8696732629,65.5240732247,2.0,
44.8697294842,65.5079375499,1.0,
44.8698174392,65.3792504116,1.0,
44.8698645539,65.47064644,1.0,
44.8698799495,65.4724406844,2.0,
44.8698905997,65.5039384075,1.0,
44.8699010062,65.5175210473,1.0,
44.8699083419,65.4738085486,1.0,
44.8699822162,65.4698670314,4.0,
44.8700325219,65.5014021543,1.0,
44.8700489475,65.4672514358,1.0,
44.8700892838,65.5066590454,1.0,
44.8702151815,65.4713592195,2.0,
44.8702523551,65.5114170739,4.0,
44.8703136115,65.4616055823,1.0,
44.8703294581,65.4719978496,1.0,
44.8704377193,65.525970354,1.0,
44.8705511461,65.5248178565,2.0,
44.8706385347,65.4648264324,1.0,
44.8706521787,65.5123486699,1.0,
44.8707696053,65.5053029743,2.0,
44.8708685526,65.4612213221,4.0,
44.8709424099,65.5018364931,1.0,
44.8709535596,65.4975063077,1.0,
44.8710712787,65.4704428378,4.0,
44.8711908741,65.5027698178,1.0,
44.8712155173,65.518707624,1.0,
44.8712932096,65.5010936275,2.0,
44.871346712,65.4717512228,1.0,
44.8713680299,65.4884422738,1.0,
44.8714165346,65.4789193883,1.0,
44.8714358974,65.460330136,1.0,
44.8715031032,65.4327449004,1.0,
44.8715393589,65.4347681792,1.0,
44.8715663312,65.4625245684,2.0,
44.8717633761,65.5290047592,1.0,
44.8718255395,65.5000327422,4.0,
44.871829718,65.5084669323,1.0,
44.8718366241,65.5069283756,2.0,
44.8719072552,65.50218308,1.0,
44.8719798991,65.5296120496,2.0,
44.8720981907,65.4993104227,1.0,
44.8721328918,65.4808378983,1.0,
44.8722980435,65.4608635094,2.0,
44.8723463468,65.5091699186,1.0,
44.8723724801,65.4654935231,2.0,
44.8723889497,65.4950011364,1.0,
44.8724076279,65.5305041416,4.0,
44.8725472802,65.5225264374,2.0,
44.8725543066,65.498333257,2.0,
44.8726374051,65.5036832879,1.0,
44.8726568103,65.4800210243,1.0,
44.8726640655,65.5769816944,1.0,
44.8728503073,65.5053136674,2.0,
44.8729484355,65.4673244148,4.0,
44.8729867561,65.4974651222,2.0,
44.8730445102,65.4547536371,2.0,
44.8731183136,65.4988180673,1.0,
44.873163367,65.4862314222,1.0,
44.8732232836,65.5079530698,2.0,
44.873268735,65.4996128386,2.0,
44.8735004779,65.4552320044,1.0,
44.8735766609,65.5017273526,1.0,
44.8736706066,65.4682613256,1.0,
44.873698131,65.5163402948,2.0,
44.8737431961,65.4805117562,1.0,
44.8738046622,65.457611966,2.0,
44.8738143674,65.4791717813,2.0,
44.8739843156,65.5129827299,1.0,
44.8740483744,65.5183214043,1.0,
44.8740555428,65.5008126805,1.0,
44.8740893802,65.4681217391,2.0,
44.874098068,65.457081623,1.0,
44.8742060697,65.5166312559,4.0,
44.8743516425,65.5199995533,1.0,
44.8743736747,65.4558113376,1.0,
44.8744088495,65.4939415246,1.0,
44.8744132821,65.4973088536,1.0,
44.8744227952,65.4566577685,16.0,
44.8745080137,65.5156856608,1.0,
44.8745506132,65.466546768,2.0,
44.8746445429,65.5358324458,1.0,
44.8746572932,65.5173918965,4.0,
44.8747512498,65.5139238546,1.0,
44.8747986259,65.5397225417,1.0,
44.8748628983,65.5329454539,1.0,
44.8748687423,65.4648549997,1.0,
44.8748900084,65.4551658394,4.0,
44.8749169171,65.5015886442,1.0,
44.874920157,65.4961890458,4.0,
44.8749379756,65.4600684836,2.0,
44.8749805747,65.4713208466,1.0,
44.8750230158,65.4625193571,1.0,
44.8750296747,65.4956888802,1.0,
44.8750327978,65.4573515509,8.0,
44.8751008738,65.5025817696,4.0,
44.8751428786,65.4598071951,1.0,
44.8752367064,65.4563533313,1.0,
44.8754250061,65.4537200865,2.0,
44.8756321274,65.4583638443,16.0,
44.8756651113,65.4579485647,4.0,
44.8757034448,65.4523999163,2.0,
44.8757273297,65.4561364393,4.0,
44.8757288038,65.5253097948,1.0,
44.875736161,65.5090406901,1.0,
44.8757629583,65.4791604261,1.0,
44.8757893864,65.5172604293,2.0,
44.8758056122,65.469570614,1.0,
44.875977906,65.4639926995,2.0,
44.8759838573,65.4609917976,2.0,
44.876008752,65.5798470165,1.0,
44.8760464262,65.4583672342,1.0,
44.8760677385,65.4926549541,2.0,
44.8761122203,65.4655670275,2.0,
44.8761624415,65.459246111,2.0,
44.876197056,65.5117474654,1.0,
44.8762272905,65.4569444755,2.0,
44.8762767876,65.4559937147,8.0,
44.8764092518,65.593230828,1.0,
44.8764341426,65.4842849662,1.0,
44.8764786849,65.459024162,8.0,
44.8764790687,65.4701507004,1.0,
44.8764846804,65.5035006763,1.0,
44.8765006021,65.4666257037,2.0,
44.876508839,65.4549964344,1.0,
44.8766179783,65.4535843952,1.0,
44.876635977,65.5166838837,1.0,
44.8767302059,65.5360363351,1.0,
44.876819211,65.4949141459,1.0,
44.8768246957,65.5160837628,2.0,
44.8769209956,65.4578201964,16.0,
44.8769706813,65.4558158206,2.0,
44.876992833,65.4971774906,1.0,
44.8770069462,65.4607454269,4.0,
44.8771728728,65.4615961733,2.0,
44.8771837397,65.4593355631,1.0,
44.8771917607,65.5405664829,1.0,
44.8772846079,65.459975069,2.0,
44.8773030608,65.4573164184,1.0,
44.8773206211,65.4736338427,1.0,
44.8774904162,65.4957925568,1.0,
44.8776009536,65.4627726857,2.0,
44.8776217404,65.4553032989,8.0,
44.8777785532,65.5063595469,1.0,
44.8777815521,65.4587291154,2.0,
44.8778046705,65.4975753116,2.0,
44.8778479809,65.4612682935,8.0,
44.8778941065,65.5145504867,2.0,
44.8779508328,65.4512867586,2.0,
44.8779596268,65.4788743692,1.0,
44.8779963057,65.4885324209,1.0,
44.8780190764,65.4488516587,1.0,
44.8780231072,65.5137640409,1.0,
44.8780493895,65.4806160981,1.0,
44.8781078369,65.6310247473,1.0,
44.878221324,65.4797699793,1.0,
44.878345802,65.4545796345,2.0,
44.8783542317,65.4857707647,1.0,
44.8783593731,65.4606687458,2.0,
44.8784168953,65.5137623899,4.0,
44.878494477,65.4638636961,1.0,
44.8785520034,65.5128078071,1.0,
44.878561579,65.452110121,2.0,
44.8786201129,65.477560672,4.0,
44.8786222192,65.4601461688,1.0,
44.878644348,65.4672476728,1.0,
44.8786785027,65.5094386392,2.0,
44.8786793173,65.4739052595,1.0,
44.8787138842,65.4981111508,1.0,
44.8787228809,65.4625202741,1.0,
44.8787518133,65.4541748359,1.0,
44.8787819523,65.4534069857,2.0,
44.8787970455,65.4920287677,1.0,
44.8788138047,65.4477771628,1.0,
44.8789003968,65.4766898497,1.0,
44.8789094805,65.4612806962,1.0,
44.8789447554,65.5112267341,1.0,
44.8792149933,65.4534373246,1.0,
44.8792255716,65.4525472242,4.0,
44.879250574,65.4819101922,1.0,
44.879556263,65.4880322594,1.0,
44.8795937133,65.4556297546,2.0,
44.8797588286,65.5034160877,1.0,
44.8798101558,65.5071480683,1.0,
44.8799064404,65.4583073965,4.0,
44.880041966,65.503769263,4.0,
44.8801144604,65.4534136507,2.0,
44.8803299991,65.5493678313,1.0,
44.8806104061,65.5091760779,1.0,
44.8807739248,65.4361597185,2.0,
44.8808000479,65.5044924839,1.0,
44.88097614,65.5412763904,1.0,
44.8811367521,65.4628533133,1.0,
44.881175115,65.5085088061,1.0,
44.8812073769,65.4538212325,1.0,
44.8813662691,65.5106370537,1.0,
44.8813737666,65.5020646444,1.0,
44.8814766469,65.528711282,1.0,
44.8815267765,65.4877096436,1.0,
44.8816708832,65.5442988567,1.0,
44.8816865208,65.5332442136,1.0,
44.8817352545,65.4039774285,1.0,
44.8817636444,65.5036237111,1.0,
44.8818594657,65.5046941518,1.0,
44.8819735751,65.410685981,1.0,
44.8823007415,65.4262650437,1.0,
44.882360447,65.4753388342,1.0,
44.8832542253,65.4976327803,1.0,
44.8833605248,65.4736189553,1.0,
44.8833702581,65.4771384279,1.0,
44.8836060823,65.4681718654,1.0,
44.8839081239,65.534959313,1.0,
44.8840017173,65.4562577712,1.0,
44.8844863399,65.4643318911,1.0,
44.8845999573,65.5494668169,1.0,
44.8847486753,65.4713797829,2.0,
44.8847912408,65.5051875102,1.0,
44.884995052,65.4312389772,1.0,
44.8851204433,65.4717962364,1.0,
44.8851915061,65.4763560189,1.0,
44.8857876831,65.5042153917,1.0,
44.8860460824,65.4629572923,1.0,
44.8860711795,65.5061229322,1.0,
44.8861036243,65.4703361259,2.0,
44.8863762667,65.51138482,1.0,
44.8865478514,65.4757283992,1.0,
44.8867835875,65.4652821817,1.0,
44.8868211576,65.5484981168,1.0,
44.8869510113,65.4764890608,1.0,
44.8871325591,65.4917241483,1.0,
44.8872957683,65.4729350152,2.0,
44.8874763104,65.4856376404,1.0,
44.8875924778,65.4755444424,2.0,
44.8877787277,65.4706462813,2.0,
44.8881079654,65.4681999494,1.0,
44.8882670558,65.4605542961,1.0,
44.8883072108,65.4456345793,1.0,
44.8884332079,65.4906952445,1.0,
44.8884909715,65.4699612896,1.0,
44.888503419,65.4644020725,2.0,
44.888978073,65.4710085517,2.0,
44.8894659806,65.4737868954,2.0,
44.8896618242,65.483528881,1.0,
44.8900950511,65.418183627,1.0,
44.8901932573,65.4755183802,2.0,
44.8903146071,65.4659119161,2.0,
44.8905192607,65.4745613309,1.0,
44.8907120503,65.4729561726,1.0,
44.8907521509,65.4660877069,1.0,
44.8908626679,65.4684933776,2.0,
44.8909146273,65.4647771014,1.0,
44.8912970122,65.4717656996,1.0,
44.8913482077,65.4583135337,1.0,
44.8914175603,65.4631595406,1.0,
44.8914360416,65.4704401439,1.0,
44.8915488467,65.5703388897,1.0,
44.8919507908,65.472675478,2.0,
44.8922465955,65.4692887294,2.0,
44.8931483245,65.4777818683,1.0,
44.8932050023,65.4740804342,1.0,
44.893207026,65.4907844984,1.0,
44.8935168375,65.4700467574,2.0,
44.8939892295,65.473240925,2.0,
44.8941608627,65.4768576988,2.0,
44.8944838382,65.4760523026,4.0,
44.8947418293,65.4763293606,1.0,
44.8954430519,65.47367754,1.0,
44.8955760719,65.450974073,1.0,
44.8956770236,65.471829913,1.0,
44.8959315788,65.4685183682,1.0,
44.8961078944,65.4714521569,2.0,
44.8963122722,65.4693152855,1.0,
44.8966065912,65.4690331281,2.0,
44.8968145417,65.4702880268,1.0,
44.8969993817,65.4743090372,1.0,
44.8974071939,65.4711129577,1.0,
44.8975292192,65.4738742198,4.0,
44.897605424,65.4626910914,1.0,
44.897841165,65.4732927721,2.0,
44.8979355602,65.4699392966,1.0,
44.8979391395,65.420583737,1.0,
44.8983417263,65.4725422531,4.0,
44.8986183768,65.3969837646,1.0,
44.8995704177,65.4718536955,4.0,
44.9002038722,65.4710176672,1.0,
44.900800217,65.4392275942,1.0,
44.9016616453,65.3978573974,1.0,
44.9025741464,65.467325904,1.0,
44.9069538327,65.5358661585,1.0,
44.9073082299,65.4976526621,1.0,
44.9076597484,65.5994144108,1.0,
44.9078471,65.3768605559,1.0,
44.9082975649,65.4394735256,1.0,
44.9087483742,65.5179347718,1.0,
44.9090971565,65.5072600798,1.0,
44.9095349882,65.4303901692,1.0,
44.9111974428,65.4839118185,1.0,
44.9128348597,65.5374380766,1.0,
44.9144476111,65.5909815207,1.0,
44.9209796423,65.5016738956,1.0,
44.9215259639,65.5101046122,1.0,
44.9223709515,65.3434082139,1.0,
44.9232068082,65.0468563627,1.0,
44.9300896082,65.4058363576,1.0,
44.9324137898,65.3936265809,1.0,
44.9329345499,65.3559169975,1.0,
44.9346305061,65.4725697772,1.0,
44.9358461367,64.7959870385,1.0,
44.944161628,65.3209185562,1.0,
44.9458764061,65.3744659525,1.0,
44.9475665214,65.4280307597,1.0,
44.9492311697,65.4815876059,1.0,
44.9508707474,65.5351490721,1.0,
44.9540750405,65.6422982419,1.0,
44.9571789597,65.7494650597,1.0,
44.9577135624,65.539047482,1.0,
44.957715666,65.5345211249,2.0,
44.9602470403,65.4987657089,1.0,
44.9602478967,65.5424704388,1.0,
44.961646372,65.9102408242,1.0,
44.9621017202,65.4870637124,1.0,
44.9642328922,65.5328856568,1.0,
44.9821973001,65.3184833742,1.0,
44.9839143411,65.3720660225,1.0,
44.985606687,65.4256661015,1.0,
44.9889152741,65.5328549749,1.0,
45.021942937,65.3696618881,1.0,
45.0236375158,65.4232973003,1.0,
45.0253065606,65.4769247577,1.0,
45.0269504688,65.5305568575,1.0,
45.0332753451,65.7451556304,1.0,
45.0481096923,65.2929310266,1.0,
45.0597343632,64.8806745197,1.0,
46.1891302938,66.2261405241,1.0,
44.8543915294,65.470422204,16.0,
44.8598325064,65.4898003442,4.0,
44.8409102581,65.5043271306,8.0,
44.8424346233,65.5032874345,8.0,
44.8413137259,65.5008611236,8.0,
44.8511515603,65.4646258719,8.0,
44.8377183304,65.5201423059,8.0,
44.8212386271,65.518055297,4.0,
44.8373038787,65.530881522,8.0,
44.8369049449,65.5327614647,16.0,
44.8166020326,65.5180064609,16.0,
44.8550938892,65.4717306279,16.0,
44.8534969221,65.49957834,4.0,
44.8653929906,65.5147868782,4.0,
44.8336817491,65.5336861841,32.0,
44.8442719965,65.488819934,8.0,
44.8248955198,65.5243208061,2.0,
44.8477068446,65.4618710007,2.0,
44.8423653107,65.520080711,2.0,
44.8356987384,65.5184730938,8.0,
44.7745140846,65.5527633632,2.0,
44.8439485192,65.4961304669,8.0,
44.7863294101,65.5307912166,2.0,
44.7906824038,65.5216429847,2.0,
44.8882587921,65.4665199426,4.0,
44.858677058,65.5214109933,2.0,
44.8379453062,65.4973544283,2.0,
44.8472211148,65.4773838943,2.0,
44.8490209265,65.5049863385,2.0,
44.8678617141,65.4733924527,4.0,
44.8135014435,65.5187965405,4.0,
44.8281250335,65.5145631496,4.0,
44.8338831255,65.5105783949,4.0,
44.8226896099,65.513246696,2.0,
44.8399455441,65.5254630118,2.0,
44.8229686603,65.5210778098,2.0,
44.8398893758,65.5169719015,2.0,
44.8596355748,65.4679434259,2.0,
44.8366692871,65.5181784301,2.0,
44.8597469587,65.524022575,4.0,
44.8293839016,65.5153829634,2.0,
44.8410418625,65.4879147986,4.0,
44.8262078498,65.50752981,2.0,
44.8539763932,65.529631737,2.0,
44.8875631556,65.4630608672,2.0,
44.8726784669,65.4647006741,2.0,
44.8372166187,65.5052276172,2.0,
44.8503812558,65.5465776271,2.0,
44.8476116663,65.5020674823,2.0,
44.8699795472,65.4689810524,2.0,
44.8778969932,65.4611434229,8.0,
44.8382012025,65.5092325403,4.0,
44.8540514117,65.4832572743,2.0,
44.8457190556,65.4936807597,4.0,
44.8422830724,65.5172387245,2.0,
44.814421808,65.530946603,16.0,
44.8433739738,65.4999469719,8.0,
44.847129189,65.5065343514,4.0,
44.847363917,65.505144812,2.0,
44.8279768688,65.5054585647,16.0,
44.7670903893,65.553088577,4.0,
44.8153270354,65.5182230952,4.0,
44.9582968432,65.5355764624,2.0,
44.8482924715,65.5242983713,8.0,
44.8279074059,65.5159786307,8.0,
44.8682734328,65.5022964723,2.0,
44.7653795961,65.5528524196,2.0,
44.8399199792,65.4925216125,8.0,
44.8536358987,65.5330882016,2.0,
44.877786882,65.4915268123,2.0,
44.8568627669,65.514466793,2.0,
44.7714262112,65.5459887277,8.0,
44.8592081093,65.5002477945,4.0,
44.8776230376,65.4629042686,2.0,
44.8352727717,65.5329762192,2.0,
44.8503810592,65.5028424421,2.0,
44.8726454762,65.5062970395,2.0,
44.8255240921,65.5242413155,8.0,
44.8372367862,65.5249304111,4.0,
44.8524341526,65.5209669961,2.0,
44.8279645136,65.5079683431,8.0,
44.8202600691,65.5127364708,4.0,
44.8518280005,65.5167387402,2.0,
44.8575221919,65.5068900566,2.0,
44.8259933724,65.5261911395,2.0,
44.861067723,65.5258956562,2.0,
44.8376089273,65.5021673815,4.0,
44.8863208765,65.4720481228,4.0,
44.83237369,65.533555077,2.0,
44.857009596,65.5110248984,4.0,
44.8002779434,65.5070374265,2.0,
44.8343716042,65.5055832276,4.0,
44.8492301661,65.521444221,2.0,
44.8647749818,65.5188365494,4.0,
44.8316771751,65.5202882911,2.0,
44.7689267716,65.5561416371,2.0,
44.8498682372,65.465833073,4.0,
44.8658573157,65.468380607,2.0,
44.8432041782,65.5515558095,2.0,
44.8621819734,65.5072340609,2.0,
