53.2857073758,69.3679650475,2.0
53.2742489816,69.3598833286,1.0
53.2872992256,69.4116472201,1.0
53.2646188772,69.3681924208,1.0
53.2966821761,69.401997639,2.0
53.3120232577,69.3938718885,2.0
53.3044735357,69.2596295956,1.0
53.2855555409,69.406077752,2.0
53.2684401639,69.3594624602,1.0
53.2920116009,69.3332453249,1.0
53.2668145371,69.3890425831,1.0
53.3268181944,69.2586063107,1.0
53.3000864599,69.3061695502,1.0
53.2537138539,69.3687103484,1.0
53.2809126204,69.4023917902,1.0
53.2978257714,69.3846619286,1.0
53.259627789,69.3610319502,1.0
53.2542896989,69.3675769107,2.0
53.2856781325,69.4251728693,1.0
53.2993392163,69.4119090773,1.0
53.2568623426,69.3695281333,1.0
53.2697324234,69.4042953952,1.0
53.2819597122,69.4035085618,1.0
53.2994809625,69.3842302415,1.0
53.2888292762,69.4355225849,1.0
53.3128030369,69.3867206476,2.0
53.2956919548,69.4328230343,1.0
53.3279488191,69.4359457734,1.0
53.3220361734,69.2645552959,1.0
53.2891707928,69.4007674942,1.0
53.2987842196,69.400659029,1.0
53.2684304022,69.3654724054,1.0
53.2589906406,69.3654492022,1.0
53.2835071751,69.3738894774,1.0
53.2638273465,69.3774800347,1.0
53.2809700907,69.4013424364,1.0
53.2856905955,69.4014647192,1.0
53.2839630436,69.3946232679,1.0
53.283467643,69.3692432836,1.0
53.2534986301,69.3580681801,1.0
53.2858699618,69.4091420507,1.0
53.2736111522,69.4130702118,1.0
53.285710902,69.3707332912,1.0
53.2762393575,69.3656244883,1.0
53.2891488688,69.4197650045,2.0
53.2592393353,69.3611415661,1.0
53.2697535579,69.3647874911,1.0
53.2819679779,69.4300900026,1.0
53.2619586521,69.3728502644,1.0
53.2796726355,69.4031816512,1.0
53.2636288983,69.3923875612,1.0
53.2931927602,69.3993835215,1.0
53.2915718805,69.3375889276,1.0
53.2745781058,69.4129484916,1.0
53.2820445676,69.3878483799,1.0
53.2628156545,69.3592667856,1.0
53.2649735991,69.3764752963,1.0
53.3223961192,69.2517296634,1.0
53.3145125545,69.3848653329,1.0
53.279005824,69.3914284189,1.0
53.2917305702,69.4240713102,1.0
53.313821915,69.3941905516,1.0
53.323544056,69.2566530153,2.0
53.2774451432,69.3570971907,2.0
53.2862633412,69.3979583525,1.0
53.2731049818,69.4243024796,1.0
53.2848362782,69.4532214553,1.0
53.3220451361,69.2554434918,2.0
53.3161979037,69.3887701403,1.0
53.3000907999,69.3970535801,1.0
53.2690892222,69.3653204754,1.0
53.2789077726,69.35706532,1.0
53.2615137105,69.3685352577,1.0
53.2852129367,69.402582616,1.0
53.2880473499,69.3740980693,1.0
53.2895381725,69.409016039,1.0
53.2786890161,69.4035846448,1.0
51.062738956,70.9689451244,1.0
53.266273645,69.4023134572,1.0
53.2866822862,69.4133940882,1.0
53.2663403558,69.3607628873,1.0
53.3300926907,69.2632010697,1.0
53.2789299261,69.4073332364,1.0
53.2620297881,69.3897963878,1.0
53.3314389388,69.2690574625,2.0
53.2919723504,69.3840322891,1.0
53.3159645886,69.3879514954,2.0
53.2659521979,69.3559328961,1.0
53.277503985,69.3772064885,1.0
53.2937335517,69.4249866935,1.0
53.2822418087,69.3961545905,1.0
53.2943287918,69.3770443957,1.0
53.2900973751,69.3930519659,1.0
53.2814445218,69.3706035203,1.0
53.2726613472,69.4219694709,1.0
53.2832303514,69.3809346142,1.0
53.27022469,69.3894541939,1.0
53.2836024423,69.3748947684,1.0
53.2956078624,69.3985535952,1.0
53.284009296,69.3893104855,1.0
53.2821767285,69.3870990783,1.0
53.3259761586,69.2413344477,1.0
53.2810908007,69.3939605101,1.0
53.2749686938,69.3778912614,1.0
53.2811346345,69.3666338027,1.0
53.2719515033,69.3777499897,1.0
53.3174825853,69.2547171316,1.0
53.3315505708,69.2701424216,2.0
53.2858346261,69.3695440869,1.0
53.2867250156,69.3730604414,1.0
53.2703370594,69.376053743,1.0
53.339587116,69.2568086979,1.0
53.2897453177,69.3809022267,1.0
53.2701767255,69.4085437702,1.0
53.2705286176,69.3810780625,1.0
53.2861694726,69.4200528439,1.0
53.2715483138,69.4300599497,1.0
53.3307145354,69.2686317831,1.0
53.2669031645,69.4320853881,1.0
53.2672201527,69.3850842697,1.0
53.329056833,69.2613570628,1.0
53.2735062776,69.4271802891,1.0
53.288520088,69.4055801261,1.0
53.2917049074,69.4007829411,1.0
53.2884483431,69.3851372821,1.0
53.2899798701,69.4005267707,1.0
53.2850804243,69.3634377171,1.0
53.2999474756,69.4244341668,1.0
53.2846011201,69.3599665135,1.0
53.2836449176,69.3381089111,1.0
53.2823548113,69.3947399122,1.0
53.2659568497,69.3741540803,1.0
53.2850938764,69.3573851575,1.0
53.2817602857,69.3613376408,1.0
53.3000775363,69.3809901187,1.0
53.2732848927,69.4071353246,2.0
53.2964438014,69.4040118807,1.0
53.2770068962,69.365473302,1.0
53.2833190087,69.4509320956,1.0
53.2871197856,69.4012745361,1.0
53.3114771872,69.3910320361,1.0
53.2747664081,69.3858978002,1.0
53.2628051277,69.4365987555,1.0
53.2865922231,69.3959848656,1.0
53.284329986,69.3653551072,1.0
53.2930325846,69.3346058065,1.0
53.2769165455,69.3685966943,1.0
53.273446231,69.4011645891,1.0
53.2876265398,69.4075845858,2.0
53.3557875633,69.4905965334,1.0
53.2580600012,69.3667165954,1.0
53.2806273453,69.3988519936,1.0
53.2930713086,69.4279214211,1.0
53.2890852351,69.4035770471,1.0
53.2899374507,69.3488566835,1.0
53.2751050921,69.3734393935,1.0
51.0733790776,70.9774196074,1.0
53.273748812,69.427372004,1.0
53.289577882,69.399647635,1.0
53.2807278097,69.3874235078,1.0
53.2874905314,69.3890709776,2.0
53.286050794,69.4244687808,1.0
53.2920716454,69.4326151299,1.0
53.2890245173,69.402147487,1.0
53.2839878828,69.3850978758,2.0
53.2881577922,69.3394287852,1.0
53.281833085,69.3911228089,2.0
53.2787195113,69.3926406951,1.0
53.3228154124,69.2513394218,1.0
53.254729602,69.3567114776,1.0
53.2804643774,69.3609857243,1.0
53.2752145497,69.380750287,1.0
53.3434440056,69.2477662114,1.0
53.2748267687,69.4146060801,1.0
53.3312597285,69.27033679,1.0
53.2794428682,69.4011967531,1.0
53.2695494239,69.4181765186,2.0
53.2791785986,69.3677802666,1.0
53.2882843139,69.416477383,1.0
53.2762856289,69.4146773993,1.0
53.2820419527,69.401269907,1.0
53.2948862536,69.3868146104,2.0
53.2830091899,69.3637988443,1.0
53.2853948099,69.3535981659,1.0
53.2757065906,69.3756137084,1.0
53.2997022991,69.3956568445,1.0
53.2705318585,69.3931101464,1.0
53.288026257,69.375665906,1.0
53.2726530847,69.4071002184,2.0
53.2832317621,69.3809286135,1.0
53.2832826607,69.3750859163,1.0
53.2863213384,69.4075823128,1.0
53.2757993702,69.3639328008,1.0
53.2676151193,69.3634028945,1.0
53.2854827588,69.36882938,1.0
53.3004224913,69.4284203411,1.0
53.2816807723,69.3643045156,1.0
53.3338551107,69.2641261323,1.0
53.2886478792,69.3480482411,1.0
53.2852608605,69.397767645,1.0
53.2954513061,69.4220612912,1.0
53.2845490549,69.3788422679,1.0
53.2917614022,69.4069279815,1.0
53.2830224556,69.3983480186,2.0
53.2958654838,69.4305934843,1.0
53.2732022268,69.3948226769,1.0
53.2697643718,69.3612544247,1.0
53.3350301963,69.4327238023,1.0
53.2902196898,69.3851198073,2.0
53.2741051954,69.4056997004,2.0
53.2943614887,69.388460201,1.0
53.2831927954,69.3706277098,1.0
53.3233525396,69.2517906161,1.0
53.2653926668,69.3622756997,1.0
53.2875858408,69.3962889732,2.0
53.3026168889,69.3839866377,1.0
53.2858052727,69.3576405098,1.0
53.2682786809,69.4046753381,1.0
53.3277606928,69.4176300191,1.0
53.292996371,69.3350657871,1.0
53.3576039472,69.4945104373,1.0
53.2838213295,69.3927294533,1.0
53.289354695,69.4024878268,1.0
53.3252549193,69.2573042329,1.0
53.3262206612,69.2581057113,1.0
53.2948397541,69.4248326363,1.0
53.2639936149,69.3809735358,1.0
53.2693544918,69.3629609829,1.0
53.2855399087,69.366269867,2.0
53.3065579023,69.2493598058,1.0
53.2727735756,69.4114476859,1.0
53.2865696958,69.4015149095,1.0
53.2746952939,69.3597949056,1.0
53.2931093115,69.3883566705,1.0
53.2846576618,69.3561851529,1.0
53.2732218873,69.3863577103,1.0
53.2937212658,69.3448748162,1.0
53.2945014416,69.3823705904,1.0
53.2839641008,69.372790964,1.0
53.3296674455,69.2636677286,1.0
53.2915863604,69.3894586286,1.0
53.2926347934,69.3289444484,1.0
53.2858115815,69.3647146414,1.0
53.2807998921,69.360524507,1.0
53.2833229946,69.377606244,2.0
53.2876966228,69.4086378361,2.0
53.2907248359,69.3833341052,1.0
53.2860306654,69.3631662644,1.0
53.2846632369,69.3961567636,2.0
53.2650763355,69.3623769674,1.0
53.2895088338,69.4329633129,1.0
53.2855935898,69.3843113782,1.0
53.2844556571,69.4275341669,2.0
53.27120057,69.3766443564,1.0
53.2891488451,69.4044371846,2.0
53.2697949262,69.4052873958,1.0
53.2824464964,69.3795678385,1.0
53.2817176723,69.3849490419,1.0
53.2861626891,69.354983821,1.0
53.2815753094,69.3977784184,1.0
53.3343423773,69.269918058,1.0
53.3117078663,69.3889026497,1.0
53.2830225344,69.3776592281,1.0
53.2921228661,69.4144321089,1.0
53.2887788071,69.4033724636,1.0
53.2704284574,69.391637004,1.0
53.2734839418,69.3883164124,1.0
53.2908158769,69.4335077419,1.0
53.2932488107,69.4320391518,1.0
53.2963049305,69.4000926432,1.0
53.2881348875,69.3859702024,1.0
53.332093413,69.2657394421,1.0
53.3153855406,69.3911432929,1.0
53.280308321,69.3891884312,2.0
53.2733339902,69.4234047312,1.0
53.2686632329,69.4270906245,2.0
53.3289428479,69.2626068939,1.0
53.3353525034,69.2695732691,1.0
53.354177967,69.4944582513,2.0
53.2831930615,69.3957695225,2.0
53.2634747004,69.3758525433,1.0
53.3026052272,69.3924945776,1.0
53.2820701352,69.3752226194,2.0
53.267390207,69.3834139426,1.0
53.2655381846,69.3753052516,1.0
53.338569106,69.2760965459,1.0
53.2898225657,69.3910443032,1.0
53.2953902312,69.4043313643,1.0
53.2852203438,69.4082404581,1.0
53.2872181524,69.3520690455,1.0
53.2978129177,69.4225390209,1.0
53.3547428484,69.4896661586,1.0
53.2853786623,69.3893087284,1.0
53.2740471148,69.3623452299,1.0
53.3327365836,69.2622519678,1.0
53.3180038518,69.2570860479,1.0
53.2862533843,69.4198875231,1.0
53.2882391571,69.3458924908,1.0
53.2710261263,69.4098523453,1.0
53.26616805,69.3654344301,1.0
53.360109239,69.496916481,1.0
53.2793746331,69.4222493837,1.0
53.3140906033,69.3886535233,2.0
53.2990325359,69.3891730094,1.0
53.2703744152,69.3784239129,1.0
53.2939239759,69.396564689,1.0
53.2839303679,69.3882556297,1.0
53.2943321979,69.4027129338,1.0
53.2701365515,69.410337637,1.0
53.3011711025,69.3974089906,1.0
53.2534198032,69.3674945662,1.0
53.3326595006,69.2612122645,1.0
53.2787366323,69.3628872696,1.0
53.2840488494,69.3946064834,1.0
53.2922266539,69.3817453892,1.0
53.3542006045,69.4955620498,1.0
53.2973775644,69.4214818649,1.0
53.2832923208,69.3670909617,1.0
53.2875727553,69.3940747696,1.0
53.2994959752,69.3961293121,1.0
53.3141066876,69.3921216239,2.0
53.2828982043,69.3861126036,1.0
53.2851648322,69.3969117563,1.0
53.28562184,69.3911474417,1.0
53.3026868792,69.3970196951,1.0
53.3282309102,69.2607108482,1.0
53.285865547,69.3938395762,1.0
53.2824615032,69.3728952844,1.0
53.279823497,69.392304078,2.0
53.2746537879,69.3866703231,1.0
53.2834996871,69.3748763176,2.0
53.2978799565,69.3863640759,1.0
53.2836732663,69.3557928596,1.0
53.2903613194,69.4030011911,1.0
53.2851633165,69.4019786192,1.0
53.3302445737,69.2713037845,1.0
53.3249098896,69.2538358856,2.0
53.2879361421,69.3511326396,1.0
53.2842302943,69.3955017947,1.0
53.3104677825,69.3892499341,2.0
53.2718299571,69.4032213307,2.0
53.2968736996,69.3131908139,1.0
53.2732902798,69.3600920903,1.0
53.2905213762,69.3807628678,1.0
53.2801646566,69.3656500858,1.0
53.2775885827,69.3688744381,1.0
53.2821011307,69.3743020763,1.0
53.2715440614,69.4300558704,1.0
53.287547045,69.3385658538,1.0
53.3120050844,69.3929707985,1.0
53.287496592,69.4058264712,1.0
53.274499051,69.3675551415,1.0
53.2671021784,69.3775730082,1.0
53.2636312659,69.3775475684,1.0
53.2843722335,69.384827394,1.0
53.3096100583,69.3940099833,1.0
53.2704357263,69.4075017903,1.0
53.314671257,69.3891621721,1.0
53.2770682124,69.3804040533,1.0
53.2687648477,69.4211479938,1.0
53.2738419986,69.4118178486,1.0
53.2821225591,69.3924161301,1.0
53.2844116522,69.3991522904,2.0
53.2679659262,69.4262841487,1.0
53.3091799105,69.3858487835,1.0
53.2998116605,69.3877904305,1.0
53.2783061625,69.3996077607,1.0
53.2736620862,69.4085066132,1.0
53.2708953911,69.4213266812,2.0
53.2923744797,69.3996401911,1.0
53.2704860184,69.4095003154,1.0
53.2863759397,69.3894724949,1.0
53.2929766503,69.4233539121,1.0
53.2862953396,69.3391782458,1.0
53.2825212629,69.3610907087,1.0
53.2893970326,69.3780491864,1.0
53.2957161573,69.4016490342,1.0
53.261509367,69.397981796,1.0
53.2797879002,69.3749115659,1.0
53.2602272733,69.3889732134,1.0
53.2763962249,69.4061885739,1.0
53.287476879,69.3971976536,1.0
53.3187651305,69.2603114401,1.0
53.2955178627,69.377883755,1.0
53.2979565925,69.420509831,1.0
51.0697790327,70.9855310101,1.0
53.271615946,69.4312452509,1.0
53.2753745615,69.3596473467,1.0
53.2817227229,69.4235645301,1.0
53.2682674433,69.4199932128,1.0
53.2678762462,69.4208516624,1.0
53.2866538753,69.3526635189,1.0
53.2819245067,69.385754241,1.0
53.2666866415,69.3590380051,1.0
53.295297714,69.3231537713,1.0
53.2843718199,69.3805120704,1.0
53.2722269161,69.3620486661,1.0
53.2828610276,69.3577873826,1.0
53.2972082817,69.401661871,1.0
53.2914028806,69.4059034752,1.0
53.2579214229,69.3698410086,1.0
53.3050214586,69.3911543607,2.0
53.2850337596,69.3951863191,2.0
53.312236917,69.3851802941,1.0
53.28757365,69.3862028469,1.0
53.2872894742,69.4104448189,1.0
53.2662003009,69.4018066126,2.0
53.3369989994,69.2610281182,1.0
53.3060454411,69.3921035569,1.0
53.2847683939,69.3598732211,1.0
53.272859466,69.3885201779,1.0
53.2720514629,69.4044556293,2.0
53.289613719,69.3498398761,1.0
53.2959607358,69.377991461,1.0
53.3305697616,69.2653012239,1.0
53.3133333265,69.3812071467,1.0
53.2568138464,69.3628767527,1.0
53.2924734772,69.3968652372,1.0
53.2704421627,69.4099567803,1.0
53.3182442402,69.2637250915,1.0
53.2856486161,69.3388821858,1.0
53.2878985647,69.3700655653,1.0
53.2806559415,69.368849879,1.0
53.278516411,69.3604656989,1.0
53.2836360306,69.3953563647,1.0
53.2831437395,69.3787250289,1.0
53.3038161517,69.2574567015,1.0
53.2895548143,69.3847095324,2.0
53.2987394795,69.3852853804,1.0
53.3120104978,69.3912827974,1.0
53.2658596643,69.3790987439,1.0
53.267852111,69.3656078183,1.0
53.3270959669,69.2622891489,1.0
53.285291161,69.3672346862,1.0
53.2835105579,69.3941360852,2.0
53.269504042,69.4232510163,1.0
53.29203352,69.3960260343,1.0
53.2819013318,69.3759305462,1.0
53.2836017988,69.3768701596,1.0
53.2750576492,69.37473907,1.0
53.3112811103,69.3930878421,2.0
53.2570504553,69.4047731194,1.0
53.2728750547,69.3928491422,1.0
53.3151491952,69.3893858452,2.0
53.2957941031,69.3816630331,1.0
53.3292176224,69.2631789162,1.0
53.2996109989,69.4318296444,1.0
53.2892733139,69.4098609695,1.0
53.280697316,69.3593829942,1.0
53.2859328034,69.3645622981,1.0
53.2790251148,69.3686426608,1.0
53.2771149029,69.3669041334,1.0
53.2902439217,69.399657187,1.0
53.2875671474,69.4372644622,1.0
53.2849939824,69.3701691297,1.0
53.2717797051,69.4121197727,1.0
53.2806880828,69.3663873915,1.0
53.2783958622,69.3621187623,1.0
53.2885272383,69.3738755958,1.0
53.2708240365,69.3768307432,1.0
53.271179264,69.4078038515,2.0
53.3308748828,69.2606086005,1.0
53.2821047012,69.3995237932,1.0
53.2828099635,69.3841882542,1.0
53.2698529019,69.4086646675,1.0
53.290010317,69.3826153852,2.0
53.2688329391,69.3910926704,1.0
53.286305892,69.4132448348,1.0
53.3151916768,69.3877837693,1.0
53.3046725987,69.3911906006,1.0
53.3054712403,69.2605251547,1.0
53.3162623281,69.3927223452,1.0
53.2925866576,69.3787028076,1.0
53.2860163631,69.3860118051,1.0
53.2843914599,69.3810666468,2.0
53.2953854854,69.4356670316,1.0
53.2703214385,69.4035153873,1.0
53.3522805215,69.4846887431,1.0
53.2528587503,69.3642842438,1.0
53.2842507958,69.4285888087,1.0
53.2722026307,69.4295483734,1.0
53.2811427818,69.4034438499,1.0
53.2851045672,69.4265587172,1.0
53.2869320163,69.4136008334,1.0
53.2804812861,69.3695400245,1.0
53.3167063639,69.2586724163,1.0
53.3550896471,69.4908308498,1.0
53.2530612169,69.3680052758,1.0
53.2860277996,69.3746743941,1.0
53.2984265644,69.3861137073,1.0
53.286696618,69.4143415165,1.0
53.2641215116,69.377986539,1.0
53.3325308541,69.2618436042,1.0
53.2925099962,69.3308875059,1.0
53.2844969041,69.3943688241,2.0
53.2685590011,69.4055876148,1.0
53.2798599556,69.3760838343,1.0
53.2721120433,69.3873676621,1.0
53.3311487852,69.2690943091,1.0
53.2789593976,69.3815627242,1.0
53.3548238568,69.4918338497,1.0
53.2726993937,69.425644062,1.0
53.2705229933,69.3824569444,1.0
53.3257169112,69.2545503154,2.0
53.26653261,69.3886179638,1.0
53.2799821749,69.35878879,1.0
53.3087264518,69.3930573519,1.0
53.2988683336,69.4340324318,1.0
53.2731725454,69.4056425862,1.0
53.2897754888,69.4013116312,1.0
53.2924779423,69.3314789349,1.0
53.2877915094,69.4099264208,2.0
53.278169205,69.3921227329,1.0
53.2950699895,69.3814836866,1.0
53.3148034587,69.2496828872,1.0
53.2867159711,69.3644147744,1.0
53.2902101587,69.3394557288,1.0
53.3180785751,69.2597468171,1.0
53.2581063022,69.4145501687,1.0
53.2713802609,69.3784984826,1.0
53.298884846,69.412516037,1.0
53.2802037352,69.3699518294,1.0
53.3018168408,69.3980079975,1.0
53.26738926,69.3975334353,1.0
53.2760438255,69.3628177943,1.0
53.283352018,69.3730546195,1.0
53.2867499482,69.40268376,1.0
53.2803576775,69.3581445642,1.0
53.2825077226,69.4094020048,1.0
53.3258291814,69.2646360561,1.0
53.3135795001,69.3968150516,1.0
53.2631602072,69.4080582521,1.0
53.3058182581,69.3941370287,1.0
53.286917757,69.3991167476,1.0
53.3240296165,69.2591174259,1.0
53.2961848816,69.3833304408,1.0
53.275720514,69.4182507904,1.0
53.2600513806,69.359426211,1.0
53.2885238312,69.376230322,1.0
53.3338484125,69.2573303918,1.0
53.2736724966,69.4033801809,1.0
53.2933961646,69.3864954878,1.0
53.2699830499,69.3963853346,1.0
53.2767595018,69.3794124961,1.0
53.2830746947,69.4010501848,1.0
53.2703738597,69.3721352898,1.0
53.2817721115,69.3572525625,1.0
53.2999492578,69.3843583479,1.0
53.2922403405,69.3831477106,2.0
53.3159619027,69.2536499468,1.0
53.2735286909,69.3936086006,1.0
53.2831910209,69.379162735,1.0
53.2949814945,69.37733332,1.0
53.2863602999,69.3699309964,1.0
53.26291111,69.3698969614,1.0
53.2713013169,69.4048935986,1.0
53.2619609186,69.4070194565,1.0
53.2944516863,69.3891899376,1.0
53.2772186442,69.3679517343,1.0
53.2997043102,69.3956510786,1.0
53.2813747991,69.3733297476,1.0
53.2868566922,69.3865435858,1.0
53.2840055235,69.3737869032,1.0
53.2914334987,69.3847730291,2.0
53.2758140456,69.3687122279,1.0
53.2971191,69.3972626381,1.0
53.289617909,69.3878169241,1.0
53.2663555906,69.3673355871,1.0
53.2842790805,69.3582521963,1.0
53.2926642022,69.3384777369,1.0
53.3286000906,69.2628192996,1.0
53.285169057,69.396905047,1.0
53.3086227253,69.3908937183,1.0
53.2756421276,69.4067474889,1.0
53.3228199484,69.2521307476,2.0
53.3078728711,69.3918983958,1.0
53.2813534114,69.3996211872,1.0
53.3145130589,69.3841255945,2.0
53.3235091815,69.2526588356,1.0
53.2677121536,69.3757272724,1.0
53.2849614212,69.4277502779,2.0
53.312572163,69.3860288536,1.0
53.2794871362,69.3971399048,1.0
53.2863993569,69.4051522552,1.0
53.281959216,69.3634864834,1.0
53.2712975135,69.4198969393,1.0
53.2865741517,69.4015213295,1.0
53.2701464071,69.4248414855,2.0
53.2853069962,69.403542924,1.0
53.2616176846,69.3648481568,1.0
53.2913157914,69.4158772269,1.0
53.2822994196,69.3681610709,2.0
53.2961565296,69.4048003819,1.0
53.2996027389,69.3854917543,1.0
53.2560025054,69.3554709964,1.0
53.2810140158,69.35750467,1.0
53.2756648268,69.381760177,1.0
53.2838259657,69.402146235,1.0
53.2826476971,69.4312226658,2.0
53.2559648085,69.3796742648,1.0
